ID,user_log_num,course_log_num,take_course_num,log_num,server_nagivate,server_access,browser_problem,browser_page_close,server_discussion,sequential_count,video_count,problem_30,log_frequency,day_18,day_19,day_23,day_24,day_25,day_26,day_27,day_28,day_29,day_30,unique_object_count,first_day,second_day
14,102,878119,1,102,20,60,9,5,0,43,5,20,0.233333333,0,0,0,0,0,23,0,0,0,0,44,14,16
20,646,878119,6,142,35,59,0,34,1,28,12,20,0.366666667,0,4,0,8,14,11,0,0,0,0,27,47,41
23,646,334927,6,113,18,53,0,28,0,34,14,7,0.233333333,4,0,0,0,0,0,0,5,0,0,20,41,57
26,308,878119,3,265,21,140,4,61,1,116,31,20,0.2,0,81,0,0,7,0,10,0,0,0,43,81,98
48,172,334927,1,172,15,61,14,41,0,54,27,7,0.166666667,0,0,19,0,0,0,0,47,32,0,49,76,77
51,1589,34988,9,1238,71,320,3,237,175,419,175,108,0.866666667,19,90,19,3,7,47,26,7,167,53,85,359,310
53,484,878119,3,482,45,148,26,114,51,113,67,20,0.466666667,6,89,4,0,4,0,0,0,198,0,64,263,11
55,281,334927,2,280,48,84,16,62,23,52,29,7,0.333333333,11,9,0,0,0,8,26,4,0,12,57,72,11
69,67,878119,1,67,4,43,2,8,0,41,7,20,0.266666667,16,9,0,0,0,0,3,0,7,0,24,21,0
70,185,334927,2,128,20,63,15,7,16,34,3,7,0.433333333,4,11,0,6,0,9,11,10,10,0,40,31,49
76,115,878119,1,115,7,61,19,13,0,51,6,20,0.2,12,0,0,30,0,0,0,0,0,0,52,41,41
80,135,334927,2,38,5,22,6,1,0,19,2,7,0.133333333,0,0,0,0,9,22,0,5,2,0,24,9,22
88,325,878119,1,325,34,132,29,66,34,91,19,20,0.333333333,4,35,0,0,4,0,0,0,0,0,52,87,31
95,86,878119,4,83,18,26,19,1,2,24,1,20,0.166666667,0,0,0,0,0,0,0,0,0,0,23,15,20
103,327,878119,1,327,17,192,44,12,3,200,10,20,0.333333333,26,13,0,0,0,0,0,95,48,0,69,51,24
113,251,878119,2,250,14,90,25,63,16,76,38,20,0.4,0,68,0,0,38,0,11,12,0,0,53,17,52
133,161,878119,1,161,4,57,10,51,0,55,34,20,0.1,0,42,0,0,37,0,0,0,0,0,63,42,82
152,307,878119,1,307,20,121,41,51,24,117,27,20,0.3,11,16,0,0,0,0,41,0,0,0,58,40,93
155,219,878119,1,219,30,74,34,26,22,64,3,20,0.3,4,0,0,0,3,0,0,0,0,0,49,106,57
157,124,878119,1,124,10,31,51,18,0,27,0,20,0.133333333,0,0,17,0,0,0,0,4,0,0,31,28,0
164,7,334927,1,7,3,3,0,0,0,2,0,7,0.033333333,0,0,0,0,0,0,0,0,7,0,5,7,0
171,318,878119,8,43,8,20,0,10,0,15,5,20,0.166666667,0,8,0,0,0,0,0,0,0,0,12,3,22
178,377,878119,1,377,42,89,25,67,114,56,22,20,0.5,0,12,0,0,0,35,0,1,26,0,69,69,120
195,142,334927,3,135,15,65,5,24,8,56,15,7,0.033333333,0,0,0,0,0,0,0,0,135,0,35,135,0
212,9,878119,1,9,3,4,0,1,0,3,1,20,0.033333333,0,0,0,0,0,0,0,0,0,0,8,9,0
216,160,878119,3,113,20,41,4,32,4,29,8,20,0.333333333,0,0,0,0,0,0,0,0,0,0,26,7,56
226,1,334927,1,1,1,0,0,0,0,0,0,7,0.033333333,0,0,0,0,0,0,0,0,1,0,1,1,0
240,637,334927,1,637,21,232,18,37,279,210,42,7,0.4,0,19,23,67,25,23,27,57,63,214,67,42,85
247,101,878119,1,101,17,58,9,6,0,47,4,20,0.233333333,13,0,0,0,0,0,13,0,0,0,32,31,0
249,78,334927,2,77,4,27,4,22,0,22,18,7,0.166666667,2,9,0,0,0,0,0,0,22,0,24,2,9
257,203,878119,1,203,7,80,37,43,2,80,23,20,0.333333333,0,0,0,18,30,0,14,3,0,0,61,54,24
265,579,21560,2,124,14,58,7,3,0,62,6,9,0.266666667,0,0,3,0,0,0,0,0,0,0,26,3,6
275,87,878119,2,69,14,41,1,4,2,29,3,20,0.133333333,0,0,0,0,9,6,0,0,0,0,25,48,0
282,188,878119,2,148,15,51,14,39,2,32,23,20,0.366666667,0,4,31,0,1,4,0,3,8,0,69,40,27
285,296,878119,2,288,82,54,62,29,21,73,4,20,0.2,80,0,0,0,39,4,0,0,0,0,49,119,4
286,5,334927,1,5,5,0,0,0,0,0,0,7,0.033333333,0,0,0,0,0,0,0,0,5,0,3,5,0
295,843,878119,2,516,31,181,44,130,40,147,46,20,0.366666667,57,0,0,0,12,8,0,0,140,0,80,30,65
304,277,878119,1,277,16,121,19,76,0,85,36,20,0.366666667,0,0,32,23,0,0,3,0,0,0,67,51,32
305,2,334927,1,2,2,0,0,0,0,0,0,7,0.033333333,0,0,0,0,0,0,0,0,2,0,2,2,0
322,198,334927,1,198,20,71,20,58,14,46,8,7,0.3,30,0,0,16,10,0,0,17,17,0,43,53,16
337,280,878119,2,254,19,103,38,64,5,93,0,20,0.166666667,0,0,0,0,0,0,132,62,0,0,46,27,0
344,419,878119,2,408,8,139,52,110,31,140,41,20,0.333333333,0,74,0,0,45,2,4,10,32,0,80,7,45
349,356,878119,2,232,17,58,53,49,0,77,23,20,0.2,0,0,0,0,49,20,0,0,0,0,51,65,38
360,9,334927,1,9,2,3,0,2,0,2,2,7,0.033333333,0,0,0,0,0,0,0,0,9,0,5,9,0
379,333,334927,2,1,1,0,0,0,0,0,0,7,0.033333333,0,0,0,0,0,0,0,0,1,0,1,1,0
387,208,878119,1,208,37,51,31,41,3,66,23,20,0.333333333,0,9,0,0,24,0,33,19,85,0,41,48,24
390,148,878119,1,148,10,53,37,28,0,37,13,20,0.133333333,0,27,0,0,0,0,74,0,0,0,37,121,0
403,75,878119,1,75,13,45,9,2,2,38,0,20,0.133333333,0,0,0,0,0,0,12,0,0,0,37,28,47
414,393,878119,2,380,37,110,36,90,8,111,62,20,0.366666667,0,30,0,87,0,0,0,0,67,0,83,42,125
419,15,334927,2,1,1,0,0,0,0,0,0,7,0.033333333,0,0,0,0,0,0,0,0,1,0,1,1,0
421,3,878119,1,3,3,0,0,0,0,0,0,20,0.033333333,0,0,0,0,0,0,0,0,0,0,2,3,0
428,68,334927,1,68,3,34,3,14,0,33,13,7,0.066666667,0,0,0,0,0,0,0,14,54,0,21,14,54
429,134,334927,2,133,17,99,9,4,0,74,2,7,0.2,0,0,0,11,0,40,0,51,8,0,32,48,15
432,791,878119,6,147,24,74,20,14,5,44,0,20,0.4,5,0,0,0,6,0,0,9,0,0,26,21,45
452,276,878119,2,236,50,57,29,45,5,49,28,20,0.266666667,0,0,0,0,0,0,12,114,0,0,54,13,9
475,128,334927,1,128,7,42,16,36,0,33,23,7,0.133333333,0,0,0,0,0,0,0,0,50,0,41,33,0
487,7,334927,1,7,3,2,0,1,0,1,1,7,0.033333333,0,0,0,0,0,0,0,0,7,0,6,7,0
497,1,43183,1,1,1,0,0,0,0,0,0,24,0.033333333,0,0,0,0,0,0,0,0,0,0,1,1,0
505,1010,334927,6,227,44,76,20,3,62,38,9,7,0.433333333,0,0,11,6,0,0,0,46,11,0,46,71,15
507,9,334927,2,7,5,0,0,0,1,0,0,7,0.033333333,0,0,0,0,0,0,0,0,7,0,6,7,0
527,1,334927,1,1,1,0,0,0,0,0,0,7,0.033333333,0,0,0,0,0,0,0,0,1,0,1,1,0
552,261,878119,2,249,49,105,39,12,9,96,6,20,0.566666667,12,9,0,0,8,4,44,1,2,0,55,33,2
558,390,334927,2,96,13,60,12,1,6,48,0,7,0.133333333,0,0,0,0,0,0,0,0,41,0,30,22,0
561,246,34988,2,206,15,38,35,24,4,82,22,108,0.1,0,0,0,1,0,0,0,0,129,76,37,1,0
572,64,878119,1,64,8,18,2,15,3,24,6,20,0.033333333,0,0,0,0,0,0,0,0,0,0,26,64,0
583,5,878119,1,5,2,2,0,1,0,1,0,20,0.033333333,0,0,0,0,0,0,0,0,0,0,4,5,0
584,91,878119,2,90,8,30,0,28,0,28,23,20,0.133333333,12,26,0,0,0,0,0,0,0,0,42,42,12
589,106,43183,1,106,5,30,0,23,1,46,17,24,0.1,0,0,19,11,0,0,0,0,0,0,18,76,19
594,429,878119,2,427,32,129,80,75,44,137,26,20,0.366666667,0,2,4,1,0,0,85,0,0,0,82,144,17
606,894,878119,3,818,68,281,33,248,4,242,149,20,0.533333333,10,0,0,7,37,37,12,12,0,0,71,153,258
609,91,334927,2,90,11,35,5,24,0,24,12,7,0.133333333,0,0,0,0,0,0,0,0,7,0,28,15,0
615,190,878119,1,190,23,59,35,40,0,53,19,20,0.1,0,0,0,0,116,0,0,0,0,0,53,36,38
630,128,148500,3,66,10,49,0,6,1,19,0,29,0.066666667,0,0,0,0,0,0,0,0,0,0,10,53,0
635,396,43183,2,189,10,32,83,25,0,44,15,24,0.2,0,21,0,0,35,0,0,0,39,0,55,3,0
638,327,878119,1,327,55,113,22,82,1,72,43,20,0.666666667,5,5,0,43,0,0,0,5,28,0,79,63,22
645,42,878119,1,42,6,18,3,2,0,22,1,20,0.066666667,0,0,0,0,0,0,0,0,0,0,20,35,7
652,85,878119,1,85,14,28,2,24,1,23,13,20,0.1,0,0,0,0,0,0,0,0,0,0,32,15,3
660,745,878119,5,179,13,72,23,42,0,53,19,20,0.2,0,0,0,0,0,0,0,0,37,0,62,11,127
661,120,878119,1,120,14,39,10,33,1,31,16,20,0.166666667,0,0,0,0,0,0,0,0,0,0,40,36,0
663,125,878119,1,125,16,72,11,7,0,57,7,20,0.266666667,0,7,0,0,0,7,9,0,0,0,39,55,36
680,106,878119,1,106,16,33,5,29,1,29,16,20,0.1,0,0,13,0,0,0,0,0,0,0,43,17,0
685,86,878119,4,82,14,27,1,1,15,39,1,20,0.1,0,0,0,0,0,0,0,0,0,0,19,63,0
686,1,43183,1,1,1,0,0,0,0,0,0,24,0.033333333,0,0,0,0,0,0,0,0,0,0,1,1,0
690,349,334927,1,349,27,157,25,74,5,131,53,7,0.3,0,3,0,0,0,2,0,0,64,72,71,9,27
691,170,878119,2,85,15,53,6,3,0,46,6,20,0.2,2,0,0,0,0,0,0,14,7,0,37,50,0
693,556,878119,2,475,36,146,75,115,0,138,65,20,0.433333333,23,124,0,98,0,0,0,0,7,0,79,8,91
695,681,878119,8,131,24,79,9,10,0,54,5,20,0.266666667,0,46,0,0,0,0,0,0,0,0,29,18,70
700,5,334927,1,5,2,2,0,1,0,1,0,7,0.033333333,0,0,0,0,0,0,0,0,5,0,4,5,0
703,207,878119,1,207,23,76,17,48,2,62,29,20,0.3,20,0,0,0,0,0,0,0,47,0,53,48,0
709,238,878119,3,236,26,87,21,61,3,60,24,20,0.4,0,0,30,12,0,0,22,3,32,0,52,33,29
713,1,43183,1,1,1,0,0,0,0,0,0,24,0.033333333,0,0,0,0,0,0,0,0,0,0,1,1,0
723,17,334927,2,12,5,4,0,2,0,1,1,7,0.066666667,0,0,0,0,0,0,0,0,5,0,7,7,5
726,253,878119,2,125,16,55,21,8,4,54,9,20,0.3,0,0,0,0,2,0,0,0,0,0,52,16,4
727,327,878119,3,56,8,28,9,5,2,16,0,20,0.166666667,0,0,0,0,0,0,4,0,11,0,20,21,0
733,221,878119,4,86,12,39,0,23,2,30,6,20,0.066666667,0,74,0,0,0,0,0,0,0,0,25,74,12
743,31,43183,2,27,11,9,0,4,2,2,1,24,0.1,0,0,0,0,0,0,0,0,0,0,9,9,16
751,398,878119,1,398,45,143,44,73,34,129,13,20,0.466666667,32,0,0,0,3,76,41,0,0,0,67,140,60
752,344,334927,3,162,12,50,23,39,32,18,2,7,0.333333333,0,0,0,0,0,0,0,36,10,0,21,62,31
758,216,878119,2,187,13,70,30,41,0,58,20,20,0.366666667,0,0,1,0,7,31,0,14,27,23,51,1,7
762,16,334927,1,16,3,9,0,2,0,6,2,7,0.066666667,0,0,0,0,0,0,6,0,10,0,12,6,0
768,1,334927,1,1,1,0,0,0,0,0,0,7,0.033333333,0,0,0,0,0,0,0,0,1,0,1,1,0
771,72,878119,3,45,7,11,18,0,0,14,0,20,0.066666667,0,0,0,0,0,0,0,0,0,0,15,18,0
788,178,878119,2,168,17,68,21,35,0,54,18,20,0.233333333,0,0,13,0,0,0,58,0,0,0,51,40,13
790,1114,878119,2,158,20,68,42,2,0,73,1,20,0.2,0,0,0,23,0,0,0,0,0,0,59,11,23
791,511,334927,4,165,10,58,11,45,12,42,25,7,0.233333333,0,0,0,0,0,45,0,0,9,0,39,68,32
797,72,334927,3,1,1,0,0,0,0,0,0,7,0.033333333,0,0,0,0,0,0,0,0,1,0,1,1,0
802,314,878119,2,264,13,115,25,55,0,116,40,20,0.2,0,0,0,0,0,0,42,0,0,0,64,37,168
805,114,334927,1,114,10,40,20,21,13,30,5,7,0.166666667,0,0,0,0,0,0,0,0,25,0,26,76,0
819,46,878119,1,46,3,16,0,14,0,14,12,20,0.1,0,0,0,0,0,0,0,0,0,0,13,30,0
821,577,334927,4,288,40,112,27,68,1,63,33,7,0.4,0,0,0,0,44,0,60,6,5,95,72,22,31
825,357,878119,2,309,29,87,30,63,1,129,41,20,0.166666667,0,0,0,0,0,0,0,0,0,0,59,121,0
827,84,334927,1,84,13,51,9,1,1,47,2,7,0.1,0,0,0,0,0,0,0,32,4,48,28,32,4
833,32,148500,1,32,6,4,16,0,0,6,0,29,0.033333333,0,0,0,0,0,0,0,0,0,0,10,32,0
843,1,878119,1,1,1,0,0,0,0,0,0,20,0.033333333,0,0,0,0,0,0,0,0,0,0,1,1,0
844,38,878119,1,38,3,14,0,11,0,12,9,20,0.066666667,0,0,0,0,0,0,0,0,0,0,13,36,2
848,279,878119,2,155,14,29,42,28,14,35,16,20,0.133333333,0,21,0,0,0,0,0,0,0,0,52,23,132
853,405,334927,2,308,36,98,21,75,49,64,22,7,0.433333333,40,7,0,0,0,0,0,4,46,0,43,113,39
870,514,878119,2,211,22,75,18,59,12,56,15,20,0.233333333,0,38,0,0,10,0,0,27,0,0,38,104,59
872,187,878119,2,183,25,61,18,46,6,40,21,20,0.3,0,0,0,0,9,0,0,52,13,0,60,8,6
895,606,334927,5,175,30,107,17,5,7,75,3,7,0.266666667,0,0,3,0,67,4,0,0,10,0,32,16,3
901,129,878119,1,129,31,32,20,24,4,27,11,20,0.166666667,0,0,0,6,3,0,0,0,0,0,43,7,8
911,262,878119,1,262,18,84,28,64,22,66,26,20,0.2,0,0,0,91,0,0,0,0,0,0,73,124,0
912,183,878119,1,183,43,51,6,44,1,41,34,20,0.233333333,0,29,0,0,0,0,5,23,44,0,48,29,18
916,189,878119,1,189,5,61,18,56,0,64,39,20,0.3,0,0,0,0,0,0,0,38,0,0,51,37,0
921,1211,878119,6,244,34,83,33,56,0,60,19,20,0.433333333,0,0,0,0,61,30,0,8,5,0,66,60,45
935,18,878119,1,18,7,4,0,4,0,4,3,20,0.033333333,0,0,0,0,0,0,0,0,0,0,6,18,0
940,1875,878119,4,637,53,208,77,161,27,185,43,20,0.433333333,17,0,128,0,0,113,0,0,0,0,81,20,312
961,7,334927,1,7,3,2,0,1,0,1,1,7,0.033333333,0,0,0,0,0,0,0,0,7,0,5,7,0
963,252,334927,1,252,22,149,27,3,0,109,0,7,0.233333333,14,90,0,0,0,29,0,0,4,61,47,14,119
980,809,34988,3,131,7,24,34,17,0,38,10,108,0.166666667,0,0,0,65,0,0,0,0,11,0,31,45,4
994,377,878119,1,377,18,169,26,89,0,171,38,20,0.2,0,0,0,0,0,0,115,24,0,0,47,8,212
1005,265,878119,2,163,23,56,19,39,1,26,15,20,0.333333333,0,0,0,0,0,17,0,6,0,0,39,50,13
1006,87,878119,1,87,7,45,3,17,1,28,9,20,0.166666667,0,0,0,16,0,0,0,0,0,0,19,58,7
1007,228,878119,1,228,21,79,37,51,2,68,22,20,0.166666667,0,0,0,8,0,25,0,0,0,0,66,82,8
1015,109,878119,1,109,12,36,6,29,0,39,11,20,0.166666667,0,0,0,0,0,0,47,0,0,0,34,16,0
1024,289,878119,1,289,14,70,52,61,2,99,41,20,0.233333333,0,0,0,0,0,79,0,97,0,0,78,1,0
1030,834,148500,2,829,46,163,5,135,292,216,73,29,0.5,0,7,0,0,0,0,0,0,0,0,73,195,2
1031,14,878119,1,14,5,7,0,2,0,6,0,20,0.033333333,0,0,0,0,0,0,0,0,0,0,5,14,0
1033,147,878119,1,147,31,77,26,0,3,57,0,20,0.2,13,0,27,0,0,0,0,0,48,0,52,76,3
1035,385,334927,2,157,29,57,16,37,10,21,1,7,0.233333333,0,10,0,0,0,0,37,0,11,0,20,58,52
1046,15,334927,1,15,2,5,5,0,0,5,0,7,0.033333333,0,0,0,0,0,0,0,0,15,0,7,15,0
1065,201,878119,1,201,10,71,20,50,1,88,19,20,0.133333333,37,61,0,0,0,0,0,0,0,0,49,37,61
1072,58,34988,3,2,2,0,0,0,0,0,0,108,0.066666667,0,0,0,1,0,0,0,0,0,0,1,1,0
1078,374,878119,2,344,52,93,58,73,9,68,33,20,0.5,107,2,10,0,0,0,70,3,7,0,82,33,11
1080,1463,878119,7,292,21,132,19,75,0,104,31,20,0.5,0,0,0,0,0,0,0,4,107,0,55,148,12
1099,561,43183,4,518,41,91,51,60,46,163,79,24,0.3,62,32,0,0,65,0,0,2,0,0,69,12,175
1103,100,334927,2,93,13,41,17,2,15,22,2,7,0.3,0,0,0,0,0,0,0,0,14,0,24,9,0
1133,347,43183,1,347,30,73,68,53,2,100,51,24,0.3,55,0,17,9,0,4,0,0,23,106,76,55,4
1145,137,878119,3,132,11,49,16,37,2,43,5,20,0.233333333,0,0,0,0,0,0,0,18,0,0,30,53,6
1147,2058,148500,10,704,34,107,168,86,97,184,54,29,0.3,0,0,0,0,0,0,0,125,157,37,135,216,135
1150,1203,878119,2,606,63,153,43,127,118,128,63,20,0.366666667,0,0,0,0,0,0,0,0,101,0,103,451,9
1164,35,878119,3,8,3,5,0,0,0,4,0,20,0.033333333,0,0,0,0,0,0,0,0,0,0,7,8,0
1174,150,334927,1,150,35,83,4,12,2,56,10,7,0.266666667,16,10,0,35,17,35,8,0,20,0,31,9,35
1181,31,334927,1,31,4,19,0,2,5,15,0,7,0.066666667,0,0,0,0,0,0,0,0,15,16,14,15,16
1182,1461,334927,2,867,97,192,38,113,395,95,9,7,0.733333333,30,3,29,0,45,10,40,4,24,32,37,278,128
1213,302,334927,4,56,9,20,8,16,0,13,1,7,0.033333333,0,0,0,0,0,0,0,0,56,0,16,56,0
1223,860,148500,4,513,33,90,172,71,17,120,43,29,0.433333333,22,63,85,20,31,0,2,58,0,0,89,70,107
1225,100,878119,1,100,8,24,19,20,8,30,2,20,0.1,0,0,0,0,0,0,0,0,0,0,26,28,0
1235,59,878119,1,59,7,23,1,18,0,16,9,20,0.133333333,28,0,0,0,0,0,0,0,0,0,19,36,18
1240,38,878119,1,38,6,24,3,2,0,18,1,20,0.133333333,0,0,0,0,0,0,0,0,0,0,16,20,6
1243,205,878119,1,205,8,57,33,52,0,63,33,20,0.166666667,0,0,0,0,0,15,43,76,0,0,69,82,108
1252,1262,148500,6,853,47,252,149,93,98,276,56,29,0.7,27,56,0,6,56,41,12,12,71,0,113,20,194
1253,125,878119,1,125,21,82,1,10,1,44,10,20,0.266666667,10,15,0,0,0,0,0,0,0,0,32,56,0
1255,128,148500,7,7,2,3,0,1,0,2,1,29,0.033333333,0,0,0,0,0,0,0,0,0,0,6,7,0
1274,4,334927,1,4,2,2,0,0,0,1,0,7,0.033333333,0,0,0,0,0,0,0,0,4,0,4,4,0
1278,647,334927,2,338,66,113,55,74,9,46,15,7,0.466666667,0,0,7,3,0,25,19,2,78,0,37,11,53
1285,189,334927,2,165,6,78,15,44,0,67,18,7,0.133333333,0,61,0,0,0,17,0,0,47,0,38,78,0
1288,186,878119,2,182,18,65,19,47,1,52,20,20,0.2,47,46,0,0,26,0,10,43,0,0,45,73,46
1289,1710,148500,5,952,43,211,195,120,115,295,104,29,0.4,0,0,194,0,0,0,0,0,23,0,141,381,200
1290,383,878119,2,238,36,92,7,74,1,57,26,20,0.333333333,46,0,0,0,7,0,0,0,0,0,52,39,68
1297,13,334927,1,13,4,5,0,3,0,2,1,7,0.033333333,0,0,0,0,0,0,0,0,13,0,6,13,0
1306,1055,878119,4,259,22,121,64,4,0,117,11,20,0.333333333,0,0,3,0,6,0,4,0,136,0,49,12,80
1311,441,878119,3,302,15,198,49,9,0,193,9,20,0.233333333,0,16,0,40,159,24,45,0,0,0,60,5,40
1313,153,878119,3,71,10,46,4,2,4,32,1,20,0.2,0,12,0,0,0,0,0,0,0,0,26,12,29
1340,408,43183,1,408,34,83,86,46,23,114,38,24,0.433333333,0,0,0,0,20,1,60,0,82,0,76,59,1
1342,18,878119,3,12,4,4,0,3,0,3,1,20,0.033333333,0,0,0,0,0,0,0,0,0,0,6,12,0
1349,17,878119,1,17,3,7,0,4,2,4,1,20,0.066666667,0,0,0,0,0,0,0,0,0,0,8,5,12
1352,244,878119,3,242,25,82,20,56,10,78,27,20,0.3,0,0,8,1,4,0,9,0,0,0,54,93,8
1353,160,878119,1,160,27,70,10,26,0,42,19,20,0.166666667,0,0,0,0,0,38,0,23,9,0,54,63,50
1357,387,878119,1,387,47,133,31,87,9,105,47,20,0.6,8,0,68,8,0,104,0,0,3,6,74,53,115
1363,493,334927,3,171,24,67,11,37,7,37,22,7,0.4,0,0,0,0,3,3,0,3,12,4,30,30,30
1365,1098,43183,3,228,12,43,102,31,0,44,14,24,0.133333333,0,0,0,0,0,0,0,0,0,15,47,201,15
1377,912,878119,2,817,58,267,67,222,63,231,76,20,0.666666667,25,33,285,0,6,0,4,5,0,0,83,55,349
1381,235,148500,6,10,4,6,0,0,0,2,0,29,0.066666667,0,0,6,0,0,0,0,0,0,0,6,4,0
1390,261,878119,2,235,22,81,27,49,20,69,20,20,0.366666667,5,0,0,0,0,76,0,0,0,0,48,147,22
1391,283,878119,2,282,35,91,46,52,3,79,30,20,0.366666667,9,15,0,0,5,0,25,42,69,0,54,137,32
1393,105,334927,1,105,14,34,5,24,7,22,11,7,0.2,0,0,0,0,0,0,0,0,1,0,25,27,66
1394,146,334927,1,146,32,33,22,25,8,42,6,7,0.2,0,0,0,0,0,0,0,12,28,0,19,37,0
1399,324,878119,2,317,49,112,19,82,3,72,40,20,0.533333333,24,11,0,62,8,8,47,0,0,0,66,50,0
1405,242,21560,1,242,29,90,18,19,6,110,23,9,0.533333333,2,3,11,0,6,0,1,8,0,0,35,47,62
1409,275,878119,1,275,17,86,55,64,2,80,27,20,0.166666667,0,0,0,0,0,12,0,61,93,0,62,99,0
1413,24,878119,3,1,1,0,0,0,0,0,0,20,0.033333333,0,0,0,0,0,0,0,0,0,0,1,1,0
1422,311,334927,1,311,36,101,25,65,46,54,32,7,0.4,0,0,17,0,0,0,0,0,1,48,74,87,39
1427,325,878119,2,127,11,75,20,7,0,60,3,20,0.233333333,31,13,0,36,0,0,0,0,0,0,33,46,31
1442,190,334927,2,155,25,65,14,23,3,57,11,7,0.2,0,0,0,25,10,0,0,0,6,42,43,29,43
1446,432,878119,2,418,37,148,30,110,19,105,58,20,0.4,0,13,62,15,0,0,0,0,0,0,77,47,76
1451,457,878119,3,262,24,91,22,69,10,82,28,20,0.333333333,0,0,0,0,0,0,0,87,1,0,54,9,26
1458,66,878119,2,58,23,24,5,1,0,24,3,20,0.3,0,0,0,0,0,4,0,0,0,0,17,8,7
1469,336,334927,4,106,10,61,7,15,0,50,12,7,0.166666667,0,20,0,0,0,0,0,0,16,21,48,57,21
1472,1284,148500,4,689,53,133,228,51,53,165,47,29,0.333333333,0,0,0,0,0,0,0,23,109,1,89,418,1
1476,260,878119,1,260,46,113,21,41,1,63,11,20,0.233333333,0,0,0,13,59,0,78,0,28,0,44,62,92
1486,44,878119,2,43,8,16,0,11,1,9,7,20,0.1,0,0,0,0,0,0,0,0,0,0,15,22,0
1489,78,878119,1,78,6,29,1,23,0,25,16,20,0.1,0,0,0,0,0,0,0,0,0,0,28,31,0
1496,182,878119,1,182,45,72,13,23,0,86,15,20,0.5,2,17,32,25,1,0,0,0,0,0,39,27,14
1500,183,878119,1,183,18,66,17,48,1,51,18,20,0.2,0,0,0,0,0,0,0,0,0,0,37,34,0
1502,270,148500,3,233,7,49,44,42,9,96,21,29,0.166666667,0,0,0,0,0,0,73,0,0,0,53,35,0
1520,1010,878119,6,451,66,166,68,12,57,137,13,20,0.466666667,0,0,0,7,0,49,32,75,0,0,69,23,0
1541,6,148500,1,6,3,2,0,1,0,2,0,29,0.033333333,0,0,0,0,0,0,0,0,0,0,5,6,0
1556,159,878119,1,159,19,87,18,9,0,65,9,20,0.366666667,4,0,0,0,0,0,0,0,30,0,38,79,0
1575,227,878119,2,226,14,73,55,46,1,59,19,20,0.3,0,4,0,0,4,0,0,0,73,0,48,15,4
1576,77,148500,1,77,22,25,7,8,1,16,2,29,0.2,0,0,0,0,0,0,0,0,0,0,18,4,25
1587,574,34988,12,42,14,22,0,6,0,7,0,108,0.266666667,0,0,5,6,0,0,0,0,0,0,11,3,3
1597,3,43183,1,3,3,0,0,0,0,0,0,24,0.033333333,0,0,0,0,0,0,0,0,0,0,2,3,0
1600,178,878119,7,98,25,53,0,10,3,24,7,20,0.266666667,0,0,0,0,0,0,0,0,6,0,27,56,0
1614,103,878119,2,21,2,11,0,8,0,8,0,20,0.1,0,0,0,0,0,0,0,0,0,0,7,10,3
1618,316,878119,1,316,23,71,26,51,99,71,18,20,0.266666667,0,0,0,0,11,0,0,7,101,0,44,46,101
1621,448,34988,5,301,13,35,116,29,11,92,21,108,0.066666667,0,0,0,217,0,0,0,0,0,0,98,84,0
1625,358,334927,2,297,47,50,15,11,121,42,4,7,0.333333333,23,0,0,15,0,0,0,0,41,0,29,61,61
1632,163,334927,2,162,28,49,17,36,3,32,20,7,0.2,0,0,0,0,0,0,0,13,18,46,43,25,68
1637,2034,34988,5,483,24,118,142,49,5,165,28,108,0.233333333,0,0,0,82,95,0,76,0,6,0,111,55,40
1645,2,334927,1,2,2,0,0,0,0,0,0,7,0.033333333,0,0,0,0,0,0,0,0,2,0,2,2,0
1647,335,334927,4,265,22,102,8,75,0,75,56,7,0.233333333,0,0,52,29,0,48,0,0,25,9,64,68,59
1650,70,878119,3,8,2,3,0,2,0,2,1,20,0.033333333,0,0,0,0,0,0,0,0,0,0,6,8,0
1660,87,878119,2,71,23,34,3,7,0,18,3,20,0.333333333,6,0,8,0,0,0,0,0,0,0,22,16,0
1686,183,878119,2,147,17,64,2,45,0,37,15,20,0.366666667,0,0,0,13,0,10,0,0,0,0,35,16,10
1687,170,34988,3,153,8,41,4,18,41,59,3,108,0.2,0,0,27,16,0,0,0,0,0,0,16,84,27
1701,88,334927,1,88,10,35,14,1,21,20,2,7,0.1,0,0,0,0,0,0,0,57,17,14,31,57,17
1714,169,878119,3,84,12,60,0,6,0,40,6,20,0.266666667,0,22,0,0,0,0,0,0,0,0,20,17,0
1728,446,148500,9,1,1,0,0,0,0,0,0,29,0.033333333,0,0,0,0,0,0,0,0,0,0,1,1,0
1738,81,878119,1,81,14,47,3,5,2,38,2,20,0.166666667,0,6,0,0,0,0,0,0,0,0,25,44,0
1756,187,148500,1,187,28,39,34,27,10,46,16,29,0.333333333,0,0,0,0,0,0,0,0,0,0,36,131,5
1769,281,878119,1,281,25,87,21,69,21,79,35,20,0.433333333,0,0,0,0,37,0,24,0,0,0,65,63,76
1783,196,878119,1,196,64,106,9,3,5,46,0,20,0.3,0,0,0,0,0,22,9,0,20,0,30,41,91
1785,9,878119,1,9,2,4,0,1,0,4,1,20,0.066666667,0,0,0,0,0,0,0,0,0,0,6,8,0
1796,304,878119,3,289,25,158,9,59,0,121,31,20,0.233333333,0,0,0,0,0,0,0,0,0,0,33,109,41
1807,640,74042,1,640,43,169,53,137,122,163,46,27,0.4,0,2,8,25,0,10,0,0,0,30,63,169,198
1812,54,74042,1,54,16,12,3,7,0,14,7,27,0.1,0,0,0,1,30,23,0,0,0,0,12,1,30
1815,154,74042,2,151,13,46,10,3,31,65,5,27,0.2,10,0,0,0,0,15,0,0,4,0,27,43,0
1822,995,74042,2,792,63,138,54,101,234,182,43,27,0.666666667,2,2,109,0,8,5,0,0,0,0,81,202,373
1823,290,74042,3,22,6,8,0,5,0,3,3,27,0.066666667,0,14,0,0,0,8,0,0,0,0,9,22,0
1827,718,74042,1,718,49,155,72,112,180,174,39,27,0.433333333,180,126,20,45,0,9,0,0,65,66,79,165,50
1863,361,74042,1,361,36,92,39,56,44,90,40,27,0.3,0,0,0,89,19,8,54,0,0,0,74,120,29
1871,12,74042,1,12,2,5,0,3,0,4,2,27,0.033333333,0,0,0,0,0,12,0,0,0,0,6,12,0
1901,2,74042,1,2,2,0,0,0,0,0,0,27,0.033333333,0,0,0,0,0,0,2,0,0,0,2,2,0
1909,965,74042,4,1,1,0,0,0,0,0,0,27,0.033333333,0,0,0,0,0,0,1,0,0,0,1,1,0
1918,18,74042,2,1,1,0,0,0,0,0,0,27,0.033333333,0,0,0,0,0,0,1,0,0,0,1,1,0
1928,57,74042,1,57,7,11,6,9,9,15,1,27,0.1,0,0,2,0,0,0,54,0,0,1,12,3,0
1936,61,74042,3,52,2,21,2,12,3,18,7,27,0.066666667,0,0,0,0,0,0,18,0,0,0,16,34,0
1939,61,74042,4,15,7,3,0,2,0,3,2,27,0.066666667,0,10,0,0,0,0,5,0,0,0,11,10,5
1943,415,74042,1,415,42,127,34,96,30,101,51,27,0.533333333,0,0,22,0,17,0,38,0,16,35,69,83,114
1953,222,652701,1,222,23,72,4,46,45,35,20,3,0.333333333,0,0,0,18,0,0,27,0,30,53,39,33,0
1956,176,652701,1,176,27,104,4,36,1,63,0,3,0.3,0,0,0,12,58,0,49,0,0,0,24,9,33
1966,110,148039,3,102,14,33,6,18,3,30,8,18,0.133333333,0,0,0,2,0,56,11,0,0,33,20,2,0
1968,159,652701,1,159,19,49,17,24,12,12,4,3,0.166666667,0,0,0,0,0,0,48,0,0,0,28,28,48
1971,84,148039,4,12,6,4,0,1,0,1,1,18,0.133333333,0,0,0,0,0,0,3,0,0,0,7,2,0
1975,124,652701,1,124,21,49,8,18,18,36,7,3,0.066666667,0,0,0,0,0,25,99,0,0,0,25,25,99
1996,9,652701,1,9,2,3,0,2,0,2,2,3,0.033333333,0,0,0,0,0,0,9,0,0,0,7,9,0
2028,678,652701,4,165,13,49,32,39,18,3,0,3,0.233333333,0,3,0,0,59,1,4,2,0,0,17,96,0
2062,54,652701,1,54,7,18,5,13,0,11,10,3,0.1,0,0,44,0,0,0,6,4,0,0,20,44,0
2063,391,652701,2,224,33,69,18,40,39,39,15,3,0.166666667,0,0,116,76,14,0,14,4,0,0,28,116,76
2064,51,652701,1,51,7,13,7,10,5,10,7,3,0.066666667,0,0,0,0,36,0,15,0,0,0,25,36,0
2070,439,221833,2,419,26,175,74,14,29,189,3,58,0.2,0,0,0,0,123,162,38,44,34,18,67,123,162
2072,1294,221833,1,1294,106,216,169,151,198,383,75,58,0.633333333,0,205,0,41,0,0,114,0,36,0,129,199,405
2089,164,652701,3,128,25,24,12,16,15,4,2,3,0.133333333,0,0,0,0,0,0,29,0,0,0,16,68,0
2090,858,148039,3,403,49,144,46,101,8,131,0,18,0.333333333,17,0,86,36,0,0,0,16,0,0,30,48,152
2093,393,652701,1,393,88,113,11,69,52,27,16,3,0.7,0,0,129,17,7,7,11,5,21,0,35,174,32
2098,55,652701,1,55,7,17,6,13,0,14,8,3,0.066666667,0,0,0,0,0,4,51,0,0,0,24,4,51
2099,822,221833,1,822,81,158,152,131,41,307,23,58,0.366666667,0,0,0,0,60,25,56,213,43,0,73,91,73
2107,104,652701,1,104,13,53,1,21,1,44,14,3,0.066666667,0,0,0,0,0,2,102,0,0,0,23,2,102
2108,158,652701,1,158,29,56,3,30,19,21,10,3,0.166666667,42,0,0,0,0,0,48,0,31,0,32,13,42
2117,142,652701,2,74,21,18,6,2,13,1,0,3,0.133333333,0,35,0,0,0,0,9,0,0,0,14,16,0
2121,49,652701,1,49,10,33,0,1,1,28,1,3,0.1,0,0,0,0,0,10,28,11,0,0,16,10,28
2134,108,148039,2,86,5,33,12,19,0,34,4,18,0.1,0,0,0,0,0,0,0,39,0,31,21,16,39
2135,134,652701,2,133,15,41,4,29,15,15,11,3,0.266666667,0,0,30,14,0,0,20,0,0,0,27,1,30
2158,9,652701,2,8,5,3,0,0,0,2,0,3,0.066666667,0,0,0,0,0,6,2,0,0,0,4,6,2
2159,11,652701,1,11,2,4,0,2,0,3,3,3,0.033333333,0,0,0,0,0,0,11,0,0,0,9,11,0
2160,1754,148039,6,422,40,118,52,79,53,98,28,18,0.5,0,9,0,0,0,0,7,63,20,0,53,105,31
2177,17,652701,1,17,5,5,0,1,3,5,1,3,0.033333333,0,0,0,0,0,0,17,0,0,0,7,17,0
2188,98,652701,1,98,8,25,5,18,31,13,9,3,0.033333333,0,0,0,0,0,0,98,0,0,0,28,98,0
2189,2697,221833,7,718,86,262,68,64,41,267,25,58,0.8,19,62,9,5,40,8,9,12,10,0,78,185,37
2203,809,221833,3,384,28,95,48,67,17,103,36,58,0.766666667,29,46,20,4,11,17,4,9,9,0,79,63,24
2247,21,652701,2,17,5,5,0,2,2,4,2,3,0.033333333,0,0,0,0,0,0,17,0,0,0,12,17,0
2253,157,652701,3,125,16,54,7,13,13,37,10,3,0.166666667,0,0,31,0,75,2,7,0,0,0,27,10,31
2262,221,148039,17,95,10,25,10,16,3,30,8,18,0.133333333,0,0,0,0,1,0,0,23,0,0,18,15,79
2266,91,652701,1,91,19,29,1,20,1,12,8,3,0.066666667,0,0,0,0,0,0,41,0,0,0,30,50,0
2271,228,652701,1,228,28,52,22,38,21,10,3,3,0.2,0,0,34,4,7,2,14,0,0,0,29,167,0
2274,6,652701,1,6,4,0,0,0,1,0,0,3,0.033333333,0,0,0,0,0,0,6,0,0,0,4,6,0
2279,259,652701,1,259,34,60,18,39,48,12,9,3,0.3,66,0,0,0,39,0,10,7,0,0,39,57,26
2290,121,652701,1,121,22,34,0,23,20,11,6,3,0.133333333,0,0,0,0,0,8,35,0,0,0,21,65,0
2302,72,652701,1,72,15,21,1,12,8,0,0,3,0.166666667,0,0,0,0,0,0,7,0,0,0,9,1,0
2304,651,652701,9,217,39,48,20,31,27,12,6,3,0.133333333,0,0,0,0,0,61,13,0,0,0,30,122,0
2312,45,652701,1,45,12,13,2,9,0,10,6,3,0.033333333,0,0,0,0,0,0,45,0,0,0,20,45,0
2316,142,652701,1,142,29,42,6,29,12,22,15,3,0.133333333,0,0,0,0,0,0,76,30,20,0,28,46,20
2318,14,41550,1,14,5,6,0,3,0,1,0,21,0.066666667,0,0,4,0,0,0,0,0,0,0,5,10,4
2323,2,221833,1,2,2,0,0,0,0,0,0,58,0.033333333,0,0,0,0,0,0,2,0,0,0,2,2,0
2327,436,652701,6,1,1,0,0,0,0,0,0,3,0.033333333,0,0,0,0,0,0,1,0,0,0,1,1,0
2333,797,652701,6,192,51,49,23,27,2,4,1,3,0.466666667,0,0,40,0,6,0,4,0,8,0,24,19,100
2338,2,221833,1,2,2,0,0,0,0,0,0,58,0.033333333,0,0,0,0,0,0,2,0,0,0,1,2,0
2339,246,652701,1,246,74,37,17,14,51,11,4,3,0.4,0,0,0,0,0,0,60,0,0,0,26,11,153
2347,88,652701,1,88,9,17,15,15,15,14,12,3,0.033333333,0,0,0,0,0,0,88,0,0,0,27,88,0
2351,118,652701,2,57,11,19,5,18,1,18,1,3,0.066666667,0,0,0,0,0,0,55,2,0,0,18,55,2
2355,1791,652701,6,143,10,69,8,37,4,52,15,3,0.133333333,0,0,0,0,0,79,13,26,25,0,26,79,13
2365,9,652701,1,9,2,3,0,2,0,2,2,3,0.033333333,0,0,0,0,0,0,9,0,0,0,7,9,0
2367,1356,652701,6,284,57,101,15,42,20,10,2,3,0.566666667,0,7,0,30,0,0,6,0,7,0,25,9,123
2385,797,148039,6,442,60,102,38,70,21,110,33,18,0.5,0,0,0,7,115,30,65,19,0,7,51,129,20
2389,127,652701,1,127,23,33,6,23,2,11,7,3,0.1,0,0,0,0,0,0,35,0,0,0,25,76,35
2390,83,652701,1,83,7,28,2,23,8,21,14,3,0.1,0,0,0,0,0,0,31,0,50,0,24,52,0
2393,795,652701,4,229,37,91,5,54,2,60,29,3,0.2,0,0,33,25,27,0,50,66,0,0,27,28,33
2396,259,652701,2,135,28,49,2,32,11,11,8,3,0.4,0,0,0,0,9,10,25,0,0,0,28,43,17
2404,18,148039,1,18,6,7,0,3,0,4,2,18,0.066666667,0,0,0,0,0,0,0,1,0,0,10,17,0
2406,5,652701,1,5,5,0,0,0,0,0,0,3,0.066666667,0,0,0,0,0,0,2,0,0,3,2,2,0
2407,85,148039,1,85,12,37,0,24,0,20,11,18,0.233333333,17,7,0,0,0,0,0,7,12,8,19,17,7
2426,276,652701,2,37,12,8,0,5,11,3,0,3,0.066666667,0,0,0,19,0,0,18,0,0,0,6,19,0
2435,521,652701,5,312,65,67,13,44,15,14,6,3,0.6,0,0,0,19,80,4,4,0,4,0,27,24,85
2463,746,652701,3,8,4,1,0,1,0,1,1,3,0.033333333,0,0,0,0,0,0,8,0,0,0,7,8,0
2466,147,652701,4,103,9,29,6,24,7,13,11,3,0.133333333,0,23,0,0,0,18,45,0,0,0,30,17,0
2469,239,652701,1,239,41,95,4,39,8,65,20,3,0.233333333,0,0,16,0,0,26,27,0,0,0,30,53,0
2472,929,148039,7,384,45,121,25,80,32,83,32,18,0.566666667,0,0,25,0,0,0,22,49,7,0,31,132,32
2482,206,652701,1,206,25,52,9,39,25,15,8,3,0.2,0,0,0,0,49,0,24,18,0,0,31,43,64
2498,12,652701,1,12,2,3,5,1,0,2,0,3,0.033333333,0,0,0,0,0,0,12,0,0,0,6,12,0
2501,192,652701,2,74,16,11,0,7,26,3,3,3,0.133333333,0,0,0,0,0,41,7,0,0,0,14,66,8
2506,106,652701,2,105,15,22,13,18,14,18,9,3,0.033333333,0,0,0,0,0,0,105,0,0,0,27,105,0
2513,11,652701,2,9,2,3,0,2,0,2,2,3,0.033333333,0,0,0,0,0,0,9,0,0,0,7,9,0
2516,398,148039,3,373,31,131,18,101,6,131,35,18,0.533333333,13,0,8,0,0,11,0,19,41,0,46,70,87
2518,416,221833,3,234,53,24,33,21,34,63,14,58,0.4,0,0,0,0,0,0,2,0,0,0,46,176,8
2536,257,652701,6,242,34,49,13,38,24,25,15,3,0.233333333,0,0,0,0,0,71,51,0,0,0,38,4,0
2541,135,221833,1,135,8,31,21,24,3,42,10,58,0.1,0,0,0,0,0,0,45,0,0,0,34,18,0
2553,13,652701,1,13,3,5,0,3,0,2,2,3,0.066666667,0,0,0,0,0,0,6,7,0,0,8,6,7
2565,154,652701,1,154,26,52,8,27,11,16,9,3,0.2,0,0,45,0,0,0,8,0,0,0,31,25,0
2571,885,148039,4,337,54,98,23,65,42,81,12,18,0.366666667,0,0,0,0,0,0,0,7,0,0,26,48,7
2572,419,652701,1,419,61,89,23,52,69,13,5,3,0.4,0,0,0,69,1,0,4,0,4,0,30,165,37
2574,391,652701,3,134,15,58,6,27,11,41,13,3,0.2,0,0,29,26,0,0,6,0,0,0,30,68,29
2577,844,148039,8,38,13,11,0,6,0,8,4,18,0.166666667,17,8,0,0,0,0,0,1,1,0,9,17,8
2592,466,652701,7,196,13,60,17,45,13,31,21,3,0.233333333,0,40,0,0,10,0,42,75,0,0,36,18,40
2596,165,652701,2,159,30,37,29,25,7,8,5,3,0.233333333,0,0,0,0,0,0,38,0,0,0,20,15,0
2600,128,148039,2,16,3,6,0,4,0,3,3,18,0.066666667,0,0,0,0,0,0,0,7,0,0,8,9,0
2601,419,148039,3,314,33,92,4,66,25,82,42,18,0.266666667,0,0,99,71,28,29,27,19,36,5,46,104,71
2602,98,652701,1,98,16,33,6,24,4,20,12,3,0.133333333,0,0,79,2,0,12,5,0,0,0,28,79,2
2606,2272,148039,8,384,37,124,13,83,23,123,41,18,0.566666667,0,22,8,0,0,0,0,16,18,65,58,237,81
2609,9,652701,1,9,2,3,0,2,0,2,2,3,0.033333333,0,0,0,0,0,0,9,0,0,0,7,9,0
2612,1661,41550,6,345,14,79,9,42,45,134,55,21,0.266666667,0,0,0,0,0,0,0,0,137,3,84,303,8
2620,1,148039,1,1,1,0,0,0,0,0,0,18,0.033333333,0,0,0,0,0,0,0,1,0,0,1,1,0
2635,1062,221833,7,831,46,155,153,121,52,252,76,58,0.533333333,0,47,0,42,51,0,53,0,0,0,124,115,79
2640,51,652701,1,51,5,21,0,11,3,15,9,3,0.066666667,0,0,0,0,0,0,40,0,0,0,23,11,40
2642,768,221833,3,537,31,118,46,92,5,226,57,58,0.466666667,0,0,0,7,0,4,8,44,39,27,68,190,63
2653,32,652701,1,32,12,7,0,4,4,3,2,3,0.033333333,0,0,0,0,0,0,32,0,0,0,11,32,0
2654,35,652701,2,18,2,6,0,5,0,5,5,3,0.033333333,0,0,0,0,0,0,18,0,0,0,11,18,0
2667,327,652701,4,62,13,30,3,6,0,13,3,3,0.2,0,0,0,0,6,0,28,0,0,0,25,17,4
2676,475,652701,4,254,25,91,15,45,12,20,10,3,0.2,0,72,0,0,0,0,76,0,0,0,30,48,0
2679,303,652701,2,265,31,69,32,52,37,39,22,3,0.3,0,0,0,0,57,28,103,0,0,0,32,14,47
2690,66,652701,1,66,7,21,5,16,1,3,0,3,0.166666667,0,0,0,0,0,0,8,0,11,0,17,14,8
2693,291,652701,1,291,56,99,8,7,77,22,0,3,0.366666667,0,49,0,0,42,0,29,0,0,0,22,16,80
2706,542,41550,3,488,29,107,11,63,12,183,70,21,0.633333333,0,14,50,9,0,4,7,7,78,0,99,172,171
2711,46,652701,1,46,12,16,0,11,1,7,6,3,0.066666667,0,0,0,0,0,0,24,22,0,0,12,24,22
2712,104,652701,1,104,23,32,3,22,10,16,10,3,0.1,0,0,0,0,0,0,77,0,0,0,29,93,0
2715,938,652701,6,344,43,55,21,36,141,9,3,3,0.366666667,0,0,65,24,4,0,6,0,0,0,26,113,172
2722,1,148039,1,1,1,0,0,0,0,0,0,18,0.033333333,0,0,0,0,0,0,0,1,0,0,1,1,0
2723,185,652701,1,185,24,59,3,36,37,28,11,3,0.233333333,14,0,0,26,0,0,56,0,0,0,31,79,14
2728,1071,652701,6,201,33,64,1,27,31,12,4,3,0.5,36,10,22,14,0,0,5,0,0,6,29,70,37
2733,534,652701,8,213,18,48,81,33,0,15,1,3,0.2,0,0,38,9,0,0,6,0,17,0,28,134,26
2736,19,221833,2,18,2,6,0,5,0,6,4,58,0.033333333,0,0,0,0,0,0,18,0,0,0,10,18,0
2742,8,41550,1,8,2,3,0,2,0,2,1,21,0.033333333,0,0,0,0,0,0,0,0,0,0,6,8,0
2744,92,652701,1,92,18,32,0,16,13,3,2,3,0.366666667,21,2,0,0,3,0,4,0,0,0,15,48,2
2747,1106,148039,13,417,43,124,0,75,22,157,53,18,0.5,15,31,2,6,11,32,30,20,26,0,49,85,40
2748,185,652701,1,185,22,56,19,41,13,17,12,3,0.4,0,18,0,0,13,0,47,0,0,0,33,29,45
2749,84,652701,1,84,12,24,6,18,3,11,8,3,0.1,0,0,0,0,0,0,58,6,0,0,30,78,6
2753,27,148039,2,14,4,6,0,4,0,3,0,18,0.066666667,0,0,0,0,0,2,0,12,0,0,6,2,0
2756,1423,652701,11,228,29,78,19,58,3,34,22,3,0.4,0,22,0,55,0,0,68,0,0,0,35,2,47
2765,202,652701,3,80,14,23,3,19,1,18,13,3,0.1,0,0,0,0,0,0,35,36,0,0,24,44,36
2798,411,652701,3,119,18,52,14,19,2,19,4,3,0.333333333,0,0,0,0,0,4,36,24,0,0,25,16,0
2806,8,148039,1,8,1,3,0,2,0,2,2,18,0.033333333,0,0,0,0,0,0,0,8,0,0,6,8,0
2814,34,148039,2,17,5,7,0,3,0,5,1,18,0.033333333,0,0,0,0,0,0,0,17,0,0,8,17,0
2815,145,652701,1,145,13,50,11,28,4,11,4,3,0.133333333,94,0,0,33,0,0,12,0,0,0,35,94,0
2817,17,148039,3,1,1,0,0,0,0,0,0,18,0.033333333,0,0,0,0,0,0,0,1,0,0,1,1,0
2824,1,41550,1,1,1,0,0,0,0,0,0,21,0.033333333,0,0,0,0,0,0,0,0,0,0,1,1,0
2828,512,221833,1,512,19,82,65,66,53,187,40,58,0.2,0,91,0,0,0,0,142,0,0,0,87,197,0
2850,17,652701,3,6,4,2,0,0,0,0,0,3,0.066666667,0,0,0,0,0,0,1,0,0,0,4,5,0
2854,158,652701,1,158,24,27,0,18,71,3,1,3,0.166666667,0,0,0,0,0,0,16,0,0,0,15,1,34
2862,428,652701,5,409,68,98,15,41,126,17,5,3,0.433333333,0,0,0,0,0,0,42,0,0,0,31,48,79
2874,84,652701,1,84,22,28,13,1,7,8,2,3,0.166666667,0,0,0,0,0,0,22,13,0,0,25,42,0
2881,217,652701,1,217,30,57,18,32,30,19,6,3,0.266666667,0,0,0,0,0,0,69,0,0,0,31,82,14
2902,1581,221833,4,8,7,0,0,0,1,0,0,58,0.066666667,0,0,0,0,0,6,2,0,0,0,6,6,2
2906,5,652701,1,5,1,2,0,1,0,1,1,3,0.033333333,0,0,0,0,0,0,5,0,0,0,4,5,0
2910,991,148039,8,100,18,22,13,14,6,24,9,18,0.233333333,0,0,2,0,0,0,6,1,0,0,22,32,44
2912,460,652701,4,152,29,25,16,19,20,7,4,3,0.2,0,7,35,0,0,0,1,0,0,0,29,29,102
2931,12,41550,1,12,3,4,0,3,0,4,1,21,0.033333333,0,0,0,0,0,0,0,0,0,0,8,12,0
2932,9,652701,1,9,2,2,0,1,0,4,1,3,0.033333333,0,0,0,0,0,0,9,0,0,0,5,9,0
2936,281,652701,1,281,46,59,53,42,27,20,7,3,0.233333333,164,4,0,0,30,48,11,0,17,0,27,194,52
2948,297,652701,2,227,43,59,22,33,18,7,1,3,0.266666667,70,0,0,34,0,0,9,0,0,0,26,52,37
2965,1,652701,1,1,1,0,0,0,0,0,0,3,0.033333333,0,0,0,0,0,0,1,0,0,0,1,1,0
2970,78,652701,1,78,7,26,3,21,6,13,10,3,0.133333333,0,0,8,44,0,0,12,0,0,0,28,14,8
2975,15,652701,1,15,2,5,0,4,0,4,4,3,0.033333333,0,0,0,0,0,0,15,0,0,0,10,15,0
2977,41,652701,1,41,10,12,0,7,4,13,0,3,0.066666667,0,0,0,0,0,15,26,0,0,0,9,15,26
2983,174,221833,1,174,7,36,28,28,5,58,12,58,0.2,0,0,0,98,16,27,9,5,19,0,41,98,16
2994,109,652701,1,109,20,31,5,21,14,14,9,3,0.333333333,0,0,19,9,0,0,16,9,1,0,28,2,61
3002,159,652701,1,159,21,47,10,34,9,31,17,3,0.166666667,0,0,0,37,1,37,33,0,51,0,28,37,1
3008,284,148039,1,284,47,80,58,10,8,90,3,18,0.333333333,37,24,0,35,10,30,0,5,0,10,44,60,47
3009,16,221833,1,16,2,5,0,3,0,6,3,58,0.033333333,0,0,0,0,0,0,16,0,0,0,7,16,0
3017,251,652701,2,250,63,68,21,23,42,10,2,3,0.433333333,0,96,0,0,0,0,12,4,46,0,29,29,97
3018,601,221833,5,287,29,95,0,64,0,95,38,58,0.666666667,0,0,0,32,0,24,7,10,12,13,46,37,34
3019,1346,221833,9,547,33,109,133,70,20,159,40,58,0.366666667,104,33,0,6,52,70,15,9,0,0,100,158,29
3021,14,652701,1,14,7,4,0,2,1,2,0,3,0.066666667,0,0,0,8,0,0,6,0,0,0,5,8,0
3068,80,652701,1,80,13,31,6,18,1,7,2,3,0.3,0,0,0,4,0,0,0,7,15,0,15,6,25
3074,44,652701,1,44,17,10,0,5,9,3,2,3,0.066666667,0,0,0,0,0,0,0,31,0,13,9,31,0
3100,877,652701,4,94,10,29,15,18,0,8,3,3,0.2,12,36,0,0,0,0,0,34,0,0,22,2,0
3102,177,652701,1,177,26,65,5,36,1,7,4,3,0.333333333,0,7,0,0,5,0,0,5,17,0,30,103,17
3111,81,652701,1,81,14,25,6,17,2,14,11,3,0.1,0,0,0,0,56,11,0,14,0,0,28,56,11
3112,88,41550,1,88,2,43,0,0,1,66,0,21,0.033333333,0,0,88,0,0,0,0,0,0,0,12,88,0
3152,113,652701,1,113,22,28,11,19,9,11,8,3,0.233333333,0,0,0,0,0,30,0,28,6,0,31,47,31
3161,215,652701,2,105,35,9,20,9,12,3,1,3,0.3,0,0,0,22,0,0,0,2,2,0,21,39,22
3166,179,148039,1,179,9,33,29,24,50,32,4,18,0.2,0,0,0,0,0,0,0,0,44,0,20,94,0
3171,181,221833,2,96,9,18,12,12,8,29,4,58,0.1,0,0,0,19,0,0,0,35,42,0,26,19,0
3193,363,652701,2,359,54,63,20,49,128,15,9,3,0.466666667,0,0,0,0,69,0,0,12,0,0,34,4,226
3214,555,148039,8,10,3,4,0,2,0,1,1,18,0.066666667,0,0,0,0,0,0,0,0,5,0,6,10,0
3250,1668,148039,4,961,54,306,140,224,36,318,60,18,0.633333333,62,0,61,62,11,0,54,0,64,27,83,245,325
3253,1215,652701,3,101,36,14,11,11,6,9,6,3,0.333333333,0,0,0,0,22,6,0,1,0,0,26,38,8
3254,247,41550,3,213,24,64,0,46,35,57,15,21,0.2,0,0,11,0,0,0,0,0,0,0,35,24,140
3258,234,652701,1,234,30,68,11,29,51,3,0,3,0.266666667,68,0,0,0,0,0,0,8,11,0,21,127,15
3260,872,652701,6,740,121,114,22,75,215,19,11,3,0.766666667,45,48,78,0,33,30,0,26,0,20,40,49,216
3284,1404,221833,5,651,64,109,73,85,90,213,32,58,0.366666667,0,0,7,1,0,0,0,42,0,0,78,313,7
3286,86,652701,1,86,15,23,2,16,13,15,10,3,0.066666667,0,0,0,0,0,59,0,27,0,0,19,59,0
3330,68,652701,1,68,12,26,5,15,0,9,5,3,0.166666667,0,0,0,0,0,6,0,9,31,0,20,17,5
3331,541,148039,2,518,53,143,70,84,81,137,19,18,0.466666667,0,0,0,7,60,0,0,0,8,36,48,251,36
3338,239,652701,1,239,44,69,5,34,35,16,2,3,0.3,0,0,0,52,0,0,0,30,0,0,22,32,69
3339,589,652701,4,298,41,76,23,59,23,20,9,3,0.3,39,0,0,0,0,0,88,12,0,0,33,26,7
3349,22,148039,1,22,4,9,0,6,0,6,3,18,0.066666667,0,0,0,0,0,0,0,0,10,0,12,12,10
3353,406,221833,2,211,12,45,23,36,2,93,16,58,0.1,12,0,0,0,0,0,0,185,0,14,39,12,0
3354,5,652701,1,5,3,0,0,0,1,0,0,3,0.033333333,0,0,0,0,0,0,0,5,0,0,4,5,0
3355,937,221833,5,604,40,90,139,61,55,171,32,58,0.333333333,84,1,0,0,1,0,0,1,0,0,66,130,99
3359,999,652701,2,585,83,177,17,102,87,70,33,3,0.6,38,0,94,18,23,86,0,4,71,0,50,134,135
3376,13,652701,1,13,8,2,0,1,1,1,1,3,0.033333333,0,0,0,0,0,0,0,13,0,0,7,13,0
3388,215,652701,1,215,37,55,14,35,54,23,12,3,0.366666667,0,0,122,7,0,0,0,4,9,0,33,20,172
3421,182,652701,1,182,21,39,9,24,34,4,3,3,0.166666667,0,0,12,0,0,0,0,6,0,0,21,36,0
3424,124,652701,1,124,13,48,7,27,1,27,11,3,0.233333333,0,0,0,0,0,0,0,77,0,0,29,12,0
3425,9,148039,2,1,1,0,0,0,0,0,0,18,0.033333333,0,0,0,0,0,0,0,0,1,0,1,1,0
3426,564,652701,3,153,20,46,13,33,2,11,5,3,0.266666667,0,0,0,0,46,0,0,6,0,0,29,33,16
3460,287,652701,3,8,4,2,0,1,0,1,1,3,0.1,0,0,0,0,6,1,0,1,0,0,5,6,1
3483,138,652701,2,23,5,8,0,4,4,1,0,3,0.1,0,0,0,0,0,0,0,6,0,0,8,10,0
3486,779,652701,1,779,104,179,16,75,287,32,9,3,0.6,71,0,0,6,0,0,62,152,56,12,43,202,196
3487,6,652701,1,6,2,2,0,1,0,1,1,3,0.033333333,0,0,0,0,0,0,0,6,0,0,5,6,0
3496,141,652701,1,141,12,47,17,18,1,6,0,3,0.166666667,0,0,0,0,0,0,0,14,0,0,17,27,0
3501,986,148039,5,709,85,174,23,122,185,148,39,18,0.4,0,0,0,0,0,0,0,0,45,0,63,65,160
3502,986,41550,5,218,39,61,0,41,61,37,5,21,0.4,0,0,10,0,0,0,0,6,44,0,23,111,76
3510,1,652701,1,1,1,0,0,0,0,0,0,3,0.033333333,0,0,0,0,0,0,0,1,0,0,1,1,0
3512,238,148039,2,192,12,38,67,31,4,50,1,18,0.133333333,0,0,0,0,0,0,0,0,44,0,33,24,0
3524,189,148039,2,2,2,0,0,0,0,0,0,18,0.066666667,0,0,1,0,0,0,0,0,1,0,1,1,0
3539,16,148039,2,13,2,5,0,3,0,5,2,18,0.033333333,0,0,0,0,0,0,0,0,13,0,8,13,0
3544,161,652701,1,161,21,44,9,29,14,8,2,3,0.433333333,30,10,0,0,0,0,32,14,0,0,26,3,38
3566,1754,652701,6,117,18,36,27,15,3,5,1,3,0.266666667,0,31,0,0,0,0,0,33,0,0,20,21,5
3586,435,652701,6,144,16,41,1,26,22,11,6,3,0.333333333,0,0,4,49,0,0,0,6,0,0,25,33,80
3598,1356,221833,2,935,63,261,142,110,33,403,36,58,0.733333333,13,64,3,0,29,102,0,27,12,0,109,216,103
3604,584,652701,4,394,42,65,18,35,135,10,6,3,0.3,0,0,0,0,0,0,0,59,0,0,34,2,129
3606,412,652701,3,177,10,57,15,44,11,13,1,3,0.166666667,0,18,0,0,0,0,0,50,0,0,31,20,18
3623,239,652701,3,213,35,57,18,32,39,11,3,3,0.366666667,0,0,0,0,39,0,0,13,0,0,26,59,39
3626,1,652701,1,1,1,0,0,0,0,0,0,3,0.033333333,0,0,0,0,0,0,0,1,0,0,1,1,0
3634,9,652701,1,9,4,5,0,0,0,2,0,3,0.066666667,0,0,0,0,0,0,0,4,5,0,6,4,5
3649,306,221833,1,306,18,61,40,51,24,109,31,58,0.166666667,0,0,0,0,0,0,0,21,6,0,74,248,21
3652,766,148039,2,222,20,98,14,7,4,94,19,18,0.466666667,0,3,9,0,0,0,0,0,32,0,49,120,23
3666,383,652701,4,307,51,96,42,56,20,18,7,3,0.566666667,38,4,10,49,6,4,1,3,46,0,32,50,8
3673,191,221833,5,150,5,37,35,17,4,56,9,58,0.1,0,0,0,0,0,0,0,136,0,0,31,10,136
3689,174,652701,1,174,24,54,20,36,1,12,8,3,0.266666667,0,0,0,0,0,0,0,66,0,0,33,54,47
3694,387,652701,5,72,12,23,0,17,0,10,10,3,0.166666667,0,0,1,0,0,0,1,39,0,0,21,61,9
3705,316,652701,1,316,53,45,23,33,100,0,0,3,0.466666667,0,4,6,0,0,0,0,7,0,0,18,141,17
3714,296,652701,3,77,10,24,7,20,0,13,10,3,0.1,14,0,25,0,0,0,0,38,0,0,31,14,0
3724,26,148039,2,20,4,8,0,5,0,3,3,18,0.066666667,0,0,0,0,0,0,0,0,6,14,8,6,14
3734,271,652701,2,109,23,43,8,15,6,12,0,3,0.333333333,0,0,0,0,0,0,0,17,2,0,16,32,4
3737,227,148039,3,161,21,68,5,44,0,46,16,18,0.366666667,10,0,0,0,0,0,0,0,13,0,36,14,44
3744,381,221833,4,117,4,18,24,16,7,46,10,58,0.133333333,0,0,0,4,0,0,0,1,0,0,32,5,111
3760,686,652701,5,258,29,89,27,40,30,19,6,3,0.266666667,6,0,0,0,0,0,0,92,10,4,32,41,92
3768,127,652701,1,127,12,49,8,37,0,32,19,3,0.1,0,0,0,0,0,111,7,9,0,0,25,111,7
3784,583,148039,3,366,45,86,11,62,58,109,29,18,0.333333333,0,64,0,0,0,0,0,0,12,15,35,63,64
3785,644,148039,2,236,19,81,22,51,15,68,14,18,0.3,0,0,0,0,0,1,0,0,14,11,36,109,28
3794,369,652701,3,71,12,20,9,11,4,5,1,3,0.166666667,15,0,0,0,0,0,0,14,0,0,20,16,10
3798,151,652701,1,151,21,49,4,35,1,17,13,3,0.233333333,21,0,0,0,0,0,0,23,36,0,34,39,32
3802,41,148039,1,41,2,9,3,6,8,14,2,18,0.033333333,0,0,0,0,0,0,0,0,41,0,11,41,0
3811,69,652701,2,68,15,19,6,10,7,15,7,3,0.1,0,0,0,0,0,0,6,12,50,0,23,6,12
3829,754,221833,4,605,78,90,80,79,27,225,40,58,0.4,115,0,0,37,31,0,0,18,26,82,92,39,307
3837,9,652701,1,9,5,2,0,1,0,1,1,3,0.033333333,0,0,0,0,0,0,0,9,0,0,5,9,0
3843,121,652701,1,121,18,34,10,23,8,5,2,3,0.266666667,4,0,27,0,0,0,0,14,0,0,25,5,43
3867,139,652701,1,139,21,52,1,31,0,1,1,3,0.2,0,0,0,0,0,0,0,7,0,0,19,26,18
3878,34,652701,1,34,4,16,3,8,0,11,3,3,0.1,0,0,0,0,0,9,0,18,7,0,16,9,0
3881,144,652701,2,143,18,45,8,32,13,21,13,3,0.233333333,0,0,0,0,4,30,0,6,34,0,26,10,0
3887,60,652701,3,43,9,12,3,3,0,2,2,3,0.1,0,0,0,0,0,7,0,7,0,0,12,36,0
3889,3,652701,2,2,2,0,0,0,0,0,0,3,0.066666667,0,0,0,0,0,0,0,1,0,0,1,1,1
3898,293,221833,3,244,19,84,29,1,54,107,4,58,0.266666667,0,0,0,0,0,0,0,1,0,0,42,10,103
3914,12,148039,1,12,3,5,0,3,0,2,1,18,0.033333333,0,0,0,0,0,0,0,0,12,0,7,12,0
3915,736,652701,4,259,40,65,18,41,63,10,4,3,0.433333333,7,37,0,38,0,0,0,8,6,0,31,47,7
3917,358,221833,5,1,1,0,0,0,0,0,0,58,0.033333333,0,0,0,0,0,0,0,1,0,0,1,1,0
3925,83,652701,1,83,7,22,12,19,2,12,8,3,0.1,0,0,0,0,0,0,0,8,35,0,33,40,8
3931,20,221833,1,20,7,7,0,2,0,3,2,58,0.1,0,0,0,0,0,0,0,4,11,0,7,16,0
3934,1423,148039,10,172,26,53,14,38,0,44,13,18,0.333333333,0,4,0,0,0,4,0,0,1,0,26,7,12
3935,1423,652701,10,155,29,41,29,27,3,4,0,3,0.333333333,20,0,0,0,12,0,0,1,0,0,20,47,75
3939,1668,652701,4,151,26,53,33,28,0,12,0,3,0.4,0,0,0,0,0,0,0,27,20,9,25,36,9
3940,510,148039,5,6,2,2,0,1,0,1,1,18,0.033333333,0,0,0,0,0,0,0,0,6,0,5,6,0
3956,542,652701,7,140,23,52,3,34,11,17,9,3,0.2,0,0,15,0,0,0,0,0,55,25,28,35,55
3960,6,221833,2,2,2,0,0,0,0,0,0,58,0.033333333,0,0,0,0,0,0,0,2,0,0,1,2,0
3962,304,652701,3,119,27,39,2,23,7,15,13,3,0.3,14,0,11,0,36,0,0,0,19,4,26,39,15
3972,251,652701,2,64,15,16,9,11,0,1,0,3,0.166666667,0,0,0,0,0,0,0,0,7,0,11,16,0
3999,691,74042,4,437,39,167,37,76,34,151,19,27,0.4,57,40,19,32,93,0,0,0,76,0,59,24,78
4000,40,74042,1,40,6,15,0,10,0,11,5,27,0.1,0,0,0,0,0,0,0,0,0,0,12,14,0
4001,1081,74042,4,128,14,36,12,4,48,34,2,27,0.133333333,0,0,0,0,0,0,0,0,0,0,21,83,0
4003,17,74042,1,17,9,5,0,2,0,2,1,27,0.033333333,0,0,0,0,0,0,0,0,0,0,6,17,0
4018,44,74042,2,43,5,14,0,2,21,6,0,27,0.1,0,0,0,0,0,0,0,0,0,0,6,23,4
4025,3,74042,1,3,3,0,0,0,0,0,0,27,0.033333333,0,0,0,0,0,0,0,0,0,0,2,3,0
4031,2501,74042,16,82,12,34,7,6,13,24,3,27,0.266666667,0,0,0,0,0,0,0,0,0,0,18,9,12
4048,830,74042,5,71,9,19,1,13,7,21,8,27,0.133333333,0,0,0,0,0,0,0,0,0,0,12,4,0
4077,231,74042,1,231,37,31,11,20,47,47,12,27,0.2,0,0,0,0,0,0,0,0,0,0,27,71,41
4083,178,74042,4,102,13,54,4,7,6,45,3,27,0.2,0,0,0,0,0,0,0,0,0,0,14,25,3
4091,128,74042,3,52,3,18,5,9,0,19,8,27,0.066666667,0,0,0,0,0,0,0,0,0,0,18,47,0
4093,47,74042,1,47,4,20,0,7,7,20,6,27,0.066666667,0,0,0,0,0,0,0,0,0,0,12,26,0
4097,7,74042,1,7,3,2,0,1,0,2,1,27,0.033333333,0,0,0,0,0,0,0,0,0,0,7,7,0
4108,15,74042,1,15,3,8,0,2,0,6,2,27,0.033333333,0,0,0,0,0,0,0,0,0,0,7,15,0
4111,6,74042,1,6,6,0,0,0,0,0,0,27,0.066666667,0,0,0,0,0,0,0,0,0,0,2,4,0
4125,18,74042,1,18,6,4,0,2,4,1,1,27,0.066666667,0,0,0,17,0,0,0,0,0,0,8,1,0
4130,28,74042,2,23,7,9,0,4,0,6,3,27,0.033333333,0,0,0,0,0,0,0,0,0,0,10,23,0
4133,1898,74042,9,312,22,74,40,58,27,95,29,27,0.3,0,0,0,75,0,0,0,0,4,0,80,1,75
4136,231,74042,1,231,34,46,0,30,97,24,20,27,0.266666667,41,0,0,0,0,0,0,0,0,0,32,69,27
4164,116,74042,1,116,13,26,10,17,4,41,11,27,0.066666667,0,0,0,0,0,0,0,0,0,0,27,36,0
4169,6,74042,1,6,3,1,0,1,0,1,1,27,0.033333333,0,0,0,0,0,0,0,0,0,0,6,6,0
4178,1245,457932,5,228,15,74,36,54,5,59,39,21,0.2,5,59,90,0,0,0,0,0,0,0,76,97,0
4186,454,110497,7,116,13,44,12,31,0,32,4,24,0.2,0,0,0,0,0,0,0,14,0,0,18,31,0
4192,1171,502584,1,1171,70,201,325,140,63,306,61,143,0.6,5,44,113,0,0,6,32,83,91,109,203,403,305
4206,92,247683,3,7,2,3,0,1,0,2,1,23,0.033333333,0,0,0,0,0,0,0,0,0,0,6,7,0
4217,358,250865,1,358,18,78,65,11,54,156,29,34,0.233333333,0,0,0,78,60,64,0,0,0,0,62,88,158
4227,278,261579,2,205,24,101,16,2,49,88,1,5,0.3,4,0,0,0,0,0,6,48,0,0,60,29,5
4232,539,260769,1,539,21,178,70,96,17,206,62,0,0.2,0,0,36,27,0,0,0,0,0,0,72,131,182
4238,114,346877,1,114,9,36,15,27,1,40,12,9,0.233333333,4,3,0,0,0,0,0,0,0,0,30,45,0
4249,1248,457932,3,1246,196,219,37,113,572,115,52,21,0.566666667,7,0,78,10,0,0,0,0,27,0,77,326,288
4256,338,110497,2,321,38,94,24,56,22,82,25,24,0.3,0,0,19,0,0,23,0,0,0,0,51,38,158
4261,2650,188602,9,706,60,168,136,91,158,141,26,96,0.466666667,139,91,49,0,1,0,11,0,0,0,83,113,49
4272,123,457932,1,123,7,72,12,15,0,64,13,21,0.166666667,0,0,0,0,9,0,92,0,0,0,30,2,0
4306,315,399092,2,302,41,71,37,51,11,78,26,101,0.266666667,0,0,0,0,0,0,0,0,0,0,43,106,40
4317,1736,502584,10,764,38,85,267,62,139,165,36,143,0.5,51,0,14,8,8,0,0,0,117,0,206,243,14
4319,166,247683,1,166,16,83,21,24,0,78,17,23,0.2,0,0,0,0,0,28,0,0,0,0,60,90,0
4325,1122,502584,4,1098,61,160,333,124,141,268,17,143,0.466666667,0,0,0,0,6,90,33,74,82,26,159,432,26
4331,992,502584,4,760,47,161,225,81,25,227,42,143,0.4,0,37,0,0,0,73,13,0,6,0,152,109,281
4344,111,346877,2,81,18,40,11,7,0,27,0,9,0.066666667,51,0,0,0,0,0,0,0,0,0,19,30,0
4348,116,502584,1,116,10,20,6,15,1,45,12,143,0.1,0,0,0,0,0,0,0,0,0,0,27,50,0
4369,314,247683,1,314,19,116,30,103,7,91,38,23,0.333333333,0,0,0,49,0,6,0,0,0,111,105,16,153
4373,1242,502584,5,881,46,158,226,118,64,238,59,143,0.5,0,0,110,100,12,0,0,0,0,0,165,132,115
4374,157,247683,2,154,23,84,20,14,6,51,5,23,0.566666667,0,3,1,23,6,6,4,0,0,4,55,20,5
4377,1024,399092,1,1024,49,136,265,105,37,310,43,101,0.733333333,42,35,50,36,57,33,34,32,76,24,149,256,111
4378,5,334927,1,5,3,2,0,0,0,1,0,7,0.066666667,0,0,0,0,0,0,0,0,0,0,4,4,0
4383,412,247683,3,195,35,62,19,51,1,42,25,23,0.3,0,5,38,0,0,5,5,0,0,0,67,52,70
4397,264,247683,1,264,20,121,21,68,0,95,34,23,0.333333333,0,0,0,0,0,0,16,59,0,0,68,24,3
4405,2022,502584,9,957,45,164,276,114,85,329,23,143,0.433333333,82,0,4,14,0,67,59,123,0,68,156,213,398
4409,459,260769,2,267,9,63,32,54,0,86,36,0,0.3,1,0,0,103,63,0,5,1,0,0,91,116,64
4410,276,261579,1,276,12,93,7,81,4,89,69,5,0.433333333,0,20,0,0,61,0,0,65,11,7,90,40,14
4420,1011,250865,3,261,29,73,44,3,34,104,8,34,0.166666667,23,59,0,0,0,0,134,0,0,0,36,70,168
4423,1189,502584,6,735,40,113,301,11,0,246,8,143,0.4,0,0,0,35,21,77,116,11,0,0,129,52,35
4437,1736,188602,10,328,22,117,24,93,0,81,66,96,0.4,0,0,34,0,0,0,0,0,36,0,112,159,89
4440,4198,85576,9,688,36,136,216,66,150,89,26,54,0.3,0,0,0,0,0,0,0,0,100,0,93,145,156
4447,165,260769,2,161,20,61,18,38,0,31,19,0,0.266666667,4,0,0,35,0,0,0,0,21,0,56,50,14
4451,2,457932,1,2,2,0,0,0,0,0,0,21,0.033333333,0,0,0,0,0,0,0,0,0,0,2,2,0
4456,446,399092,1,446,29,34,148,26,46,103,13,101,0.366666667,0,2,0,1,0,0,0,5,0,0,65,148,15
4457,4,250865,2,1,1,0,0,0,0,0,0,34,0.033333333,0,0,0,0,0,0,0,0,0,0,1,1,0
4466,1418,457932,3,336,51,93,42,77,4,94,58,21,0.266666667,2,0,0,0,2,0,0,0,0,139,89,17,4
4468,761,457932,5,128,22,97,2,3,1,73,0,21,0.3,0,4,0,0,14,10,0,0,15,0,47,7,60
4470,550,457932,3,156,9,53,12,45,0,40,37,21,0.266666667,0,0,25,0,0,0,0,0,0,0,50,67,25
4474,180,261579,3,68,3,24,0,20,3,22,17,5,0.166666667,1,36,0,0,0,16,13,2,0,0,36,1,52
4483,493,250865,2,311,23,56,71,39,29,112,9,34,0.266666667,0,0,4,46,0,0,0,0,0,0,31,13,134
4486,918,188602,11,208,15,47,69,32,8,45,23,96,0.266666667,3,0,0,0,0,0,0,0,0,0,67,38,27
4487,423,34988,2,30,6,9,0,8,0,8,7,108,0.066666667,1,0,0,0,0,0,0,0,0,0,10,29,0
4512,498,334927,2,33,6,13,0,8,0,8,6,7,0.066666667,0,0,0,0,0,0,0,0,0,0,16,17,16
4530,155,261579,4,142,17,78,13,11,17,47,3,5,0.266666667,0,0,0,0,0,0,24,25,0,0,49,14,30
4533,1158,34988,5,360,11,97,61,71,2,115,57,108,0.333333333,0,0,0,0,0,0,0,0,0,14,60,153,32
4538,7,334927,1,7,2,2,0,1,1,1,1,7,0.033333333,0,0,0,0,0,0,0,0,0,0,5,7,0
4555,70,457932,2,22,5,13,3,0,0,10,0,21,0.033333333,0,0,0,0,0,0,0,0,0,0,11,22,0
4559,177,502584,2,132,6,30,38,1,0,62,1,143,0.033333333,0,0,0,0,0,0,0,0,0,0,22,132,0
4561,672,502584,3,524,10,68,125,37,131,141,21,143,0.4,35,0,0,71,0,31,0,2,0,0,88,3,5
4587,1513,42723,6,253,20,58,6,33,23,91,17,6,0.233333333,0,0,0,0,0,0,5,0,0,0,36,6,20
4593,9,260769,2,1,1,0,0,0,0,0,0,0,0.033333333,0,0,0,0,0,0,0,0,0,0,1,1,0
4595,1197,188602,3,601,22,205,245,3,25,209,3,96,0.166666667,0,0,0,120,0,0,0,0,0,0,108,136,120
4598,556,85168,1,556,57,158,24,130,49,146,55,139,0.233333333,0,5,0,0,0,0,0,0,0,0,101,220,273
4600,675,188602,2,612,93,215,39,165,19,143,58,96,0.566666667,0,9,22,0,0,14,2,5,0,0,72,280,41
4604,291,247683,1,291,20,120,21,92,0,93,37,23,0.4,0,0,0,0,61,0,8,0,1,0,60,26,61
4616,1073,399092,1,1073,24,317,247,97,39,495,46,101,0.6,5,105,0,0,96,48,0,0,0,0,132,178,325
4624,153,334927,2,101,13,35,3,26,2,26,15,7,0.1,0,0,0,0,0,0,0,0,0,0,25,83,0
4625,362,346877,3,126,14,52,36,4,0,43,2,9,0.266666667,0,0,0,0,0,0,23,21,0,0,33,53,0
4651,761,502584,5,251,15,37,60,28,19,76,12,143,0.2,0,0,0,0,0,0,0,10,0,0,53,74,0
4660,470,188602,3,465,28,94,171,76,4,91,42,96,0.166666667,0,0,0,0,0,0,0,0,0,0,105,192,71
4667,188,127749,3,5,1,3,0,1,0,2,0,102,0.033333333,0,0,0,0,0,0,0,0,0,0,3,5,0
4670,146,250865,5,82,16,37,12,4,4,22,4,34,0.333333333,8,0,0,4,0,0,0,0,6,0,24,19,8
4671,87,250865,2,78,16,34,0,1,2,40,1,34,0.133333333,0,0,0,0,0,0,55,5,12,0,14,6,55
4676,1040,399092,1,1040,42,126,327,81,29,280,34,101,0.5,35,194,0,72,162,0,0,95,50,57,152,224,57
4692,289,250865,3,42,6,12,4,7,1,13,3,34,0.033333333,0,0,0,0,0,0,0,0,0,0,10,42,0
4714,135,502584,3,69,2,6,35,2,4,13,1,143,0.1,0,0,0,0,0,0,0,0,0,0,10,9,0
4728,15,127749,1,15,5,6,0,2,0,3,2,102,0.066666667,0,0,0,0,0,0,0,0,0,0,8,2,13
4742,16,346877,4,1,1,0,0,0,0,0,0,9,0.033333333,0,0,0,0,0,0,0,0,0,0,1,1,0
4743,16,85576,4,6,2,2,0,1,0,1,1,54,0.033333333,0,0,0,0,0,0,0,0,0,0,5,6,0
4748,156,334927,1,156,16,63,16,44,0,37,15,7,0.2,0,0,0,0,0,0,0,0,0,38,28,19,17
4759,169,46603,2,168,20,39,8,32,43,26,21,5,0.066666667,0,0,0,0,0,0,0,0,0,0,33,149,19
4765,983,46603,3,166,16,100,29,1,9,81,0,5,0.266666667,3,0,18,0,0,0,0,3,0,0,36,47,68
4770,271,110497,2,270,25,87,8,1,120,49,1,24,0.2,0,0,0,0,0,0,0,0,0,0,18,16,40
4777,1377,399092,4,1366,113,265,203,71,321,485,28,101,0.7,0,9,1,103,3,0,11,0,109,0,116,363,171
4781,103,34988,4,35,2,10,7,3,0,14,2,108,0.066666667,0,0,0,0,0,0,0,0,0,0,9,35,0
4785,294,334927,3,110,27,51,6,1,13,23,1,7,0.333333333,0,0,0,0,0,6,0,3,0,0,16,60,21
4789,6,334927,1,6,2,2,0,1,0,1,1,7,0.033333333,0,0,0,0,0,0,0,0,0,0,5,6,0
4792,680,34988,13,11,2,7,0,1,0,6,1,108,0.066666667,0,0,0,0,0,0,0,0,0,0,5,10,0
4796,2564,457932,14,2430,439,252,1,128,1544,143,62,21,1,50,31,15,87,234,264,18,106,108,70,68,469,247
4802,703,86829,4,262,49,124,0,64,1,128,13,63,0.366666667,0,0,0,0,0,0,0,0,17,0,47,128,37
4817,128,334927,2,117,15,58,20,8,5,39,1,7,0.266666667,34,0,0,0,0,4,0,0,16,0,35,9,40
4818,64,502584,1,64,7,18,3,13,0,22,10,143,0.133333333,0,0,0,0,0,0,28,0,0,0,19,49,0
4823,33,188602,3,1,1,0,0,0,0,0,0,96,0.033333333,0,0,0,0,0,0,0,0,0,0,1,1,0
4827,553,346877,4,90,9,30,9,20,2,24,6,9,0.166666667,0,0,0,0,0,0,0,0,12,0,14,24,38
4837,3,334927,1,3,3,0,0,0,0,0,0,7,0.033333333,0,0,0,0,0,0,0,0,0,0,2,3,0
4838,177,188602,2,45,3,20,18,1,0,19,1,96,0.033333333,0,0,0,0,0,0,0,0,0,0,15,45,0
4861,75,502584,1,75,5,8,27,5,5,24,3,143,0.1,0,0,0,39,0,0,1,0,0,0,16,35,0
4875,7,261579,1,7,2,3,0,1,0,2,1,5,0.033333333,0,0,0,0,0,0,0,7,0,0,6,7,0
4887,162,502584,1,162,15,17,53,12,13,33,8,143,0.066666667,0,0,0,0,0,0,0,0,0,0,21,162,0
4898,1647,260769,5,448,64,150,116,53,12,95,24,0,0.566666667,0,0,0,30,71,0,0,0,0,0,80,32,174
4937,263,346877,4,220,39,63,62,4,2,84,1,9,0.3,0,0,8,63,0,0,0,0,0,44,39,115,69
4952,1647,334927,5,161,31,75,18,23,0,39,10,7,0.333333333,0,0,0,0,0,0,0,0,0,0,26,38,69
4954,506,85576,5,103,7,23,49,1,1,25,1,54,0.2,0,12,4,5,0,0,0,0,0,4,20,69,17
4998,667,399092,3,583,38,62,178,46,29,156,25,101,0.366666667,0,0,0,0,0,0,0,0,14,0,112,307,221
5008,676,457932,5,148,6,90,1,35,0,73,16,21,0.1,0,0,0,0,0,0,0,0,0,0,25,84,0
5009,930,346877,4,154,19,39,31,31,1,35,19,9,0.166666667,0,0,0,0,0,0,0,0,31,0,56,154,0
5028,146,86829,4,90,7,28,0,23,15,21,17,63,0.2,0,0,20,0,0,14,0,0,0,0,19,23,44
5046,53,457932,1,53,5,25,4,6,0,14,1,21,0.033333333,0,0,0,0,0,0,0,0,0,0,14,53,0
5058,265,346877,2,264,29,65,54,44,16,71,11,9,0.433333333,0,0,0,0,0,0,0,3,6,1,44,97,12
5059,1765,399092,4,890,65,114,300,83,66,214,24,101,0.6,4,0,0,0,32,248,4,6,108,0,130,162,113
5061,8,260769,1,8,8,0,0,0,0,0,0,0,0.066666667,0,0,0,0,0,0,0,0,0,0,2,3,5
5062,573,502584,2,529,36,83,166,58,51,120,17,143,0.5,0,70,17,0,0,1,0,7,0,0,88,59,25
5067,243,247683,3,200,18,128,31,0,20,97,0,23,0.3,0,0,0,30,0,0,0,0,0,0,49,84,0
5072,356,110497,1,356,28,105,16,73,23,108,42,24,0.433333333,33,0,0,0,0,0,0,0,0,60,61,28,75
5081,243,346877,3,42,6,24,6,0,0,22,0,9,0.133333333,0,0,0,0,0,0,0,0,0,8,19,27,10
5084,1428,85576,7,669,62,124,205,101,47,100,71,54,0.733333333,1,1,4,66,1,1,48,0,4,33,80,112,129
5101,339,457932,4,132,7,53,17,28,10,42,14,21,0.2,0,0,0,0,0,0,0,0,0,0,35,83,20
5103,76,334927,1,76,22,23,4,9,12,15,4,7,0.133333333,0,0,0,0,0,0,0,0,0,0,17,38,28
5120,34,250865,2,32,8,6,0,5,2,12,3,34,0.066666667,0,0,0,0,0,0,0,0,0,0,10,26,6
5126,128,502584,1,128,9,20,28,12,3,37,8,143,0.133333333,0,0,63,43,0,0,0,4,0,0,30,18,63
5137,25,334927,2,12,5,4,0,2,0,3,1,7,0.066666667,0,0,0,0,0,0,6,0,0,0,6,12,0
5139,264,188602,2,212,10,75,63,5,10,84,11,96,0.166666667,0,0,0,0,0,0,0,0,0,0,50,67,45
5146,7,110497,1,7,2,4,0,0,0,4,0,24,0.033333333,0,0,0,0,0,0,0,0,0,0,6,7,0
5149,984,260769,4,416,30,215,26,33,7,245,18,0,0.533333333,31,2,18,0,0,1,2,0,141,11,65,262,29
5162,11,502584,1,11,3,8,0,0,0,1,0,143,0.033333333,0,0,0,0,0,0,0,0,0,0,4,11,0
5166,443,110497,3,90,3,21,4,17,0,40,13,24,0.133333333,0,0,0,0,0,0,0,0,0,0,17,42,0
5177,7213,399092,13,5289,649,125,2,79,4360,82,27,101,1,132,121,128,232,239,231,190,208,137,189,50,1107,840
5181,2646,110497,3,644,37,97,2,71,390,54,8,24,0.5,0,20,10,0,8,0,0,9,12,0,27,156,89
5187,324,247683,1,324,30,114,40,90,12,74,37,23,0.266666667,0,0,0,0,0,0,0,0,99,0,101,304,8
5190,9,260769,1,9,2,3,0,2,0,2,2,0,0.033333333,0,0,0,0,0,0,0,0,0,0,7,9,0
5194,123,334927,2,83,11,31,7,21,0,16,13,7,0.2,0,0,0,0,0,0,0,0,0,0,22,56,4
5205,120,346877,2,102,10,34,15,22,0,26,15,9,0.133333333,0,0,0,0,0,0,0,0,0,0,26,13,11
5207,310,334927,1,310,50,107,20,77,8,52,39,7,0.433333333,114,0,0,0,22,11,0,0,0,0,53,32,7
5211,563,250865,2,461,26,93,83,68,48,149,23,34,0.266666667,35,0,0,0,68,49,0,0,0,0,72,81,59
5215,493,110497,4,351,51,118,15,53,72,87,8,24,0.466666667,0,3,0,0,12,0,0,0,0,0,34,35,12
5229,872,46603,7,35,2,15,0,10,1,13,7,5,0.233333333,0,0,0,0,0,0,0,0,0,0,7,13,5
5230,11,261579,2,3,3,0,0,0,0,0,0,5,0.033333333,0,0,0,0,0,0,0,3,0,0,2,3,0
5245,186,346877,3,92,10,57,0,7,0,38,6,9,0.166666667,0,0,0,0,0,0,0,0,0,0,16,51,28
5256,68,457932,2,10,4,2,3,1,0,1,0,21,0.033333333,0,0,0,0,0,0,0,0,0,0,7,10,0
5268,656,457932,6,69,6,22,14,17,0,13,9,21,0.1,0,0,0,0,0,0,0,0,0,0,26,19,0
5274,3,502584,2,2,2,0,0,0,0,0,0,143,0.066666667,0,0,0,0,0,0,0,0,0,0,1,1,1
5276,1192,110497,4,713,50,168,43,83,150,203,23,24,0.5,29,50,30,23,0,0,0,0,0,0,48,180,28
5277,30,502584,1,30,12,10,0,2,0,6,2,143,0.066666667,0,0,0,0,0,0,0,0,0,0,6,21,9
5285,731,502584,1,731,23,86,245,51,31,224,46,143,0.166666667,0,0,236,158,5,0,0,8,0,0,160,324,236
5287,339,457932,7,40,7,13,2,9,3,6,5,21,0.166666667,0,0,0,0,0,0,0,0,0,0,17,21,0
5309,1186,457932,7,80,16,28,3,14,13,13,3,21,0.3,0,0,0,0,0,0,0,0,4,0,15,28,32
5311,653,346877,8,159,12,39,65,3,0,58,0,9,0.3,0,1,0,0,0,0,0,0,1,33,39,15,1
5326,878,457932,4,202,29,162,5,2,1,132,1,21,0.3,72,0,45,0,0,0,4,0,0,0,41,11,72
5333,133,250865,2,130,19,25,16,18,1,65,6,34,0.1,0,0,0,0,0,0,0,0,0,0,14,128,1
5348,32,399092,1,32,23,0,0,0,7,0,0,101,0.066666667,0,0,0,0,0,23,0,0,0,0,7,9,0
5351,284,260769,1,284,12,48,85,42,0,63,32,0,0.1,0,0,0,0,0,0,0,0,0,0,65,152,0
5357,653,261579,8,222,30,85,30,13,54,58,5,5,0.366666667,5,37,0,0,0,0,0,22,0,0,57,38,3
5361,69,334927,2,27,3,12,0,7,0,7,5,7,0.1,0,0,0,5,0,0,0,0,0,0,10,3,0
5371,1111,260769,6,389,49,128,77,9,10,151,9,0,0.5,8,7,63,56,0,0,0,0,0,0,67,121,155
5384,1537,250865,4,282,13,55,79,12,7,115,8,34,0.233333333,0,0,0,6,27,41,0,0,0,0,59,85,6
5387,1434,260769,4,5,3,2,0,0,0,2,0,0,0.033333333,0,0,0,0,0,0,0,0,0,0,4,5,0
5393,640,334927,2,639,106,165,43,92,169,103,35,7,0.633333333,97,13,77,0,0,0,0,0,0,91,72,65,302
5396,9633,502584,11,7697,222,883,131,521,5321,899,113,143,1,204,138,502,216,196,320,443,394,258,199,142,1559,1273
5423,28,334927,1,28,5,13,0,6,0,8,4,7,0.033333333,0,0,0,0,0,0,0,0,0,0,9,28,0
5438,1452,260769,6,331,17,186,69,4,0,180,2,0,0.266666667,0,0,0,0,0,0,57,25,0,0,70,131,0
5447,606,110497,4,53,9,23,0,11,0,9,5,24,0.1,0,0,0,0,0,0,0,0,0,0,13,40,0
5456,757,502584,2,736,66,86,197,5,134,223,2,143,0.233333333,0,0,0,53,70,0,37,159,0,0,113,163,159
5461,1567,502584,4,1312,44,225,280,111,146,527,36,143,0.366666667,301,103,0,51,121,0,70,195,6,71,142,422,103
5479,380,260769,2,379,29,75,71,65,11,109,38,0,0.166666667,0,118,0,0,0,0,0,25,0,0,86,154,0
5489,112,42723,1,112,10,21,6,20,21,29,14,6,0.066666667,0,0,0,0,0,0,0,0,0,0,22,48,64
5490,24,250865,1,24,7,14,0,2,0,9,0,34,0.033333333,0,0,0,0,0,0,0,0,0,0,8,24,0
5493,878,247683,4,283,35,167,30,30,2,129,15,23,0.533333333,0,8,0,4,25,7,0,4,3,3,59,69,11
5500,35,502584,6,6,2,4,0,0,0,3,0,143,0.033333333,0,0,0,0,0,0,0,0,0,0,4,6,0
5508,308,334927,2,193,31,71,12,36,21,35,16,7,0.4,8,0,0,0,22,6,6,12,0,15,40,43,6
5510,1,502584,1,1,1,0,0,0,0,0,0,143,0.033333333,0,0,0,0,0,0,0,0,0,0,1,1,0
5519,319,346877,3,63,5,17,14,12,0,19,8,9,0.133333333,0,0,0,0,0,0,0,0,0,0,19,14,7
5538,401,261579,4,77,17,17,15,12,10,7,2,5,0.166666667,0,0,0,0,0,0,0,19,0,0,19,3,19
5546,531,346877,5,124,14,19,30,10,25,27,0,9,0.133333333,0,0,0,0,0,0,0,0,0,0,19,11,0
5548,46,34988,4,9,2,3,0,2,0,2,2,108,0.033333333,0,0,0,0,0,0,0,0,0,0,6,9,0
5557,46,261579,4,21,8,7,0,4,0,2,2,5,0.1,11,0,0,0,0,0,0,1,0,0,11,9,0
5558,125,85168,4,1,1,0,0,0,0,0,0,139,0.033333333,0,0,0,0,0,0,0,0,0,0,1,1,0
5569,19,399092,1,19,16,2,0,0,1,1,0,101,0.133333333,0,0,0,0,0,0,0,0,0,0,5,8,2
5591,198,247683,5,54,10,27,0,11,0,16,5,23,0.1,0,11,0,0,0,0,0,0,0,0,13,43,0
5608,374,457932,5,83,6,62,3,3,0,52,8,21,0.166666667,0,0,0,0,0,0,7,0,0,0,24,33,0
5609,593,250865,4,451,47,39,143,30,2,171,13,34,0.3,24,0,0,22,19,0,0,0,0,0,52,3,22
5614,207,42723,8,21,4,9,0,7,0,6,1,6,0.066666667,0,0,0,0,0,0,0,0,0,0,9,21,0
5621,220,127749,4,210,11,37,68,21,35,27,13,102,0.133333333,0,0,0,0,0,0,0,0,0,0,38,30,29
5623,5,85168,1,5,3,2,0,0,0,1,0,139,0.033333333,0,0,0,0,0,0,0,0,0,0,4,5,0
5625,86,261579,5,29,3,9,0,8,0,10,7,5,0.033333333,0,0,0,0,0,0,0,29,0,0,16,29,0
5642,844,127749,8,183,13,108,44,4,0,82,2,102,0.3,0,0,1,0,0,0,0,0,0,0,34,86,19
5666,6,110497,1,6,6,0,0,0,0,0,0,24,0.133333333,0,0,0,0,0,0,0,0,0,0,2,3,0
5667,95,334927,3,1,1,0,0,0,0,0,0,7,0.033333333,0,0,0,0,0,0,0,0,0,0,1,1,0
5673,1100,42723,11,19,3,7,0,5,0,4,4,6,0.133333333,0,0,0,0,0,0,0,0,0,7,7,1,3
5685,937,457932,5,40,5,18,2,8,2,15,5,21,0.066666667,0,0,0,0,0,0,0,0,1,0,15,39,0
5689,1584,399092,5,985,80,64,296,57,116,231,27,101,0.566666667,161,1,0,6,0,10,141,0,72,308,137,131,169
5702,1561,85576,13,156,11,15,78,15,13,24,10,54,0.1,0,0,0,0,0,0,0,0,0,0,25,126,0
5716,464,261579,2,299,40,86,7,69,45,54,44,5,0.333333333,73,65,7,41,35,14,35,4,24,0,93,42,108
5727,556,261579,5,231,21,74,17,62,7,49,46,5,0.3,0,21,0,48,0,0,0,25,13,0,100,92,29
5729,81,502584,2,32,9,9,0,2,9,2,1,143,0.1,7,0,0,0,0,0,0,0,0,0,9,1,24
5742,207,34988,8,1,1,0,0,0,0,0,0,108,0.033333333,0,0,0,0,0,0,0,0,0,0,1,1,0
5743,381,86829,13,166,19,65,0,51,0,43,27,63,0.366666667,4,0,36,0,0,0,4,4,0,0,53,96,0
5750,13,399092,2,11,4,3,0,1,0,4,0,101,0.033333333,0,0,0,0,0,0,0,0,0,0,5,11,0
5752,81,334927,2,49,8,10,0,6,14,5,2,7,0.033333333,0,0,0,0,0,0,0,0,0,0,10,49,0
5761,348,261579,3,35,5,22,0,3,0,18,3,5,0.033333333,0,0,0,0,0,0,0,35,0,0,20,35,0
5762,12,334927,1,12,9,1,0,1,0,1,1,7,0.066666667,0,0,0,0,0,0,0,0,0,0,6,8,0
5768,188,85576,3,12,4,4,0,2,0,3,2,54,0.033333333,0,0,0,0,0,0,0,0,0,0,7,12,0
5777,262,346877,2,1,1,0,0,0,0,0,0,9,0.033333333,0,0,0,0,0,0,0,0,0,0,1,1,0
5781,204,85576,2,159,11,37,74,10,1,36,3,54,0.166666667,0,0,0,0,0,0,0,0,0,0,29,8,0
5785,506,346877,4,182,23,54,31,38,0,41,22,9,0.333333333,1,0,0,0,0,0,32,0,0,0,45,121,6
5792,3828,85576,5,1026,105,278,222,155,181,147,23,54,0.8,0,7,2,73,0,0,0,43,111,21,93,280,106
5793,296,188602,2,63,11,21,0,17,0,14,14,96,0.133333333,0,0,0,0,13,0,0,0,0,0,26,40,10
5800,5,110497,2,4,4,0,0,0,0,0,0,24,0.066666667,0,0,0,0,0,0,0,0,0,0,2,3,1
5813,17,334927,1,17,6,5,0,3,0,3,2,7,0.066666667,0,0,0,0,0,0,0,0,0,0,6,9,8
5814,4,260769,1,4,2,2,0,0,0,1,0,0,0.033333333,0,0,0,0,0,0,0,0,0,0,4,4,0
5827,110,127749,3,5,1,2,0,1,0,1,1,102,0.033333333,0,0,0,0,0,0,0,0,0,0,4,5,0
5841,1136,346877,3,143,16,46,22,31,3,31,16,9,0.1,0,4,0,0,0,0,0,0,0,0,30,1,138
5842,185,334927,1,185,25,29,14,7,95,21,0,7,0.133333333,4,0,0,0,0,0,0,0,0,0,14,110,15
5843,107,334927,2,75,19,24,1,11,9,13,9,7,0.2,0,0,0,0,0,6,0,0,0,0,17,22,0
5857,30,110497,2,15,10,4,0,1,0,1,0,24,0.066666667,0,0,0,0,0,0,0,0,0,0,6,15,0
5866,351,250865,1,351,8,51,108,44,20,109,21,34,0.4,89,15,0,3,33,1,10,0,0,39,60,67,55
5869,29,334927,1,29,4,11,0,7,0,8,7,7,0.033333333,0,0,0,0,0,0,0,0,0,0,19,29,0
5870,58,502584,2,34,5,7,0,5,13,6,4,143,0.133333333,0,0,0,0,0,0,0,0,0,0,9,19,0
5878,702,247683,3,323,36,133,22,87,10,105,26,23,0.366666667,24,7,0,0,31,0,0,11,0,0,68,133,45
5888,2460,260769,18,160,11,35,41,29,0,36,18,0,0.166666667,0,0,0,0,0,0,0,0,0,0,51,142,0
5892,1930,346877,11,107,15,28,17,19,0,37,5,9,0.3,0,55,0,0,0,16,1,0,0,0,28,18,6
5917,757,42723,2,21,7,7,0,1,5,7,1,6,0.066666667,16,0,0,0,0,0,0,0,0,0,9,5,0
5918,659,260769,3,563,5,125,73,111,1,217,106,0,0.7,0,46,0,0,0,1,48,2,100,2,125,98,18
5924,64,247683,5,3,3,0,0,0,0,0,0,23,0.066666667,0,0,0,2,0,0,0,0,0,0,1,1,0
5937,229,334927,2,11,3,7,0,1,0,6,0,7,0.066666667,0,0,0,0,0,0,0,0,0,0,7,2,0
5941,229,502584,2,218,7,98,36,1,9,134,1,143,0.166666667,0,0,0,131,0,0,0,0,0,0,35,71,134
5947,301,247683,1,301,19,103,36,76,26,83,36,23,0.366666667,0,0,0,0,0,0,14,22,0,84,105,55,84
5950,568,110497,4,202,9,119,15,29,5,124,6,24,0.433333333,2,2,0,0,0,0,0,0,0,0,20,22,30
5961,43,334927,3,10,3,5,0,1,0,2,1,7,0.066666667,0,0,0,0,0,0,0,4,0,0,7,6,4
5963,207,46603,1,207,16,74,12,54,2,70,34,5,0.2,0,84,0,0,0,0,0,0,0,0,35,40,75
5966,67,34988,2,56,16,8,13,1,3,13,0,108,0.033333333,0,0,0,0,0,0,0,0,0,0,13,56,0
5971,16,86829,1,16,2,6,0,5,0,5,3,63,0.066666667,0,0,0,0,0,0,0,0,0,0,9,14,2
5986,83,502584,1,83,18,16,0,15,20,27,1,143,0.066666667,0,0,0,0,0,0,0,0,0,0,11,27,0
5999,95,260769,1,95,12,28,2,22,2,29,13,0,0.133333333,0,0,0,0,0,0,0,0,0,0,26,40,0
6007,1584,502584,5,1,1,0,0,0,0,0,0,143,0.033333333,0,0,0,0,0,0,0,0,0,0,1,1,0
6023,86,250865,2,85,21,28,0,14,8,12,8,34,0.3,0,0,0,0,7,0,0,5,0,8,10,8,8
6032,531,85576,5,80,12,17,16,9,24,6,1,54,0.1,0,0,0,0,0,0,0,0,0,0,17,47,6
6036,67,457932,1,67,9,17,16,13,0,14,10,21,0.1,0,0,0,0,0,0,0,0,0,0,29,17,1
6039,249,502584,1,249,17,85,0,64,22,77,52,143,0.466666667,0,0,0,14,0,0,0,0,7,0,55,99,89
6042,77,260769,1,77,23,28,18,4,0,29,2,0,0.066666667,17,0,0,0,0,0,0,0,0,0,26,60,0
6046,29,261579,5,5,1,0,0,0,4,0,0,5,0.033333333,0,0,0,0,0,0,0,5,0,0,2,5,0
6065,1142,502584,2,1126,22,151,299,128,59,404,54,143,0.766666667,0,0,66,14,52,6,19,86,27,42,169,406,173
6069,390,346877,5,142,13,42,36,31,0,31,10,9,0.333333333,0,4,0,0,0,40,0,0,0,0,37,76,4
6073,106,140022,1,106,6,8,59,7,0,22,1,232,0.033333333,0,0,0,0,0,0,0,0,0,0,35,106,0
6078,94,250865,1,94,5,31,30,3,1,44,2,34,0.066666667,0,0,0,0,0,0,9,0,0,0,21,85,9
6095,233,334927,5,167,29,59,3,39,7,37,29,7,0.3,40,0,0,0,26,5,0,0,0,0,47,32,46
6109,1255,140022,1,1255,62,203,514,67,10,352,43,232,0.5,194,9,125,331,12,0,3,0,0,0,188,302,121
6111,14,188602,2,4,1,2,0,1,0,1,0,96,0.033333333,0,0,0,0,0,0,0,0,0,0,3,4,0
6113,67,250865,2,1,1,0,0,0,0,0,0,34,0.033333333,0,0,0,0,0,0,0,0,0,0,1,1,0
6119,30,250865,1,30,3,8,0,6,0,16,2,34,0.033333333,0,0,0,0,0,0,0,0,0,0,8,30,0
6132,2381,250865,4,719,75,168,77,121,22,289,25,34,0.433333333,44,25,31,0,85,41,77,0,0,0,47,37,0
6135,307,34988,3,30,9,13,6,0,1,6,0,108,0.133333333,0,0,0,0,0,0,0,0,0,0,7,1,5
6157,149,188602,3,55,11,21,0,11,0,15,8,96,0.1,0,0,0,0,0,0,0,0,0,0,13,31,0
6162,871,399092,1,871,31,103,207,84,91,248,49,101,0.333333333,0,1,0,0,59,0,72,107,0,38,125,71,0
6189,157,502584,1,157,13,36,3,25,40,38,20,143,0.1,0,0,0,0,0,0,0,0,0,0,33,27,48
6193,764,188602,11,689,80,160,0,56,354,70,27,96,0.566666667,35,37,12,0,19,0,0,0,55,0,39,198,122
6194,13,110497,3,10,7,3,0,0,0,2,0,24,0.1,0,0,0,0,0,0,0,0,0,0,6,10,0
6200,1,85576,1,1,1,0,0,0,0,0,0,54,0.033333333,0,0,0,0,0,0,0,0,0,0,1,1,0
6201,716,502584,1,716,34,183,111,109,61,239,57,143,0.566666667,0,19,130,44,0,0,0,0,86,45,108,289,260
6210,208,188602,1,208,18,104,0,59,0,77,23,96,0.1,0,0,0,0,0,78,0,0,0,0,59,203,0
6218,213,261579,4,134,9,62,1,32,0,62,29,5,0.1,0,0,0,0,0,0,112,21,0,0,49,113,21
6222,1406,346877,3,306,45,63,43,49,36,69,25,9,0.433333333,0,0,0,0,2,0,0,0,0,46,60,166,91
6228,3161,260769,9,720,65,200,160,90,0,213,46,0,0.633333333,0,0,0,40,0,0,9,3,80,0,115,368,78
6234,293,261579,1,293,28,96,14,77,19,67,54,5,0.3,0,0,0,0,0,0,0,12,0,0,68,6,0
6254,10,250865,1,10,2,3,0,2,0,3,1,34,0.033333333,0,0,0,0,0,0,0,0,0,0,5,10,0
6263,233,457932,5,15,2,5,3,3,0,2,1,21,0.033333333,0,0,0,0,0,0,0,0,0,0,8,15,0
6276,215,85576,2,9,3,4,0,1,0,1,1,54,0.1,0,0,0,0,0,1,0,0,0,0,5,5,0
6279,703,261579,2,532,45,147,21,111,131,90,67,5,0.5,0,0,0,0,15,66,7,47,6,0,102,42,15
6293,372,502584,4,2,2,0,0,0,0,0,0,143,0.066666667,0,0,0,0,0,0,0,0,0,1,1,1,1
6294,362,457932,2,233,55,92,45,11,7,44,6,21,0.3,10,10,0,13,0,70,0,0,0,0,59,68,0
6300,372,188602,4,3,3,0,0,0,0,0,0,96,0.066666667,0,0,1,0,0,0,0,0,0,0,2,2,1
6301,1102,127749,8,577,42,133,198,96,0,74,44,102,0.7,9,10,0,0,14,13,0,14,92,0,129,263,121
6304,58,188602,10,4,2,2,0,0,0,1,0,96,0.033333333,0,0,0,0,0,0,0,0,0,0,3,4,0
6324,231,261579,1,231,7,89,23,74,30,75,0,5,0.3,0,0,0,0,0,16,44,28,45,0,46,33,112
6344,58,86829,10,9,2,5,0,1,0,4,1,63,0.033333333,0,0,0,0,0,0,0,0,0,0,7,9,0
6353,263,260769,2,255,19,82,38,33,13,99,19,0,0.2,0,0,0,0,0,6,0,0,0,0,64,123,0
6356,778,140022,9,267,15,36,120,0,0,72,0,232,0.2,72,0,0,0,0,0,0,0,0,0,62,74,0
6371,150,250865,2,5,5,0,0,0,0,0,0,34,0.066666667,0,0,0,0,0,0,0,0,0,0,2,1,0
6380,26,502584,2,20,10,4,0,3,0,2,2,143,0.033333333,0,0,0,0,0,0,0,0,0,0,8,20,0
6391,404,346877,2,197,31,48,36,2,48,57,0,9,0.3,0,0,0,31,0,0,0,0,0,5,35,106,10
6398,101,110497,1,101,5,28,19,27,0,38,8,24,0.333333333,0,0,0,0,0,8,0,11,3,0,22,13,1
6399,457,457932,7,48,3,16,4,13,2,13,10,21,0.1,0,0,0,0,0,0,0,0,0,0,22,14,0
6419,141,85168,2,1,1,0,0,0,0,0,0,139,0.033333333,0,0,0,0,0,0,0,0,0,0,1,1,0
6427,661,86829,2,660,40,124,217,104,56,113,46,63,0.366666667,0,0,12,0,0,0,142,0,5,0,104,145,138
6429,672,334927,3,353,42,117,28,87,31,65,40,7,0.4,0,50,0,0,0,0,47,12,0,1,51,89,12
6439,387,334927,4,103,7,67,17,3,3,60,2,7,0.166666667,0,10,0,0,0,0,0,1,0,0,26,26,12
6441,168,399092,1,168,15,32,25,25,7,49,18,101,0.266666667,0,0,0,0,0,0,1,0,0,0,27,68,92
6468,371,399092,1,371,90,38,76,31,56,71,12,101,0.4,24,5,0,0,48,0,16,0,0,22,54,207,42
6470,385,502584,2,384,33,115,14,93,16,117,82,143,0.466666667,0,0,0,0,0,0,16,54,46,38,66,117,75
6475,1102,346877,8,268,64,77,17,50,9,57,17,9,0.7,0,1,1,7,16,15,0,4,0,0,39,116,24
6497,1785,127749,8,968,133,142,197,6,428,65,3,102,0.633333333,1,0,0,25,0,0,0,0,0,0,90,322,119
6500,120,188602,4,73,9,22,0,16,22,15,3,96,0.1,0,0,0,0,0,0,0,0,0,0,19,36,0
6501,510,110497,7,1,1,0,0,0,0,0,0,24,0.033333333,0,0,0,0,0,0,0,0,0,0,1,1,0
6510,681,260769,8,307,27,80,77,39,0,116,21,0,0.3,0,100,0,0,0,18,0,8,91,0,72,202,0
6512,6,334927,1,6,2,2,0,1,0,1,1,7,0.033333333,0,0,0,0,0,0,0,0,0,0,5,6,0
6522,146,140022,2,140,13,36,56,13,0,28,5,232,0.1,73,0,0,0,0,0,0,0,0,0,33,26,0
6539,877,502584,4,771,20,106,273,79,22,218,45,143,0.566666667,29,10,45,61,84,33,0,0,0,45,174,212,72
6546,197,247683,3,165,17,103,16,16,1,84,12,23,0.266666667,0,0,0,0,0,0,0,39,0,29,68,44,0
6565,206,334927,1,206,20,73,15,57,1,51,33,7,0.366666667,0,0,8,18,10,0,29,0,0,8,57,27,54
6566,32,457932,2,31,3,7,5,5,0,10,2,21,0.033333333,0,0,0,0,0,0,0,0,0,0,11,31,0
6573,736,502584,6,95,6,13,10,7,48,13,2,143,0.133333333,0,13,0,0,0,0,0,0,0,0,14,4,0
6578,736,27035,6,5,2,2,0,1,0,1,0,60,0.1,0,0,0,0,0,0,0,0,0,0,4,2,2
6579,124,346877,2,116,12,41,12,8,6,59,2,9,0.233333333,0,0,0,0,0,0,0,0,0,0,25,24,0
6583,38,334927,5,7,3,2,0,1,0,1,1,7,0.066666667,0,0,0,0,0,0,0,0,1,0,5,6,0
6591,247,457932,1,247,17,109,28,49,0,92,38,21,0.366666667,9,26,0,22,12,11,0,0,0,0,65,88,76
6602,391,261579,1,391,41,207,8,65,11,169,44,5,0.5,10,0,10,0,0,0,66,23,0,0,65,92,22
6604,479,457932,4,285,22,84,43,63,8,63,46,21,0.3,13,65,29,31,0,0,0,0,0,0,82,36,61
6609,337,334927,3,43,11,10,3,10,0,10,8,7,0.1,0,0,0,0,0,0,0,0,0,0,19,3,0
6616,205,110497,7,113,37,35,0,3,12,28,3,24,0.166666667,0,0,0,0,0,0,0,0,0,0,13,1,21
6617,32,457932,1,32,7,4,4,3,7,3,2,21,0.033333333,0,0,0,0,0,0,0,0,0,0,13,32,0
6618,697,399092,1,697,60,94,141,71,89,170,32,101,0.233333333,0,0,0,0,0,0,0,0,0,0,80,110,15
6619,419,346877,5,225,22,82,39,43,3,67,17,9,0.466666667,0,0,6,20,21,0,0,5,0,0,47,28,85
6634,667,346877,6,144,4,81,0,34,0,76,25,9,0.266666667,3,0,0,16,0,26,12,0,0,0,28,10,55
6646,346,346877,10,165,24,46,24,26,22,34,9,9,0.3,0,1,0,0,0,0,0,0,0,0,29,64,4
6650,467,399092,1,467,30,50,140,40,9,124,22,101,0.3,0,0,80,197,8,82,0,0,1,0,82,200,65
6651,390,85168,5,140,6,38,45,31,0,27,15,139,0.166666667,0,0,0,0,0,0,0,0,0,0,23,45,88
6662,740,250865,2,739,65,147,125,108,43,228,52,34,0.3,0,0,0,88,0,0,0,0,86,45,98,7,170
6664,1033,85576,8,500,42,94,166,68,60,72,28,54,0.3,0,0,0,0,38,0,0,0,101,40,84,280,176
6680,90,346877,2,42,3,18,0,12,0,14,8,9,0.1,0,0,0,0,0,0,8,0,0,0,18,13,0
6686,355,42723,1,355,49,105,14,69,19,81,26,6,0.633333333,15,0,13,6,0,0,9,0,25,0,53,114,53
6689,92,110497,11,27,8,6,0,5,3,5,3,24,0.1,0,0,0,0,0,0,0,0,0,0,13,2,12
6699,454,261579,4,353,35,112,15,83,40,86,42,5,0.233333333,0,0,65,10,0,0,0,86,0,0,88,75,86
6704,509,457932,2,130,5,41,18,34,3,37,26,21,0.1,37,0,0,0,71,0,0,0,0,0,47,22,0
6718,334,110497,1,334,27,93,25,64,79,71,10,24,0.266666667,0,0,0,0,0,0,0,18,25,0,37,74,23
6720,6,260769,1,6,3,3,0,0,0,2,0,0,0.066666667,0,0,0,0,0,0,0,0,0,0,4,2,0
6726,253,334927,3,59,11,21,6,8,4,14,5,7,0.1,0,0,0,0,0,0,0,0,0,0,23,42,0
6732,2460,27035,18,400,14,71,71,62,7,163,41,60,0.2,0,0,0,0,0,0,0,0,0,0,110,122,0
6771,523,334927,5,204,23,81,20,46,16,51,11,7,0.3,0,0,0,0,6,9,0,0,0,43,36,17,87
6772,581,334927,4,289,59,97,32,6,75,64,2,7,0.233333333,0,0,0,0,38,0,0,0,0,0,37,23,38
6776,205,85576,7,1,1,0,0,0,0,0,0,54,0.033333333,0,0,0,0,0,0,0,0,0,0,1,1,0
6780,699,334927,2,305,41,106,15,78,22,53,34,7,0.466666667,0,0,12,0,0,0,0,27,0,0,39,151,42
6783,119,85576,2,113,11,10,58,6,10,14,3,54,0.066666667,0,0,0,0,0,0,0,0,0,0,9,106,0
6789,205,42723,7,1,1,0,0,0,0,0,0,6,0.033333333,0,0,0,0,0,0,0,0,0,0,1,1,0
6810,18,260769,2,6,2,2,0,1,0,1,1,0,0.033333333,0,0,0,0,0,0,0,0,0,0,5,6,0
6815,29,334927,3,12,2,4,0,3,0,3,3,7,0.033333333,0,0,0,0,0,0,0,0,0,0,7,12,0
6819,263,261579,5,143,30,49,2,1,58,50,1,5,0.2,51,64,0,2,2,0,0,5,0,0,28,53,64
6822,16,334927,1,16,5,6,0,3,0,3,2,7,0.033333333,0,0,0,0,0,0,0,0,0,0,9,16,0
6827,355,247683,4,340,43,108,21,82,54,66,28,23,0.4,0,6,0,0,0,0,47,0,0,0,70,70,94
6830,1211,399092,2,1210,64,122,307,11,228,344,5,101,0.4,259,387,0,0,0,2,177,0,0,0,138,376,389
6832,85,46603,3,33,6,19,2,3,1,14,2,5,0.1,0,0,0,0,0,0,0,0,0,0,14,2,0
6836,525,140022,5,412,26,61,137,47,2,98,25,232,0.433333333,0,0,4,0,37,33,0,0,0,4,94,18,64
6844,305,247683,2,294,31,122,36,52,30,97,23,23,0.266666667,0,0,0,0,0,0,0,0,5,106,90,176,106
6853,348,140022,2,330,28,47,169,6,8,71,1,232,0.366666667,54,0,22,0,76,14,2,0,0,0,81,16,22
6857,171,250865,2,4,1,2,0,1,0,1,0,34,0.033333333,0,0,0,0,0,0,0,0,0,0,3,4,0
6859,235,334927,1,235,25,96,14,44,27,60,21,7,0.333333333,0,0,0,10,0,0,0,0,0,0,36,34,6
6867,406,399092,1,406,38,53,103,46,23,110,19,101,0.266666667,0,0,0,0,0,6,2,0,0,1,66,38,1
6882,106,334927,1,106,3,40,14,8,30,40,6,7,0.333333333,0,0,27,0,0,0,0,22,0,0,32,44,29
6884,735,457932,3,236,47,46,15,27,30,23,10,21,0.366666667,4,0,0,0,0,0,0,0,0,4,33,104,19
6894,52,457932,4,49,10,8,5,6,13,5,4,21,0.033333333,0,0,0,0,0,0,0,0,0,0,19,49,0
6895,251,127749,2,243,14,31,126,25,4,29,16,102,0.066666667,0,0,0,0,0,0,0,0,0,0,46,52,0
6906,698,260769,3,319,24,116,54,5,29,130,1,0,0.333333333,0,0,0,15,0,0,0,0,0,0,58,22,3
6908,217,34988,2,207,19,67,36,10,14,75,3,108,0.2,0,0,0,0,0,0,0,0,0,0,29,54,87
6909,952,399092,1,952,81,147,184,83,167,247,13,101,0.6,11,125,11,0,9,0,46,0,33,0,96,23,325
6915,649,346877,8,18,6,5,0,3,1,2,2,9,0.066666667,0,0,0,0,0,0,0,0,0,0,9,13,0
6924,649,27035,8,40,5,9,0,7,3,15,5,60,0.066666667,0,0,0,0,0,0,0,0,0,0,8,35,0
6928,13,334927,1,13,3,6,0,2,0,3,2,7,0.066666667,0,0,0,0,0,0,0,0,0,0,6,6,0
6939,341,250865,1,341,17,76,91,61,24,86,22,34,0.166666667,0,0,0,283,0,0,0,0,0,0,53,18,12
6940,1262,334927,6,96,16,40,5,10,17,21,5,7,0.233333333,6,13,0,0,0,0,0,0,0,0,20,45,4
6943,494,250865,1,494,38,109,76,77,55,159,23,34,0.6,0,0,5,66,22,0,3,0,0,0,59,118,36
6944,348,127749,2,18,4,7,5,0,0,7,0,102,0.066666667,0,0,0,0,0,0,0,0,0,0,7,17,0
6961,336,334927,4,1,1,0,0,0,0,0,0,7,0.033333333,0,0,0,0,0,0,0,0,0,0,1,1,0
6968,173,502584,3,23,5,14,0,1,2,5,1,143,0.066666667,0,0,0,0,0,0,0,0,0,17,6,6,17
6973,53,457932,2,14,3,7,3,0,0,4,0,21,0.033333333,0,0,0,0,0,0,0,0,0,0,8,14,0
6974,225,334927,2,98,16,42,6,11,16,22,1,7,0.166666667,12,0,0,0,0,0,10,0,0,0,20,38,0
6984,403,260769,3,11,4,5,0,1,0,4,1,0,0.066666667,0,0,0,0,0,0,0,0,0,0,6,1,0
6988,393,334927,1,393,92,163,22,91,0,70,20,7,0.733333333,0,17,18,83,10,10,0,4,0,4,54,94,32
6995,2028,260769,5,623,35,239,58,115,19,253,59,0,0.6,68,1,0,0,102,0,0,0,0,0,94,85,157
6996,189,127749,4,30,15,7,0,4,1,3,2,102,0.1,1,0,0,0,0,0,0,0,0,0,13,3,27
6999,220,34988,7,46,9,9,0,6,18,5,2,108,0.2,0,1,0,0,0,0,0,0,0,0,9,36,7
7006,447,457932,2,228,26,88,19,55,0,58,31,21,0.266666667,0,7,0,0,0,6,1,2,0,0,54,194,0
7017,189,502584,4,92,9,15,24,8,1,34,5,143,0.1,0,0,0,0,0,0,0,11,0,0,19,27,65
7021,85,457932,3,23,2,10,2,5,0,9,4,21,0.033333333,0,0,0,0,0,0,0,0,0,0,13,23,0
7038,27,260769,1,27,5,8,0,5,0,11,5,0,0.066666667,0,0,0,0,0,0,0,0,0,0,16,9,0
7040,102,247683,3,15,3,8,0,2,0,6,1,23,0.066666667,0,0,0,0,0,0,0,0,0,0,7,11,0
7047,102,188602,3,6,2,2,0,1,0,1,1,96,0.033333333,0,0,0,0,0,0,0,0,0,0,4,6,0
7053,75,399092,3,33,4,12,0,0,3,17,0,101,0.066666667,0,0,0,0,0,0,0,0,0,0,10,31,0
7056,1127,261579,4,268,46,91,13,30,59,54,21,5,0.4,0,4,1,0,0,15,0,10,0,28,85,88,29
7073,401,260769,3,250,11,100,34,45,0,107,21,0,0.2,0,8,0,0,0,10,0,0,0,0,57,107,0
7075,78,42723,2,2,2,0,0,0,0,0,0,6,0.033333333,0,0,0,0,0,0,0,0,0,0,1,2,0
7080,190,346877,1,190,5,75,50,7,0,91,3,9,0.166666667,0,0,0,0,0,0,0,0,60,0,36,76,57
7081,68,261579,4,1,1,0,0,0,0,0,0,5,0.033333333,0,0,0,0,0,0,0,1,0,0,1,1,0
7105,24,502584,1,24,6,7,0,2,1,6,2,143,0.066666667,0,0,3,0,0,0,0,0,0,0,7,21,3
7126,320,502584,4,157,14,26,11,15,20,59,6,143,0.133333333,0,0,0,0,0,0,0,0,0,0,16,69,25
7132,1485,502584,2,1448,68,234,310,95,260,466,41,143,0.8,176,29,72,27,0,28,25,133,14,11,169,259,398
7157,5,250865,3,3,3,0,0,0,0,0,0,34,0.033333333,0,0,0,0,0,0,0,0,0,0,2,3,0
7172,5,334927,3,1,1,0,0,0,0,0,0,7,0.033333333,0,0,0,0,0,0,0,0,0,0,1,1,0
7175,142,250865,2,131,16,31,16,10,10,49,5,34,0.133333333,33,0,0,0,0,0,0,0,0,0,17,24,0
7178,546,188602,2,439,30,147,167,8,32,135,5,96,0.366666667,69,12,0,9,0,0,0,0,0,0,71,246,39
7181,193,346877,2,185,42,64,13,34,8,30,8,9,0.4,0,4,0,5,0,0,0,0,0,0,18,67,6
7193,526,247683,5,238,33,91,0,71,9,69,27,23,0.233333333,59,0,0,0,0,0,0,0,0,0,47,96,15
7194,55,334927,2,2,2,0,0,0,0,0,0,7,0.033333333,0,0,0,0,0,0,0,0,0,0,2,2,0
7201,52,261579,4,1,1,0,0,0,0,0,0,5,0.033333333,0,0,0,0,0,0,0,1,0,0,1,1,0
7218,120,457932,2,95,22,39,8,13,2,26,6,21,0.3,0,0,1,0,16,2,0,0,1,0,31,21,30
7219,226,85168,1,226,12,43,50,23,31,60,14,139,0.233333333,0,0,0,0,0,8,0,0,0,0,33,81,111
7221,85,34988,2,7,5,2,0,0,0,1,0,108,0.1,0,0,0,0,2,0,0,0,0,0,4,3,0
7232,253,127749,4,1,1,0,0,0,0,0,0,102,0.033333333,0,0,0,0,0,0,0,0,0,0,1,1,0
7236,434,188602,9,312,8,127,85,41,0,133,30,96,0.366666667,8,33,45,8,0,0,0,0,0,0,71,10,114
7241,157,247683,4,17,8,4,0,2,1,1,1,23,0.066666667,0,0,0,0,0,0,0,0,0,0,8,17,0
7244,47,334927,2,25,7,15,0,2,0,12,1,7,0.066666667,0,0,0,0,0,0,0,0,0,0,12,25,0
7257,8,399092,2,6,6,0,0,0,0,0,0,101,0.166666667,0,0,0,1,1,0,0,0,0,1,2,2,0
7272,16,334927,1,16,3,5,0,4,0,4,4,7,0.066666667,0,0,0,0,0,0,0,0,0,0,10,14,0
7288,511,247683,3,315,53,98,33,76,17,70,34,23,0.3,0,0,4,6,0,0,0,7,0,92,108,117,96
7289,7,334927,1,7,3,2,0,1,0,1,1,7,0.033333333,0,0,0,0,0,0,0,0,0,0,5,7,0
7290,354,250865,6,11,4,6,0,1,0,3,0,34,0.066666667,5,0,0,0,0,0,0,0,0,0,5,6,0
7292,24,110497,6,4,4,0,0,0,0,0,0,24,0.033333333,0,0,0,0,0,0,0,0,0,0,2,4,0
7296,259,346877,2,179,39,69,30,1,14,51,1,9,0.4,1,0,11,30,0,0,7,0,3,0,35,140,1
7312,561,110497,2,33,8,10,0,6,8,5,1,24,0.033333333,0,0,0,0,0,0,0,0,0,0,11,33,0
7318,378,85576,5,17,2,3,8,2,0,4,1,54,0.033333333,0,0,0,0,0,0,0,0,0,0,8,17,0
7326,176,502584,4,172,3,67,24,29,1,100,0,143,0.1,0,0,165,1,0,0,0,0,0,0,34,6,165
7328,1245,85576,5,464,22,66,252,36,13,67,23,54,0.366666667,0,0,0,4,17,0,0,0,125,0,73,143,26
7339,1325,260769,4,37,10,13,0,8,0,5,4,0,0.2,0,0,0,0,0,0,0,0,0,0,10,14,10
7352,3091,34988,5,1099,63,299,192,137,41,358,84,108,0.6,126,9,29,0,0,9,0,0,0,3,111,75,215
7354,1364,27035,7,264,20,162,0,12,0,178,2,60,0.466666667,0,0,4,0,0,6,6,0,32,0,71,69,96
7357,7,502584,1,7,3,3,0,0,0,2,0,143,0.033333333,0,0,0,0,0,0,0,0,0,0,6,7,0
7365,526,34988,5,117,10,29,0,20,0,38,9,108,0.2,0,0,0,0,0,0,0,0,0,0,20,92,0
7371,762,261579,5,106,17,65,16,3,0,43,0,5,0.166666667,0,0,25,16,0,0,0,30,29,6,35,31,16
7372,653,127749,5,259,11,50,159,8,0,44,5,102,0.366666667,0,0,0,0,7,2,0,0,0,0,74,86,8
7390,109,457932,3,82,13,25,17,10,3,14,7,21,0.166666667,0,0,0,0,0,0,0,0,0,0,20,20,18
7393,34,334927,1,34,8,20,0,3,0,7,3,7,0.033333333,0,0,0,0,0,0,0,0,0,0,11,34,0
7394,26,502584,1,26,4,9,0,7,0,6,6,143,0.1,0,0,0,0,0,0,0,0,0,0,13,9,4
7399,86,502584,1,86,4,12,27,9,3,29,4,143,0.1,0,0,0,0,0,0,0,0,0,0,22,36,34
7401,524,399092,1,524,42,84,98,56,32,145,26,101,0.3,0,0,0,0,0,0,0,0,55,137,71,186,152
7407,373,110497,2,372,21,96,91,64,9,123,8,24,0.366666667,0,0,29,31,22,73,5,16,31,0,65,73,31
7422,448,127749,4,152,14,36,53,19,4,30,10,102,0.133333333,0,0,0,0,0,0,0,0,0,0,43,134,0
7423,13,457932,1,13,2,4,2,3,0,3,2,21,0.033333333,0,0,0,0,0,0,0,0,0,0,9,13,0
7438,560,457932,4,62,6,25,4,14,3,20,10,21,0.1,0,0,0,0,0,0,0,0,0,0,25,1,15
7447,470,457932,7,213,16,78,12,56,4,56,42,21,0.233333333,0,0,0,3,0,0,0,0,0,0,34,67,59
7461,600,457932,3,388,45,118,57,91,6,83,63,21,0.433333333,0,0,99,57,0,0,0,0,0,64,99,95,174
7471,3437,457932,3,639,76,209,33,76,209,132,30,21,0.633333333,89,0,54,63,30,8,8,0,5,27,83,135,103
7473,242,261579,5,209,7,107,6,53,0,103,32,5,0.166666667,0,0,0,0,0,0,0,0,0,0,52,47,69
7474,1058,261579,9,59,4,18,7,14,14,11,1,5,0.1,0,0,0,0,0,0,0,0,0,24,17,21,0
7475,68,346877,1,68,14,20,5,13,8,9,6,9,0.1,0,0,0,0,0,0,0,0,0,0,15,42,0
7491,1928,86829,7,406,22,100,105,81,3,99,55,63,0.333333333,0,4,0,0,0,0,0,0,109,0,79,318,11
7504,355,346877,2,142,26,21,26,21,29,28,10,9,0.233333333,0,0,20,0,0,0,0,0,0,0,35,107,25
7511,1161,260769,2,723,60,184,101,148,8,243,58,0,0.533333333,77,0,0,0,2,90,0,26,4,0,114,149,208
7516,134,260769,3,8,8,0,0,0,0,0,0,0,0.066666667,0,0,0,0,0,0,0,0,0,0,4,6,0
7536,60,457932,1,60,11,29,11,3,0,21,2,21,0.1,0,0,0,0,0,0,0,0,0,0,22,29,15
7545,47,457932,2,39,7,12,3,8,1,9,6,21,0.066666667,0,0,0,0,0,0,0,0,0,0,22,12,27
7560,37,502584,2,2,2,0,0,0,0,0,0,143,0.033333333,0,0,0,0,0,0,0,0,0,0,1,2,0
7580,148,250865,1,148,12,35,18,23,29,37,9,34,0.1,0,0,0,0,0,0,0,0,0,0,18,18,0
7594,312,250865,4,184,26,56,28,3,8,90,0,34,0.233333333,5,0,0,0,0,0,0,0,0,0,20,149,5
7600,380,457932,5,227,17,130,33,21,9,107,12,21,0.233333333,0,0,0,0,0,0,16,0,27,41,53,72,6
7610,989,457932,3,448,44,172,63,60,64,137,28,21,0.6,27,9,29,8,0,0,36,36,9,1,72,48,57
7612,10,46603,1,10,2,4,0,2,0,3,2,5,0.033333333,0,0,0,0,0,0,0,0,0,0,7,10,0
7614,1014,250865,5,310,30,119,30,44,11,122,15,34,0.5,0,10,0,0,22,9,33,18,65,1,37,81,16
7619,312,457932,3,66,8,40,11,1,1,27,3,21,0.066666667,0,0,0,0,0,0,0,0,0,0,25,33,0
7620,212,42723,6,30,8,8,0,7,0,7,7,6,0.1,0,0,0,0,0,0,0,0,0,0,7,9,0
7632,560,346877,4,30,2,12,2,6,4,8,3,9,0.066666667,0,0,0,0,0,0,0,0,0,0,11,17,0
7653,1013,86829,3,601,37,139,171,104,39,149,38,63,0.3,0,0,0,4,0,0,0,0,92,0,132,580,5
7682,580,261579,3,115,9,39,0,30,13,28,23,5,0.2,11,67,0,0,0,0,5,0,0,0,30,15,17
7684,311,399092,7,200,16,68,23,22,5,81,5,101,0.233333333,0,0,0,0,0,0,0,0,0,0,23,35,36
7686,416,457932,2,113,19,55,24,1,2,32,0,21,0.3,0,0,16,8,0,0,0,0,10,0,33,21,15
7711,166,346877,2,139,23,41,41,7,0,32,1,9,0.333333333,0,0,0,0,0,39,0,0,0,0,23,22,16
7712,223,188602,1,223,12,71,95,9,1,75,8,96,0.2,0,0,0,0,0,0,0,0,0,0,68,8,49
7721,207,346877,2,156,32,67,30,1,5,44,0,9,0.4,0,3,24,0,0,0,0,0,34,0,40,78,24
7740,20,457932,1,20,5,7,0,4,0,7,4,21,0.1,0,0,0,0,0,0,0,0,0,0,10,10,3
7745,1912,457932,3,1893,141,142,63,100,1321,78,55,21,0.766666667,33,67,49,46,0,90,61,25,225,41,89,147,265
7748,294,85576,2,248,7,18,173,14,0,27,7,54,0.1,0,0,0,0,0,0,0,0,0,0,28,9,149
7752,496,346877,1,496,96,137,39,30,132,94,17,9,0.566666667,0,0,6,7,25,0,0,0,19,6,47,129,73
7762,676,85168,2,401,25,104,173,21,11,112,5,139,0.266666667,74,10,0,103,7,0,0,0,0,0,92,76,0
7768,1004,261579,5,478,42,182,52,90,41,117,57,5,0.666666667,4,0,0,0,0,0,0,0,47,4,88,122,42
7770,258,86829,2,257,20,81,73,35,4,84,12,63,0.066666667,0,0,0,0,0,0,0,0,0,0,50,257,0
7790,547,260769,1,547,31,177,74,102,4,210,51,0,0.466666667,0,51,37,27,56,0,0,0,0,0,107,139,73
7803,502,188602,2,373,17,103,120,6,61,112,4,96,0.2,0,7,0,0,0,0,0,0,0,0,67,8,0
7805,64,502584,1,64,25,9,0,4,14,4,2,143,0.1,0,0,0,0,0,0,0,0,0,0,12,40,0
7809,195,188602,3,86,9,31,16,23,1,25,0,96,0.166666667,0,0,0,0,0,0,0,0,0,0,23,9,7
7817,143,346877,1,143,20,38,28,27,0,34,15,9,0.133333333,84,0,0,0,0,0,0,0,0,0,30,19,40
7819,6,346877,1,6,1,3,0,2,0,2,0,9,0.033333333,0,0,0,0,0,0,0,0,0,0,4,6,0
7822,139,457932,2,138,27,48,4,20,6,35,15,21,0.133333333,0,0,0,0,0,0,0,0,0,0,27,45,0
7833,66,250865,1,66,11,32,3,15,0,15,5,34,0.1,0,0,0,0,0,0,0,0,0,0,11,20,0
7847,1117,399092,1,1117,77,130,322,15,396,196,5,101,0.666666667,0,0,192,36,12,96,7,63,0,8,135,260,260
7855,10,85576,2,6,2,2,0,1,0,1,1,54,0.033333333,0,0,0,0,0,0,0,0,0,0,5,6,0
7858,1016,346877,3,370,26,91,48,73,50,103,32,9,0.233333333,0,1,0,0,0,0,0,12,56,0,61,323,34
7863,281,346877,5,103,14,36,10,25,5,22,8,9,0.233333333,9,1,0,0,0,0,0,0,0,0,21,17,20
7867,68,140022,1,68,11,31,0,17,0,20,9,232,0.133333333,0,0,0,0,0,0,0,0,0,0,13,52,10
7868,260,346877,1,260,59,112,31,19,12,85,6,9,0.366666667,0,5,24,0,0,0,0,0,57,0,49,198,46
7881,388,261579,2,333,20,104,3,85,52,87,63,5,0.366666667,22,81,0,0,0,0,0,0,6,0,48,29,92
7887,438,261579,6,133,19,39,11,28,18,23,13,5,0.3,24,30,0,0,0,0,0,0,0,0,32,23,9
7905,252,42723,1,252,29,45,6,33,96,31,16,6,0.266666667,0,0,0,0,0,0,0,0,0,0,28,59,33
7910,237,261579,1,237,28,139,22,20,6,88,16,5,0.4,30,26,0,0,15,2,0,16,11,0,69,19,46
7925,45,247683,1,45,12,12,0,9,9,8,2,23,0.033333333,0,0,0,0,0,0,0,0,0,0,14,45,0
7934,292,502584,4,67,13,15,2,14,4,19,13,143,0.1,0,0,0,0,0,2,0,0,0,0,25,20,45
7942,219,85576,5,152,42,17,51,13,18,23,0,54,0.2,6,0,0,0,0,1,0,0,0,0,15,125,6
7960,4,502584,2,3,3,0,0,0,0,0,0,143,0.066666667,0,0,0,0,0,0,0,0,0,0,2,2,1
7990,679,260769,3,484,12,141,92,75,13,192,53,0,0.266666667,0,0,0,111,0,68,2,0,0,0,109,193,0
8003,26,457932,1,26,7,10,3,2,0,6,2,21,0.066666667,0,0,0,0,0,0,0,0,0,0,13,12,14
8017,1222,140022,1,1222,85,189,390,101,16,332,68,232,0.766666667,83,313,0,10,76,76,51,0,46,0,193,118,129
8018,132,457932,1,132,18,52,40,1,11,36,1,21,0.266666667,0,0,7,0,24,0,0,0,5,0,50,52,40
8036,6,42723,1,6,1,3,0,1,0,2,1,6,0.033333333,0,0,0,0,0,0,0,0,0,0,4,6,0
8051,111,346877,1,111,17,18,33,13,4,24,7,9,0.1,0,0,0,0,0,0,0,0,0,0,30,57,0
8066,82,42723,2,53,10,18,2,8,5,21,6,6,0.1,0,0,0,0,0,0,0,0,0,0,20,51,0
8097,1013,260769,3,404,24,92,71,80,2,126,47,0,0.333333333,6,0,0,0,0,0,0,14,52,0,125,103,0
8099,22,261579,2,10,9,0,0,0,0,0,0,5,0.066666667,0,0,0,0,0,0,0,0,0,0,7,10,0
8115,168,110497,5,8,3,3,0,1,0,2,1,24,0.066666667,0,0,0,0,0,0,0,0,0,0,5,7,0
8120,168,127749,5,2,2,0,0,0,0,0,0,102,0.033333333,0,0,0,0,0,0,0,0,0,0,2,2,0
8122,17,261579,1,17,7,5,0,2,1,2,2,5,0.033333333,0,0,0,0,0,0,0,0,0,0,6,17,0
8128,362,188602,1,362,19,68,156,59,0,75,35,96,0.2,0,0,0,0,0,0,0,0,0,0,122,149,0
8151,2503,502584,4,856,53,62,256,59,110,248,40,143,0.3,0,0,0,0,0,0,0,0,3,0,133,148,194
8159,16,85168,1,16,8,3,0,2,2,2,1,139,0.033333333,0,0,0,0,0,0,0,0,0,0,9,16,0
8162,431,250865,2,104,5,26,13,16,13,35,5,34,0.066666667,0,0,0,0,0,0,0,0,0,0,15,97,0
8163,538,260769,4,6,1,3,0,1,0,2,0,0,0.033333333,0,0,0,0,0,0,0,0,0,0,3,6,0
8164,826,86829,8,764,69,140,170,98,206,100,29,63,0.4,0,0,0,0,0,109,0,0,0,0,106,153,174
8176,4,502584,1,4,2,2,0,0,0,1,0,143,0.033333333,0,0,0,0,0,0,0,0,0,0,4,4,0
8178,1,250865,1,1,1,0,0,0,0,0,0,34,0.033333333,0,0,0,0,0,0,0,0,0,0,1,1,0
8183,942,85168,4,659,18,132,330,69,0,113,44,139,0.366666667,0,0,8,8,122,0,0,0,0,0,151,118,401
8186,18,250865,1,18,7,7,0,2,0,4,2,34,0.033333333,0,0,0,0,0,0,0,0,0,0,10,18,0
8189,47,127749,2,17,8,5,0,1,1,4,1,102,0.066666667,0,0,0,0,0,0,0,0,0,0,11,15,0
8191,34,457932,1,34,12,9,0,6,1,4,3,21,0.066666667,0,0,0,0,0,0,0,0,0,0,11,20,14
8192,6,250865,2,1,1,0,0,0,0,0,0,34,0.033333333,0,0,0,0,0,0,0,0,0,0,1,1,0
8194,123,346877,1,123,22,41,26,3,11,31,2,9,0.2,0,0,0,0,0,0,0,0,0,0,25,87,25
8197,211,250865,6,108,14,32,12,21,0,36,12,34,0.166666667,0,0,0,17,6,15,0,0,0,0,16,71,14
8200,146,346877,1,146,15,55,27,24,1,42,12,9,0.166666667,0,0,0,0,0,0,0,0,25,0,32,30,0
8202,14,502584,1,14,8,4,0,0,1,3,0,143,0.033333333,0,0,0,0,0,0,0,0,0,0,9,14,0
8216,222,346877,4,64,11,16,13,9,3,14,4,9,0.166666667,0,0,0,0,0,0,0,0,0,0,17,16,0
8220,222,261579,4,59,4,22,0,18,0,17,15,5,0.1,0,0,0,0,0,0,0,0,0,0,29,9,0
8232,941,502584,6,610,64,82,191,50,19,201,34,143,0.366666667,2,0,0,0,0,135,0,0,0,0,135,1,126
8235,103,346877,2,88,6,20,23,7,12,29,1,9,0.1,0,0,8,0,0,0,0,0,0,0,18,80,8
8241,108,346877,1,108,10,33,26,21,0,32,8,9,0.133333333,7,0,0,0,0,0,0,0,0,0,27,31,6
8253,97,261579,1,97,3,64,13,9,0,62,8,5,0.266666667,9,15,0,0,0,6,0,19,0,0,57,18,9
8260,3031,127749,14,387,24,148,69,90,20,119,31,102,0.366666667,9,0,0,0,0,0,4,0,0,0,68,17,9
8262,336,247683,1,336,58,122,23,97,10,86,18,23,0.266666667,0,0,0,76,0,0,0,0,40,0,61,77,109
8267,41,399092,1,41,20,6,0,6,4,6,1,101,0.166666667,0,0,0,0,0,0,0,0,0,2,11,33,0
8274,10,85168,1,10,6,2,0,0,1,1,0,139,0.033333333,0,0,0,0,0,0,0,0,0,0,6,10,0
8277,364,247683,1,364,30,84,12,73,131,63,33,23,0.266666667,0,84,0,17,29,0,0,11,0,0,66,81,82
8282,737,457932,2,165,8,42,22,39,15,41,31,21,0.066666667,23,0,0,0,0,0,0,0,0,0,42,142,0
8283,21,457932,2,19,4,7,1,5,0,4,2,21,0.133333333,0,0,0,0,0,0,0,0,0,0,10,1,4
8285,870,399092,3,687,35,87,211,61,12,202,33,101,0.333333333,0,0,0,0,0,0,0,0,0,0,117,289,135
8325,6,247683,2,2,2,0,0,0,0,0,0,23,0.033333333,0,0,0,0,0,0,0,0,0,0,2,2,0
8333,380,42723,5,124,18,58,6,14,17,42,6,6,0.266666667,0,17,0,0,0,0,0,0,5,0,23,21,30
8347,1145,346877,4,231,22,77,25,56,3,62,25,9,0.233333333,12,0,0,4,125,4,0,0,20,0,32,86,0
8367,116,250865,6,38,13,18,0,5,0,8,2,34,0.133333333,3,0,0,0,0,0,0,0,0,0,11,16,17
8374,7,346877,1,7,2,2,0,1,1,2,1,9,0.033333333,0,0,0,0,0,0,0,0,0,0,5,7,0
8395,67,250865,1,67,17,22,1,15,2,14,2,34,0.033333333,0,0,0,0,0,0,0,0,0,0,11,67,0
8407,561,261579,5,228,12,88,16,62,3,63,43,5,0.266666667,0,0,0,0,0,39,0,0,0,0,77,36,7
8416,197,127749,4,135,10,25,50,19,1,22,12,102,0.133333333,0,0,0,0,0,0,0,0,0,0,44,26,27
8432,95,457932,2,72,5,26,7,17,0,29,11,21,0.133333333,0,0,0,0,0,0,0,0,0,0,24,1,0
8433,43,250865,2,27,6,3,0,3,2,8,2,34,0.033333333,0,0,0,0,0,0,0,0,0,0,8,27,0
8439,2143,502584,7,893,57,110,264,70,36,217,41,143,0.366666667,0,0,0,0,0,54,89,0,0,0,161,100,365
8445,867,110497,3,655,54,118,45,67,258,140,11,24,0.466666667,0,11,66,59,15,11,0,17,141,2,44,76,59
8452,432,247683,2,225,22,105,31,10,44,86,3,23,0.4,0,0,14,4,15,0,0,0,50,0,81,103,29
8458,1869,110497,2,1349,136,362,92,260,178,350,60,24,0.7,52,5,94,90,70,0,23,0,31,14,91,396,200
8464,89,399092,1,89,3,14,26,10,5,26,4,101,0.066666667,0,0,0,0,0,0,0,0,0,0,23,1,0
8465,245,250865,2,220,14,50,34,43,47,64,1,34,0.133333333,0,0,0,0,0,0,0,0,0,0,23,1,20
8466,452,457932,5,9,2,5,2,0,0,4,0,21,0.066666667,0,0,0,0,0,0,0,0,0,0,7,8,0
8475,43,260769,2,16,6,4,0,3,1,2,2,0,0.066666667,0,0,0,0,0,0,0,0,0,0,6,8,0
8476,15,346877,1,15,2,5,0,4,0,4,4,9,0.033333333,0,0,0,0,0,0,0,0,0,0,9,15,0
8477,193,260769,8,34,11,21,0,1,0,14,1,0,0.1,0,0,0,0,0,0,0,0,0,0,12,19,0
8481,258,502584,3,251,26,60,16,21,0,103,17,143,0.333333333,0,0,18,0,0,39,0,0,0,0,42,43,78
8492,194,346877,3,17,6,11,0,0,0,8,0,9,0.133333333,0,0,0,0,0,0,0,0,0,0,8,11,2
8493,1151,250865,3,179,12,49,15,37,41,38,11,34,0.133333333,0,0,0,0,0,0,0,0,0,0,17,6,149
8499,267,247683,1,267,57,71,29,40,48,78,10,23,0.533333333,0,0,10,9,1,20,0,3,36,0,62,88,43
8507,899,110497,5,167,24,46,4,32,22,41,11,24,0.2,0,0,0,0,0,0,0,0,0,0,28,7,66
8532,110,502584,5,23,4,8,0,5,0,5,4,143,0.033333333,0,0,0,0,0,0,0,0,0,0,11,23,0
8536,667,188602,6,150,16,79,7,21,2,57,18,96,0.266666667,0,0,0,0,0,0,10,0,0,0,50,55,16
8545,1483,188602,1,1483,45,259,234,236,226,485,97,96,0.466666667,51,88,174,128,88,0,10,8,94,0,131,224,180
8576,528,346877,2,211,25,58,26,40,5,65,23,9,0.266666667,0,0,0,1,0,0,55,0,91,30,61,2,0
8577,115,260769,3,62,2,20,0,19,0,20,19,0,0.033333333,0,0,0,0,0,0,0,0,0,0,26,62,0
8588,148,140022,2,22,5,8,0,5,0,9,0,232,0.066666667,0,0,0,0,0,0,0,0,0,0,9,8,14
8592,31,502584,1,31,4,14,0,5,0,8,3,143,0.1,5,0,0,0,0,0,0,0,0,0,11,19,5
8603,156,346877,2,141,17,49,32,2,23,48,1,9,0.233333333,0,0,0,22,0,0,0,0,4,32,46,80,32
8607,286,399092,5,68,32,15,0,10,2,7,4,101,0.2,0,0,0,0,0,0,0,0,0,0,17,3,22
8614,1679,399092,1,1679,183,304,400,31,134,547,16,101,0.766666667,129,210,2,0,2,0,40,0,0,64,140,163,337
8621,614,502584,1,614,45,89,189,13,38,171,8,143,0.5,0,0,0,0,4,0,64,0,0,0,104,202,111
8622,228,127749,4,21,2,8,0,6,0,5,5,102,0.066666667,0,0,0,0,0,0,0,0,0,0,13,12,9
8631,594,261579,4,413,46,111,9,78,120,65,45,5,0.433333333,0,0,0,0,0,0,0,0,0,0,81,82,46
8639,403,346877,3,8,4,2,0,1,0,1,1,9,0.033333333,0,0,0,0,0,0,0,0,0,0,5,8,0
8642,225,457932,3,60,4,35,18,1,0,32,0,21,0.066666667,0,0,0,0,0,0,0,20,0,0,32,40,20
8657,2214,188602,5,464,22,188,65,100,31,170,21,96,0.5,1,1,0,3,0,0,0,0,0,0,60,141,94
8669,41,457932,2,40,7,14,6,6,1,11,2,21,0.1,0,0,0,0,0,0,0,0,0,0,17,12,11
8682,118,502584,1,118,10,16,46,7,0,44,2,143,0.233333333,0,0,2,0,2,0,0,0,0,0,27,16,3
8689,10,261579,2,4,1,2,0,1,0,1,0,5,0.033333333,0,0,0,0,0,0,0,0,0,0,3,4,0
8725,103,399092,2,102,32,20,0,13,29,11,4,101,0.366666667,0,2,0,0,0,25,2,0,0,0,12,59,6
8730,638,86829,3,368,37,92,91,3,88,76,2,63,0.233333333,0,0,0,0,0,0,0,0,0,0,52,99,24
8731,52,261579,2,21,4,10,0,4,0,4,3,5,0.066666667,0,0,0,0,0,0,0,0,0,0,5,21,0
8735,214,346877,1,214,34,48,29,30,40,42,11,9,0.266666667,0,0,0,0,23,0,0,0,11,0,40,87,0
8767,122,457932,5,1,1,0,0,0,0,0,0,21,0.033333333,0,0,0,0,0,0,0,0,0,0,1,1,0
8777,493,457932,1,493,46,179,34,130,4,132,96,21,0.366666667,0,0,39,108,0,0,40,0,0,48,62,117,89
8779,139,457932,2,116,12,36,18,31,2,16,13,21,0.333333333,8,0,0,0,2,2,0,0,2,0,38,31,11
8786,5,250865,1,5,2,2,0,0,1,1,0,34,0.033333333,0,0,0,0,0,0,0,0,0,0,4,5,0
8791,590,86829,5,45,6,22,0,12,0,16,4,63,0.133333333,0,0,0,0,0,0,0,0,0,0,14,27,0
8794,130,346877,3,118,8,27,40,21,0,35,0,9,0.166666667,0,7,21,0,0,0,0,0,0,0,31,39,7
8815,255,127749,5,1,1,0,0,0,0,0,0,102,0.033333333,0,0,0,0,0,0,0,0,0,0,1,1,0
8827,58,399092,1,58,20,18,0,9,2,13,2,101,0.133333333,0,17,0,0,0,0,0,0,0,0,13,19,21
8835,275,247683,2,273,16,92,32,81,18,73,34,23,0.2,0,4,0,0,0,0,46,0,0,38,81,105,0
8851,309,457932,2,146,12,95,22,5,1,77,5,21,0.133333333,0,0,0,0,52,0,0,14,0,0,41,68,0
8854,71,261579,2,53,6,40,3,2,0,22,2,5,0.1,0,0,11,0,0,0,0,0,0,0,19,6,36
8864,1005,110497,2,621,100,225,54,125,43,154,15,24,0.5,0,30,35,0,0,0,0,30,24,0,43,143,81
8867,16,399092,4,4,2,2,0,0,0,1,0,101,0.033333333,0,0,0,0,0,0,0,0,0,0,4,4,0
8871,44,457932,1,44,4,31,8,0,0,28,0,21,0.033333333,0,0,0,0,0,0,0,0,0,0,18,44,0
8900,369,346877,3,180,9,76,42,25,2,76,10,9,0.2,0,35,3,0,2,0,0,0,0,10,41,130,13
8901,501,247683,1,501,51,253,17,127,2,205,45,23,0.366666667,0,0,0,21,0,0,48,0,0,0,67,97,58
8902,16,457932,1,16,2,4,4,1,0,6,1,21,0.033333333,0,0,0,0,0,0,0,0,0,0,8,16,0
8904,164,346877,4,16,3,9,0,2,0,6,2,9,0.066666667,0,0,0,0,0,0,0,0,0,0,9,6,0
8909,257,27035,3,90,16,41,0,11,11,28,4,60,0.233333333,0,0,0,11,0,22,0,0,0,0,25,8,6
8911,882,27035,2,866,44,172,114,154,28,337,125,60,0.4,0,0,0,0,0,0,0,108,106,0,179,428,0
8922,1124,502584,6,672,26,198,209,12,33,300,9,143,0.633333333,16,33,1,30,87,51,10,12,6,3,123,103,228
8946,78,502584,9,13,3,6,0,2,0,3,2,143,0.033333333,0,0,0,0,0,0,0,0,0,0,8,13,0
8950,1,260769,1,1,1,0,0,0,0,0,0,0,0.033333333,0,0,0,0,0,0,0,0,0,0,1,1,0
8951,507,457932,4,48,3,19,4,14,0,12,8,21,0.066666667,0,0,0,0,0,0,0,0,0,0,24,40,8
8958,658,261579,1,658,81,140,5,97,270,83,47,5,0.433333333,12,0,6,0,0,0,0,5,0,0,83,22,362
8959,66,250865,3,58,6,29,0,5,0,35,2,34,0.1,0,0,0,0,0,0,0,0,0,0,9,2,4
8962,123,188602,1,123,8,47,40,3,8,46,2,96,0.166666667,41,0,0,0,0,0,0,0,0,0,26,36,5
8966,230,346877,1,230,42,71,31,29,16,56,4,9,0.566666667,55,0,11,0,0,0,0,0,0,0,30,80,29
8979,19,250865,2,7,3,2,0,1,0,1,1,34,0.033333333,0,0,0,0,0,0,0,0,0,0,6,7,0
8992,2674,188602,11,1230,74,575,240,17,226,567,15,96,0.533333333,0,0,0,29,0,32,0,0,0,0,131,604,175
8998,1039,250865,4,41,13,2,0,1,22,2,0,34,0.066666667,0,0,0,0,0,0,0,0,0,0,7,34,0
9008,70,42723,4,33,18,5,0,2,4,4,0,6,0.066666667,0,0,0,0,0,0,0,0,0,0,10,33,0
9010,78,46603,9,6,2,2,0,1,0,1,1,5,0.033333333,0,0,0,0,0,0,0,0,0,0,5,6,0
9018,17,346877,1,17,8,3,0,2,2,3,0,9,0.066666667,0,0,0,1,0,0,0,0,0,0,7,16,0
9040,196,85576,2,1,1,0,0,0,0,0,0,54,0.033333333,0,0,0,0,0,0,0,0,0,0,1,1,0
9042,695,42723,2,160,18,43,0,33,6,47,18,6,0.166666667,0,0,0,0,0,0,0,0,0,0,23,35,0
9048,447,346877,3,62,12,15,22,2,0,24,1,9,0.133333333,5,0,0,0,0,0,0,0,0,0,14,14,11
9049,695,502584,2,535,22,71,129,55,38,177,26,143,0.233333333,66,0,0,0,0,0,0,0,0,0,89,161,157
9056,69,346877,1,69,9,28,0,19,0,21,11,9,0.066666667,0,0,0,0,0,0,0,0,0,0,21,33,36
9062,45,188602,1,45,9,20,0,9,0,19,3,96,0.033333333,0,0,0,0,0,0,0,0,0,0,14,45,0
9076,105,247683,4,21,2,15,0,2,0,7,2,23,0.066666667,0,16,0,0,0,0,0,0,0,0,10,5,0
9078,3,110497,3,1,1,0,0,0,0,0,0,24,0.033333333,0,0,0,0,0,0,0,0,0,0,1,1,0
9082,23,46603,2,14,4,3,0,3,0,3,3,5,0.033333333,0,0,0,0,0,0,0,0,0,0,11,14,0
9112,1650,85576,16,16,2,6,0,4,0,4,3,54,0.033333333,0,0,0,0,0,0,0,0,0,0,9,16,0
9127,179,250865,1,179,26,44,18,26,8,57,9,34,0.133333333,0,0,39,0,0,0,0,0,0,0,23,32,18
9128,556,85576,14,74,7,16,28,10,6,8,3,54,0.066666667,0,0,0,0,0,0,0,0,0,0,11,8,66
9138,156,250865,2,15,2,7,4,1,0,6,0,34,0.066666667,0,0,14,0,0,0,0,0,0,0,7,1,0
9147,9,346877,1,9,1,6,0,1,0,5,1,9,0.033333333,0,0,0,0,0,0,0,0,0,0,7,9,0
9176,8,260769,1,8,1,4,0,2,0,3,1,0,0.033333333,0,0,0,0,0,0,0,0,0,0,5,8,0
9192,7,457932,1,7,1,6,0,0,0,5,0,21,0.033333333,0,0,0,0,0,0,0,0,0,0,6,7,0
9208,433,260769,4,408,37,185,59,0,24,182,0,0,0.366666667,17,25,0,0,0,0,0,0,0,0,46,57,67
9209,540,260769,2,539,23,206,126,15,27,249,15,0,0.2,0,0,0,0,0,0,0,6,97,0,65,186,0
9216,501,250865,6,107,7,25,16,20,8,37,4,34,0.133333333,0,0,0,0,0,0,0,0,0,0,13,54,20
9226,9,261579,1,9,2,5,0,1,0,4,1,5,0.033333333,0,0,0,0,0,0,0,0,0,0,6,9,0
9227,613,250865,1,613,36,122,48,93,151,194,21,34,0.3,0,4,0,0,0,86,0,0,0,117,41,148,117
9228,16,457932,1,16,2,7,4,1,0,6,1,21,0.033333333,0,0,0,0,0,0,0,0,0,0,10,16,0
9248,11,399092,1,11,11,0,0,0,0,0,0,101,0.2,0,0,0,0,0,0,0,0,0,0,2,3,1
9255,274,399092,2,43,16,2,0,2,10,8,2,101,0.1,0,0,0,0,0,0,0,0,0,0,9,22,0
9262,384,250865,4,42,3,13,5,12,0,16,5,34,0.066666667,0,0,0,0,0,0,0,0,0,0,7,40,0
9271,1014,502584,4,846,42,161,237,69,63,285,38,143,0.4,1,0,0,0,0,0,0,0,51,0,136,32,0
9280,44,346877,1,44,13,10,0,6,5,5,2,9,0.033333333,0,0,0,0,0,0,0,0,0,0,10,44,0
9285,33,250865,2,16,3,5,0,4,3,4,1,34,0.033333333,0,0,0,0,0,0,0,0,0,0,8,16,0
9290,105,140022,4,20,6,8,0,4,0,3,2,232,0.066666667,0,0,0,0,0,0,0,0,0,0,8,10,10
9300,455,346877,2,172,13,39,47,29,0,45,18,9,0.233333333,0,0,0,0,5,5,0,0,0,35,59,45,0
9321,221,110497,4,20,10,5,0,1,2,2,1,24,0.066666667,0,0,0,0,0,0,0,0,0,0,9,19,0
9337,156,346877,3,42,3,15,16,1,0,13,1,9,0.066666667,0,0,0,0,0,0,0,0,0,0,14,42,0
9346,246,261579,3,233,25,169,0,18,0,117,13,5,0.466666667,9,20,0,0,0,23,0,0,0,0,48,36,14
9351,10,261579,3,6,2,2,0,1,0,1,1,5,0.033333333,0,0,0,0,0,0,0,0,0,0,5,6,0
9364,70,457932,1,70,10,18,15,14,1,13,9,21,0.033333333,0,0,0,0,0,0,0,0,0,0,33,70,0
9377,2518,46603,9,263,22,96,20,62,14,74,32,5,0.3,42,0,0,0,0,49,8,0,46,0,69,81,0
9386,16,261579,1,16,1,7,0,4,0,6,4,5,0.033333333,0,0,0,0,0,0,0,0,0,0,7,16,0
9395,127,261579,5,41,6,7,0,6,20,5,1,5,0.033333333,0,0,0,0,0,0,0,0,0,0,9,41,0
9398,401,457932,5,139,21,51,11,25,21,21,9,21,0.4,4,0,12,2,0,4,0,0,4,4,35,69,16
9403,42,457932,2,27,5,8,3,6,0,5,4,21,0.033333333,0,0,0,0,0,0,0,0,0,0,13,27,0
9405,113,457932,1,113,13,49,41,5,0,35,2,21,0.1,0,0,0,0,0,0,0,0,43,49,49,21,0
9420,76,457932,1,76,10,31,8,14,1,22,9,21,0.066666667,0,0,0,0,0,0,0,0,0,0,25,36,0
9432,1033,502584,2,870,33,138,240,13,46,375,10,143,0.366666667,0,0,98,0,0,0,106,153,65,0,111,34,78
9435,407,457932,1,407,18,145,54,99,12,121,67,21,0.3,10,0,41,0,0,0,0,4,62,0,93,92,4
9447,1,110497,1,1,1,0,0,0,0,0,0,24,0.033333333,0,0,0,0,0,0,0,0,0,0,1,1,0
9455,30,399092,2,1,1,0,0,0,0,0,0,101,0.033333333,0,0,0,0,0,0,0,0,0,0,1,1,0
9476,73,24979,5,14,4,6,0,2,0,3,2,25,0.033333333,0,0,0,0,0,0,0,0,0,0,9,14,0
9493,580,247683,3,263,18,89,21,71,13,87,45,23,0.433333333,0,0,0,1,8,7,9,27,0,0,71,55,62
9509,213,260769,4,26,4,13,0,6,0,13,3,0,0.066666667,0,0,0,0,0,0,0,0,0,0,11,17,0
9516,103,24979,1,103,6,11,38,9,25,8,4,25,0.066666667,0,0,0,98,0,0,0,0,0,0,20,5,0
9523,155,399092,3,7,7,0,0,0,0,0,0,101,0.1,0,0,0,0,0,0,0,0,0,0,2,3,2
9529,155,27035,3,1,1,0,0,0,0,0,0,60,0.033333333,0,0,0,0,0,0,0,0,0,0,1,1,0
9539,280,457932,1,280,30,61,39,57,27,57,46,21,0.233333333,0,87,4,0,0,0,0,0,0,0,58,146,6
9544,2461,27035,5,836,46,269,18,173,50,374,89,60,0.5,0,0,37,0,0,0,0,0,10,307,134,237,468
9551,90,457932,2,43,6,6,4,3,21,3,0,21,0.033333333,0,0,0,0,0,0,0,0,0,0,9,43,0
9571,10,250865,2,6,2,2,0,1,0,1,1,34,0.033333333,0,0,0,0,0,0,0,0,0,0,5,6,0
9576,10,85168,1,10,5,1,0,1,1,1,1,139,0.033333333,0,0,0,0,0,0,0,0,0,0,7,10,0
9580,52,247683,1,52,9,13,0,8,13,10,0,23,0.066666667,0,0,0,0,0,0,0,0,0,0,8,52,0
9583,535,85576,3,55,6,14,12,9,4,11,4,54,0.066666667,0,0,0,0,0,0,0,0,0,0,12,31,24
9585,17,457932,1,17,6,2,4,0,2,2,0,21,0.033333333,0,0,0,0,0,0,0,0,0,0,8,17,0
9586,348,457932,2,347,34,85,40,68,60,56,48,21,0.3,0,0,38,0,0,14,2,0,0,0,78,141,140
9593,50,261579,1,50,6,13,0,7,20,3,3,5,0.066666667,0,0,0,0,0,0,0,0,0,0,11,9,0
9598,980,260769,17,268,36,77,58,12,0,126,21,0,0.333333333,0,0,0,0,0,0,0,0,0,45,68,135,47
9599,980,261579,17,101,24,55,6,7,0,55,1,5,0.2,5,0,0,0,0,1,0,0,0,27,38,21,27
9602,980,85576,17,14,11,1,0,1,0,2,0,54,0.2,0,2,0,0,0,0,0,0,0,0,4,1,2
9603,980,46603,17,10,10,0,0,0,0,0,0,5,0.166666667,0,0,0,0,0,0,0,0,0,0,2,2,0
9604,980,42723,17,17,17,0,0,0,0,0,0,6,0.266666667,0,0,0,4,0,0,0,0,0,0,4,3,1
9608,980,250865,17,81,25,12,13,4,1,29,1,34,0.333333333,0,0,2,0,0,0,0,0,0,2,14,30,44
9620,259,502584,1,259,15,69,40,44,9,83,29,143,0.233333333,0,0,0,12,0,24,0,0,0,0,59,57,116
9622,1,140022,1,1,1,0,0,0,0,0,0,232,0.033333333,0,0,0,0,0,0,0,0,0,0,1,1,0
9625,478,260769,3,418,19,119,57,91,3,140,65,0,0.4,29,14,5,125,1,0,0,0,0,0,100,163,73
9626,305,85576,2,292,35,111,103,4,0,108,1,54,0.3,11,100,32,0,0,0,0,20,0,47,47,136,0
9630,195,250865,3,1,1,0,0,0,0,0,0,34,0.033333333,0,0,0,0,0,0,0,0,0,0,1,1,0
9644,129,261579,1,129,15,29,0,26,5,62,18,5,0.166666667,0,0,0,0,0,0,0,0,0,0,36,67,0
9646,980,85168,17,1,1,0,0,0,0,0,0,139,0.033333333,0,0,0,0,0,0,0,0,0,0,1,1,0
9648,888,260769,3,548,40,177,46,82,55,173,54,0,0.5,109,48,0,0,3,6,3,0,0,42,90,25,53
9652,440,261579,4,205,15,73,16,55,7,50,39,5,0.266666667,46,26,0,0,0,0,0,30,33,0,92,54,33
9656,6,188602,1,6,2,2,0,1,0,1,1,96,0.033333333,0,0,0,0,0,0,0,0,0,0,4,6,0
9665,210,247683,1,210,9,82,19,66,0,68,31,23,0.2,0,24,0,0,0,0,0,41,0,0,65,11,101
9679,385,457932,2,19,4,8,0,4,0,7,3,21,0.066666667,0,0,0,0,0,0,0,0,0,0,8,18,0
9690,2,250865,1,2,2,0,0,0,0,0,0,34,0.033333333,0,0,0,0,0,0,0,0,0,0,2,2,0
9698,832,260769,6,112,5,47,10,18,0,48,11,0,0.133333333,0,0,0,0,0,0,0,0,0,0,23,13,0
9708,79,260769,4,2,2,0,0,0,0,0,0,0,0.066666667,0,0,0,0,0,0,0,0,0,0,2,1,1
9714,746,502584,4,723,19,91,195,74,95,209,43,143,0.3,0,0,0,0,0,0,0,274,108,0,111,91,0
9718,300,127749,4,170,6,69,61,21,0,38,8,102,0.133333333,0,0,23,0,0,0,0,0,0,0,41,143,23
9745,867,85576,3,211,22,30,34,22,78,25,10,54,0.2,0,0,0,0,0,0,0,0,0,0,25,128,1
9759,22,457932,1,22,5,9,4,0,3,8,0,21,0.033333333,0,0,0,0,0,0,0,0,0,0,12,22,0
9762,545,188602,2,140,11,72,18,10,4,73,7,96,0.166666667,0,0,0,0,0,0,0,0,0,0,27,93,16
9765,79,250865,1,79,15,25,21,1,0,26,1,34,0.266666667,0,0,0,0,0,0,0,0,0,0,18,18,18
9769,39,457932,1,39,7,12,9,0,3,15,0,21,0.033333333,0,0,0,0,0,0,0,0,0,0,17,39,0
9776,7,502584,1,7,2,3,0,1,0,2,1,143,0.033333333,0,0,0,0,0,0,0,0,0,0,6,7,0
9778,155,502584,3,61,19,11,0,1,17,6,1,143,0.033333333,0,0,0,0,0,0,0,0,0,0,13,61,0
9786,112,346877,1,112,8,49,0,33,0,29,22,9,0.266666667,0,0,0,0,19,0,0,0,0,8,32,40,49
9789,1029,188602,2,340,10,61,183,42,0,69,16,96,0.233333333,0,0,0,0,0,3,0,0,0,0,68,30,0
9795,175,457932,3,107,16,38,13,21,0,26,16,21,0.066666667,0,0,0,0,0,0,0,0,0,0,31,59,48
9806,74,346877,1,74,24,26,10,5,0,21,5,9,0.2,0,0,0,0,6,0,0,0,0,0,20,31,18
9832,203,188602,2,188,10,59,20,52,4,47,40,96,0.1,0,47,0,0,0,0,0,0,0,0,50,74,67
9835,529,346877,1,529,58,148,46,101,97,128,35,9,0.5,0,20,0,0,0,0,0,24,41,23,59,390,37
9840,12,399092,1,12,12,0,0,0,0,0,0,101,0.133333333,0,0,1,0,0,0,0,0,0,1,2,8,2
9867,139,346877,4,16,3,10,0,2,0,7,1,9,0.066666667,0,0,0,0,0,0,0,0,0,0,7,10,6
9870,591,399092,1,591,49,124,81,64,112,145,21,101,0.333333333,0,1,0,0,0,0,0,0,0,0,60,274,129
9892,16,457932,1,16,3,6,4,1,0,5,1,21,0.033333333,0,0,0,0,0,0,0,0,0,0,11,16,0
9898,480,457932,1,480,91,237,47,29,46,149,18,21,0.5,18,0,8,0,64,0,12,8,0,38,63,115,166
9914,263,261579,1,263,15,93,8,66,38,64,37,5,0.566666667,0,0,0,0,0,0,9,0,5,3,68,51,34
9920,64,502584,1,64,19,15,2,12,1,14,10,143,0.066666667,0,0,0,0,0,0,0,0,0,0,25,40,24
9926,54,346877,2,52,9,15,16,2,1,16,0,9,0.066666667,0,0,0,0,0,0,0,0,0,0,22,24,0
9927,647,457932,2,309,54,79,35,56,51,42,28,21,0.466666667,64,0,0,0,0,0,16,6,0,7,68,81,63
9932,37,502584,1,37,3,7,0,6,0,15,6,143,0.066666667,0,0,0,0,0,0,0,0,0,0,8,2,0
9938,30,457932,2,22,2,6,4,5,0,5,4,21,0.033333333,0,0,0,0,0,0,0,0,0,0,13,22,0
9944,464,85168,9,295,8,49,91,34,0,85,20,139,0.433333333,0,3,0,0,0,0,0,0,0,0,85,70,65
9960,1055,250865,4,692,60,120,84,3,223,229,2,34,0.4,75,11,0,4,4,0,4,0,0,0,33,177,212
9966,37,46603,3,9,1,5,0,2,0,2,1,5,0.033333333,0,0,0,0,0,0,0,0,0,0,5,9,0
9968,121,260769,3,21,2,7,0,1,0,11,1,0,0.033333333,0,0,0,0,0,0,0,0,0,0,8,21,0
9973,457,86829,3,397,19,58,169,50,43,57,27,63,0.266666667,0,0,0,0,0,0,0,0,0,0,88,162,0
9982,141,188602,3,96,2,8,84,1,0,5,0,96,0.066666667,0,0,0,0,0,0,0,0,0,0,10,95,1
9985,300,250865,1,300,29,103,23,7,56,143,0,34,0.2,0,0,0,0,23,99,0,0,0,0,23,122,42
9996,767,260769,5,101,8,27,13,21,3,27,15,0,0.166666667,0,0,0,0,0,0,0,0,0,0,28,65,0
9999,165,502584,2,111,9,47,16,15,5,46,3,143,0.2,0,0,0,0,0,25,0,0,0,0,22,6,26
10000,314,188602,1,314,18,66,116,37,0,74,23,96,0.2,32,0,0,0,0,0,0,0,0,0,56,124,142
10001,271,346877,1,271,27,44,33,28,92,48,12,9,0.233333333,0,0,0,22,22,0,0,0,0,0,43,188,1
10003,37,261579,3,8,4,2,0,1,0,1,1,5,0.033333333,0,0,0,0,0,0,0,0,0,0,4,8,0
10006,37,457932,3,20,1,5,5,4,0,4,3,21,0.033333333,0,0,0,0,0,0,0,0,0,0,8,20,0
10013,207,86829,1,207,35,24,0,12,131,0,0,63,0.2,0,0,0,0,0,0,0,0,0,0,7,113,21
10021,317,86829,1,317,15,45,46,33,156,34,8,63,0.133333333,0,0,0,0,0,0,0,0,0,0,39,153,0
10046,368,250865,3,150,7,48,22,38,1,53,7,34,0.133333333,0,0,0,0,0,0,0,0,0,0,17,58,63
10060,345,399092,2,334,15,97,75,27,5,136,13,101,0.266666667,59,0,0,0,0,9,0,105,114,0,48,139,126
10069,180,127749,4,36,6,14,0,10,0,7,6,102,0.066666667,0,0,0,0,0,0,0,0,0,0,19,20,0
10080,356,247683,1,356,26,127,22,106,26,90,47,23,0.233333333,0,0,0,82,0,0,0,0,32,0,78,20,125
10090,247,261579,2,241,34,74,8,46,38,75,38,5,0.2,2,71,0,0,0,0,0,0,0,24,41,107,50
10098,12,110497,1,12,2,4,0,3,0,3,3,24,0.033333333,0,0,0,0,0,0,0,0,0,0,7,12,0
10104,1017,502584,3,743,33,151,201,85,111,255,1,143,0.333333333,0,0,0,22,165,0,0,9,6,0,128,217,106
10105,99,457932,4,68,9,38,1,9,0,36,9,21,0.333333333,0,4,0,0,4,1,0,0,0,0,16,21,6
10108,668,457932,9,54,4,19,2,9,2,15,7,21,0.066666667,0,0,0,0,0,0,0,0,0,0,21,53,0
10111,17,457932,2,15,1,4,6,2,0,3,1,21,0.033333333,0,0,0,0,0,0,0,0,0,0,7,15,0
10112,2,85576,2,1,1,0,0,0,0,0,0,54,0.033333333,0,0,0,0,0,0,0,0,0,0,1,1,0
10128,17,261579,2,7,1,4,0,1,0,3,1,5,0.033333333,0,0,0,0,0,0,0,0,0,0,5,7,0
10139,199,502584,1,199,14,11,54,9,18,63,7,143,0.1,0,52,0,0,0,0,0,0,0,0,33,60,87
10165,28,85576,2,26,7,8,0,2,0,8,2,54,0.1,0,0,0,0,0,0,0,0,0,0,10,22,0
10170,162,399092,5,33,7,13,0,9,1,6,3,101,0.133333333,0,0,19,0,0,1,0,0,0,0,8,20,0
10177,1128,502584,4,819,61,217,150,105,53,285,38,143,0.666666667,52,22,0,1,0,0,0,0,65,36,120,105,196
10194,214,457932,2,213,19,106,48,14,2,75,18,21,0.433333333,8,0,0,0,0,0,30,0,0,0,65,44,67
10202,104,346877,2,70,15,32,0,16,1,22,3,9,0.133333333,0,0,0,0,0,0,0,0,0,0,12,47,0
10204,178,85168,1,178,22,58,37,37,2,41,16,139,0.2,0,0,0,0,0,5,0,0,0,0,45,75,0
10211,330,247683,1,330,21,122,33,96,7,92,47,23,0.333333333,4,0,0,0,0,6,0,0,0,0,70,108,199
10213,611,110497,7,2,2,0,0,0,0,0,0,24,0.033333333,0,0,0,0,0,0,0,0,0,0,2,2,0
10218,60,85576,1,60,12,27,0,12,1,19,4,54,0.066666667,0,0,0,0,0,0,0,0,0,0,12,28,32
10219,133,250865,2,127,14,44,16,27,2,41,7,34,0.166666667,0,0,0,0,0,0,0,0,0,0,26,16,18
10245,312,250865,1,312,48,82,39,47,6,74,23,34,0.4,0,0,0,0,0,6,0,0,28,0,38,95,55
10247,57,188602,2,41,14,18,0,6,0,4,3,96,0.133333333,0,0,0,0,0,0,0,0,0,0,8,3,14
10250,26,85576,3,10,3,3,0,2,0,2,2,54,0.033333333,0,0,0,0,0,0,0,0,0,0,8,10,0
10259,5,247683,1,5,1,2,0,1,0,1,1,23,0.033333333,0,0,0,0,0,0,0,0,0,0,4,5,0
10273,681,250865,8,14,14,0,0,0,0,0,0,34,0.233333333,0,2,0,0,0,3,0,0,2,0,3,6,0
10274,81,250865,5,1,1,0,0,0,0,0,0,34,0.033333333,0,0,0,0,0,0,0,0,0,0,1,1,0
10277,2,260769,2,1,1,0,0,0,0,0,0,0,0.033333333,0,0,0,0,0,0,0,0,0,0,1,1,0
10278,681,261579,8,6,4,1,0,1,0,1,0,5,0.066666667,0,0,5,0,0,0,0,0,0,0,5,1,0
10279,81,260769,5,1,1,0,0,0,0,0,0,0,0.033333333,0,0,0,0,0,0,0,0,0,0,1,1,0
10280,205,346877,2,157,16,61,30,21,6,42,11,9,0.3,0,0,0,0,0,0,0,26,17,0,40,69,21
10286,681,46603,8,69,24,19,3,12,0,15,10,5,0.3,4,0,0,0,3,0,2,4,48,0,20,8,0
10293,700,260769,2,415,18,155,96,20,24,186,10,0,0.366666667,0,0,42,0,0,0,0,0,41,0,81,344,45
10296,2042,260769,4,325,62,74,61,55,33,56,14,0,0.333333333,0,0,0,0,0,22,0,0,22,0,68,241,3
10304,12,140022,2,5,5,0,0,0,0,0,0,232,0.033333333,0,0,0,0,0,0,0,0,0,0,2,5,0
10327,45,110497,2,1,1,0,0,0,0,0,0,24,0.033333333,0,0,0,0,0,0,0,0,0,0,1,1,0
10328,376,346877,3,161,16,40,40,31,1,39,15,9,0.233333333,0,7,42,0,0,0,0,0,0,0,45,82,42
10333,594,502584,5,432,45,71,63,48,51,118,26,143,0.233333333,0,0,0,0,0,0,0,0,0,0,35,122,13
10344,1540,188602,5,699,52,140,146,101,157,128,28,96,0.466666667,0,17,66,0,0,0,0,0,4,0,97,273,150
10348,95,457932,2,94,7,30,17,22,0,17,14,21,0.2,0,22,0,0,0,0,0,0,0,0,30,59,13
10353,1,42723,1,1,1,0,0,0,0,0,0,6,0.033333333,0,0,0,0,0,0,0,0,0,0,1,1,0
10355,1734,261579,9,212,25,101,5,38,21,71,15,5,0.466666667,1,0,4,36,2,8,0,0,0,0,47,61,35
10358,602,346877,1,602,75,113,45,78,214,83,18,9,0.7,3,0,0,0,0,13,130,13,13,8,48,112,91
10361,183,247683,1,183,14,67,26,59,15,53,0,23,0.2,0,0,0,0,20,0,0,34,0,0,53,62,0
10367,91,250865,1,91,10,25,14,12,8,32,5,34,0.066666667,0,0,0,0,0,0,0,0,0,0,15,14,0
10376,436,457932,2,435,23,119,56,88,38,95,57,21,0.266666667,0,172,0,0,0,112,11,0,0,4,81,80,4
10393,12,457932,1,12,2,3,4,2,0,2,1,21,0.033333333,0,0,0,0,0,0,0,0,0,0,7,12,0
10397,1326,399092,7,38,2,16,0,14,0,13,5,101,0.066666667,0,0,0,0,0,0,0,0,0,0,16,11,0
10412,32,250865,3,9,1,3,0,1,0,6,0,34,0.033333333,0,0,0,0,0,0,0,0,0,0,4,9,0
10415,1040,399092,5,417,27,59,120,42,34,93,13,101,0.533333333,0,0,1,0,6,0,0,5,0,0,63,22,133
10433,366,260769,1,366,15,161,61,34,0,194,15,0,0.366666667,0,0,0,0,0,0,0,0,0,0,65,107,19
10434,14,260769,2,8,2,2,0,1,0,2,1,0,0.033333333,0,0,0,0,0,0,0,0,0,0,5,8,0
10436,3729,502584,21,675,64,189,206,12,80,240,6,143,0.6,1,14,2,1,0,1,2,1,0,0,78,8,33
10460,139,261579,3,40,5,29,0,2,3,20,1,5,0.1,17,16,0,0,0,0,0,0,0,0,20,17,16
10462,173,86829,3,171,9,51,0,40,5,63,28,63,0.1,0,0,0,0,0,0,0,0,0,0,38,92,79
10465,32,188602,1,32,1,19,0,6,0,19,5,96,0.233333333,5,0,0,6,5,0,0,0,4,0,16,3,6
10489,181,346877,2,179,25,46,35,9,31,54,5,9,0.433333333,0,3,0,19,0,0,0,0,0,0,35,112,12
10503,199,42723,6,73,3,26,0,1,0,49,0,6,0.066666667,0,0,0,0,0,0,0,0,0,0,14,5,0
10528,36,85168,3,33,5,10,3,4,7,7,3,139,0.066666667,0,0,0,0,0,0,0,0,0,0,13,29,0
10541,2,250865,1,2,2,0,0,0,0,0,0,34,0.033333333,0,0,0,0,0,0,0,0,0,0,2,2,0
10568,265,27035,2,22,4,13,2,0,0,11,0,60,0.066666667,0,0,0,0,0,0,0,0,0,0,8,18,4
10571,274,399092,1,274,40,61,16,46,38,65,17,101,0.233333333,0,0,0,66,0,0,0,0,0,0,31,61,0
10577,1484,250865,7,480,36,102,101,71,92,121,2,34,0.6,0,0,1,2,19,19,38,0,0,0,43,23,165
10580,154,346877,2,153,23,38,28,29,3,31,15,9,0.133333333,0,0,7,0,0,0,0,0,0,0,32,81,0
10587,30,457932,1,30,7,8,10,0,2,5,0,21,0.033333333,0,0,0,0,0,0,0,0,0,0,14,30,0
10588,180,260769,2,161,7,41,15,31,0,54,23,0,0.133333333,0,0,0,0,0,0,0,0,0,0,51,4,0
10622,1280,188602,6,924,68,349,247,93,23,320,25,96,0.5,103,0,101,158,115,0,0,118,40,0,117,57,139
10623,876,346877,6,46,11,17,0,9,6,6,1,9,0.233333333,3,0,0,0,0,0,0,0,0,9,9,23,0
10626,32,502584,1,32,5,12,0,9,0,6,6,143,0.066666667,0,0,0,0,0,0,0,11,0,0,16,21,0
10656,192,502584,1,192,11,31,40,24,19,75,9,143,0.233333333,0,6,0,0,0,0,0,100,0,0,41,21,2
10657,210,457932,4,63,16,16,4,13,0,11,10,21,0.1,0,0,0,0,0,0,0,0,0,0,22,27,36
10675,21,457932,1,21,4,9,0,5,0,8,3,21,0.033333333,0,0,0,0,0,0,0,0,0,0,8,21,0
10683,50,140022,3,11,4,4,0,2,0,1,1,232,0.066666667,0,0,0,0,0,0,0,0,0,0,6,5,0
10686,80,261579,1,80,12,33,0,14,14,17,7,5,0.133333333,0,36,0,0,0,0,0,0,0,0,17,53,17
10693,110,346877,1,110,20,44,16,5,12,30,4,9,0.233333333,0,0,0,0,0,7,0,0,21,0,35,42,8
10698,146,502584,2,145,13,9,54,9,6,35,10,143,0.066666667,0,0,0,0,0,0,0,0,0,0,25,83,0
10700,888,85576,3,495,58,116,136,65,70,62,9,54,0.4,38,202,0,0,0,0,3,0,0,12,40,111,22
10710,177,250865,1,177,25,49,0,31,5,90,0,34,0.1,0,0,60,0,0,0,0,0,0,0,14,46,60
10757,16,457932,1,16,2,8,0,4,0,7,2,21,0.033333333,0,0,0,0,0,0,0,0,0,0,8,16,0
10763,352,346877,3,160,16,62,23,27,2,61,10,9,0.233333333,16,46,0,0,0,0,0,0,0,0,30,39,38
10793,217,457932,2,200,22,121,20,19,1,76,15,21,0.333333333,6,36,47,0,12,7,0,14,0,25,50,10,38
10800,39,457932,1,39,5,14,5,7,0,12,5,21,0.066666667,0,0,0,0,0,0,0,0,0,0,13,20,0
10807,185,502584,3,143,10,26,36,0,1,57,0,143,0.133333333,0,0,0,0,0,0,0,0,0,0,24,97,0
10810,9,250865,2,6,1,2,0,1,0,2,1,34,0.033333333,0,0,0,0,0,0,0,0,0,0,4,6,0
10820,27,346877,2,24,3,2,12,2,1,6,0,9,0.033333333,0,0,0,0,0,0,0,0,0,0,8,24,0
10843,16,188602,1,16,5,3,0,2,4,2,2,96,0.066666667,0,0,0,0,0,0,0,0,0,0,6,2,0
10846,101,457932,2,12,1,3,4,2,0,2,1,21,0.033333333,0,0,0,0,0,0,0,0,0,0,6,12,0
10860,9,399092,2,3,3,0,0,0,0,0,0,101,0.033333333,0,0,0,0,0,0,0,0,0,0,2,3,0
10880,8,502584,1,8,4,2,0,1,0,1,1,143,0.066666667,0,0,0,0,0,0,0,0,0,0,5,4,4
10882,25,399092,3,18,9,3,0,2,4,2,0,101,0.1,0,0,0,0,0,0,0,0,0,0,6,14,0
10892,2,502584,1,2,2,0,0,0,0,0,0,143,0.033333333,0,0,0,0,0,0,0,0,0,0,2,2,0
10921,3,110497,1,3,3,0,0,0,0,0,0,24,0.033333333,0,0,0,0,0,0,0,0,0,0,2,3,0
10931,765,457932,2,274,26,110,48,19,56,73,7,21,0.4,11,11,0,44,70,7,0,0,0,0,56,20,2
10937,1928,260769,7,111,11,28,25,18,0,20,7,0,0.333333333,0,0,0,0,0,4,0,0,0,6,23,13,45
10951,42,261579,2,26,2,14,0,6,0,12,3,5,0.066666667,0,0,0,0,0,0,0,0,0,0,9,18,0
10961,171,346877,1,171,13,45,38,33,5,39,17,9,0.333333333,0,0,0,7,0,0,0,40,0,7,47,66,0
10967,77,457932,1,77,14,34,9,8,3,24,4,21,0.033333333,0,0,0,0,0,0,0,0,0,0,22,77,0
10983,744,250865,2,429,31,78,119,2,27,175,1,34,0.233333333,0,0,0,126,0,92,0,0,0,0,42,66,126
10985,167,261579,4,11,3,5,0,1,0,3,0,5,0.066666667,0,0,0,0,0,0,0,0,0,0,4,4,7
10986,167,346877,4,136,7,31,31,25,9,31,15,9,0.133333333,0,0,0,0,0,0,7,0,0,10,33,26,103
10992,332,346877,4,172,18,45,40,23,4,49,14,9,0.266666667,0,5,38,0,0,0,0,0,0,35,57,28,21
10993,50,399092,3,26,5,8,0,7,0,9,2,101,0.066666667,0,0,0,0,0,0,0,0,0,0,13,2,0
11000,278,85576,1,278,21,35,151,25,5,37,11,54,0.3,0,30,0,53,0,0,0,0,0,8,62,77,8
11011,348,110497,6,29,5,15,0,7,0,8,2,24,0.1,0,0,0,0,0,0,0,0,0,4,8,17,4
11017,348,502584,6,1,1,0,0,0,0,0,0,143,0.033333333,0,0,0,0,0,0,0,0,0,0,1,1,0
11028,659,24979,3,42,6,14,0,11,1,11,10,25,0.1,0,0,0,0,0,0,0,0,0,0,22,1,0
11030,485,247683,3,481,47,150,32,118,79,91,44,23,0.633333333,18,22,54,0,6,10,7,0,72,9,103,110,49
11031,181,399092,2,163,8,34,11,25,24,50,8,101,0.166666667,0,0,0,0,0,0,0,0,0,0,25,96,21
11032,348,399092,6,159,13,58,14,24,6,76,7,101,0.066666667,0,0,0,0,0,0,0,0,0,0,22,29,130
11033,1039,502584,2,706,27,100,236,32,6,304,11,143,0.433333333,48,92,52,23,62,12,0,0,0,45,128,38,97
11034,48,250865,3,1,1,0,0,0,0,0,0,34,0.033333333,0,0,0,0,0,0,0,0,0,0,1,1,0
11044,3,261579,3,1,1,0,0,0,0,0,0,5,0.033333333,0,0,0,0,0,0,0,0,0,0,1,1,0
11046,42,502584,3,17,2,3,0,2,4,7,1,143,0.033333333,0,0,0,0,0,0,0,0,0,0,4,17,0
11069,819,457932,6,148,11,48,20,38,1,33,24,21,0.3,0,4,0,0,0,0,0,8,0,0,33,64,38
11070,19,457932,1,19,2,5,4,4,0,4,3,21,0.033333333,0,0,0,0,0,0,0,0,0,0,9,19,0
11106,100,247683,1,100,12,32,8,31,1,32,14,23,0.066666667,0,0,0,0,0,0,0,0,0,0,44,10,0
11110,208,346877,3,124,12,27,27,22,1,34,13,9,0.133333333,0,0,0,0,0,0,0,0,0,40,42,43,40
11111,63,502584,1,63,5,11,17,6,5,15,4,143,0.1,0,0,0,0,0,0,0,0,0,0,10,35,28
11112,153,261579,4,95,3,40,9,18,14,33,10,5,0.066666667,0,0,0,0,0,0,0,0,0,0,27,86,9
11117,257,346877,4,240,16,77,45,40,11,79,20,9,0.266666667,0,0,49,0,0,0,0,0,0,41,60,77,148
11121,107,261579,2,81,12,29,0,22,1,28,14,5,0.1,0,0,0,0,0,0,21,0,0,0,36,40,20
11129,709,502584,1,709,12,116,192,100,59,201,40,143,0.566666667,54,64,2,0,0,0,0,0,0,0,128,97,31
11132,1,85576,1,1,1,0,0,0,0,0,0,54,0.033333333,0,0,0,0,0,0,0,0,0,0,1,1,0
11140,433,346877,8,180,20,50,40,33,7,32,11,9,0.533333333,0,0,29,0,3,0,4,4,7,9,42,91,13
11152,434,85168,1,434,13,74,109,51,25,121,36,139,0.333333333,0,0,75,0,0,0,0,0,0,0,84,154,108
11153,260,346877,4,143,10,47,22,27,10,47,11,9,0.233333333,0,0,0,0,0,0,0,25,0,0,33,79,4
11155,433,261579,8,10,2,2,0,1,2,2,1,5,0.066666667,0,0,0,0,0,0,0,0,0,0,4,7,3
11157,286,110497,2,284,24,93,46,4,14,128,2,24,0.333333333,0,5,0,54,0,0,0,0,0,1,53,106,7
11158,60,250865,2,13,3,5,0,3,0,3,1,34,0.033333333,0,0,0,0,0,0,0,0,0,0,7,13,0
11164,409,188602,2,288,13,145,0,87,3,119,40,96,0.366666667,0,0,0,0,12,0,0,0,0,0,62,17,38
11174,550,250865,3,90,6,30,16,14,1,37,6,34,0.133333333,44,1,0,0,0,0,0,0,0,0,10,1,0
11188,205,260769,1,205,8,81,24,43,5,80,28,0,0.166666667,0,0,0,0,0,19,0,0,0,0,48,43,0
11191,293,502584,2,1,1,0,0,0,0,0,0,143,0.033333333,0,0,0,0,0,0,0,0,0,0,1,1,0
11192,130,188602,4,6,2,2,0,1,0,1,1,96,0.066666667,0,0,0,5,0,0,0,0,0,0,5,1,0
11196,473,127749,5,13,7,2,0,2,0,2,2,102,0.133333333,0,5,0,0,0,0,0,0,0,0,8,4,2
11205,1395,260769,12,27,4,12,0,6,0,6,3,0,0.133333333,0,0,0,0,0,0,0,0,0,0,8,4,10
11208,5,46603,1,5,3,2,0,0,0,1,0,5,0.066666667,0,0,0,0,0,0,0,0,0,0,3,4,0
11215,46,140022,2,38,8,9,0,2,0,19,1,232,0.066666667,0,0,0,0,0,0,0,0,0,0,7,29,9
11216,480,502584,1,480,16,65,206,22,9,158,9,143,0.3,0,198,0,0,0,0,0,9,0,0,97,211,38
11224,2966,502584,3,2712,109,348,480,17,1205,551,6,143,0.633333333,0,0,0,200,44,192,96,119,0,0,119,44,23
11231,799,346877,2,484,64,83,50,55,149,83,16,9,0.533333333,0,0,32,30,27,9,13,0,0,0,47,160,50
11249,15,261579,2,14,5,3,0,2,0,3,2,5,0.1,0,0,0,0,0,0,0,0,0,0,5,6,0
11253,212,399092,1,212,18,41,0,30,0,86,20,101,0.2,0,0,71,1,0,0,0,0,0,0,33,44,100
11259,171,457932,1,171,19,68,50,8,4,59,5,21,0.266666667,0,0,7,23,0,0,0,0,0,80,45,14,0
11274,2,261579,1,2,2,0,0,0,0,0,0,5,0.033333333,0,0,0,0,0,0,0,0,0,0,2,2,0
11277,150,346877,5,104,6,25,27,0,25,30,0,9,0.133333333,0,0,0,0,3,0,0,0,0,0,21,30,3
11284,96,457932,2,94,11,43,27,2,5,36,1,21,0.1,0,0,0,0,0,0,0,0,0,0,24,88,0
11295,407,457932,2,405,74,116,20,91,9,114,88,21,0.6,24,16,31,0,16,16,0,0,58,26,75,177,79
11299,1696,42723,11,30,7,14,2,5,0,3,2,6,0.233333333,0,0,0,0,0,0,0,0,0,0,12,16,2
11305,209,260769,5,18,7,7,0,3,0,4,1,0,0.166666667,0,0,0,0,0,0,0,0,0,0,6,1,15
11325,635,346877,7,171,20,59,30,28,4,43,16,9,0.333333333,0,1,0,0,0,0,0,16,26,42,54,48,28
11328,6,46603,5,1,1,0,0,0,0,0,0,5,0.033333333,0,0,0,0,0,0,0,0,0,0,1,1,0
11332,49,261579,3,35,6,8,0,7,9,8,4,5,0.1,0,0,0,0,0,0,0,0,0,0,14,20,14
11359,549,260769,2,81,13,34,7,7,0,26,7,0,0.133333333,0,0,0,0,0,0,6,0,0,47,29,23,6
11363,1384,250865,11,138,14,47,14,30,1,53,1,34,0.3,0,0,20,0,4,0,4,0,0,0,18,22,75
11369,143,346877,5,78,7,20,26,2,3,32,0,9,0.1,0,7,0,0,0,0,0,0,0,0,22,33,7
11377,3,502584,3,1,1,0,0,0,0,0,0,143,0.033333333,0,0,0,0,0,0,0,0,0,0,1,1,0
11380,125,250865,1,125,5,49,33,7,1,63,0,34,0.133333333,0,0,14,0,0,0,0,0,0,0,13,104,0
11388,18,457932,1,18,5,9,3,0,0,6,0,21,0.066666667,0,0,0,0,0,0,0,0,0,0,9,1,0
11404,20,27035,5,1,1,0,0,0,0,0,0,60,0.033333333,0,0,0,0,0,0,0,0,0,0,1,1,0
11412,113,247683,1,113,23,60,13,2,9,55,3,23,0.2,0,0,0,0,0,0,0,24,0,0,44,3,0
11413,901,188602,1,901,99,221,139,163,144,167,98,96,0.566666667,37,22,0,0,75,0,108,86,9,0,125,57,50
11452,28,502584,1,28,4,5,0,4,0,11,4,143,0.033333333,0,0,0,0,0,0,0,0,0,0,13,28,0
11468,133,457932,1,133,7,69,14,26,0,58,17,21,0.4,0,4,41,8,0,0,0,0,0,0,30,16,12
11471,17,46603,1,17,8,4,0,1,3,3,0,5,0.033333333,0,0,0,0,0,0,0,0,0,0,8,17,0
11472,355,86829,4,217,11,32,80,26,30,32,14,63,0.133333333,0,0,0,0,0,0,0,0,0,0,57,29,23
11476,741,502584,3,701,62,140,198,79,22,188,36,143,0.7,0,0,8,0,6,57,22,117,5,1,128,36,198
11493,1,502584,1,1,1,0,0,0,0,0,0,143,0.033333333,0,0,0,0,0,0,0,0,0,0,1,1,0
11499,575,261579,4,236,11,83,3,62,30,69,46,5,0.366666667,0,0,0,0,3,3,32,0,6,18,71,49,57
11504,411,457932,6,152,41,49,30,13,0,47,14,21,0.433333333,0,23,5,7,9,12,7,21,22,4,66,42,37
11508,73,247683,5,28,2,15,0,1,0,23,1,23,0.033333333,0,0,0,0,0,0,0,0,0,0,16,28,0
11512,153,261579,3,104,13,20,14,13,40,9,2,5,0.133333333,0,78,15,0,0,6,0,0,0,0,17,84,5
11546,819,346877,6,232,15,50,66,35,6,66,14,9,0.266666667,45,0,0,0,0,0,0,0,0,69,41,69,69
11552,18,334927,2,10,4,1,0,0,5,1,0,7,0.066666667,0,0,0,0,0,0,0,0,0,0,5,4,6
11557,118,346877,3,52,4,17,9,12,0,13,8,9,0.1,0,0,0,0,0,0,0,0,0,0,14,29,0
11559,860,457932,3,165,24,68,8,36,3,45,21,21,0.233333333,0,0,0,0,0,0,0,0,0,0,28,47,7
11562,2,250865,2,1,1,0,0,0,0,0,0,34,0.033333333,0,0,0,0,0,0,0,0,0,0,1,1,0
11572,256,247683,5,191,11,66,23,57,0,56,31,23,0.233333333,0,0,35,0,0,0,0,0,0,0,64,94,0
11576,1345,346877,8,238,46,70,9,44,42,35,10,9,0.2,0,0,0,0,0,0,0,0,0,0,18,129,58
11579,48,346877,3,33,7,13,7,0,0,11,0,9,0.066666667,0,0,0,0,0,0,0,0,0,0,11,22,11
11581,50,85576,2,43,14,20,0,3,1,8,0,54,0.166666667,0,0,0,0,0,0,0,0,0,0,7,16,14
11582,236,334927,2,227,22,114,7,55,0,73,27,7,0.5,0,0,44,0,0,0,0,0,0,0,34,68,114
11584,548,502584,2,379,48,95,99,9,1,165,6,143,0.266666667,214,0,0,0,0,0,0,0,0,0,58,58,11
11587,761,188602,5,67,14,48,0,3,1,31,1,96,0.166666667,12,0,0,0,0,0,0,0,0,0,26,12,29
11590,170,46603,5,10,1,5,0,2,0,4,2,5,0.033333333,0,0,0,0,0,0,0,0,0,0,6,10,0
11600,64,346877,1,64,5,17,8,13,7,16,6,9,0.1,0,0,0,0,0,0,0,0,0,0,17,11,5
11608,179,247683,1,179,18,111,25,6,5,93,0,23,0.266666667,0,0,0,0,31,0,0,9,0,0,50,18,0
11616,149,260769,4,57,2,16,14,14,0,13,11,0,0.066666667,0,0,0,0,0,0,0,0,0,0,31,4,53
11641,436,346877,4,135,11,28,19,24,26,37,9,9,0.066666667,0,0,0,0,0,0,0,0,0,0,30,73,0
11642,102,334927,1,102,23,53,16,5,0,30,0,7,0.233333333,14,18,0,0,6,0,0,0,0,0,28,17,4
11651,1186,85168,7,437,50,106,104,55,57,83,15,139,0.366666667,1,20,0,0,0,0,0,0,0,0,60,74,82
11656,35,250865,1,35,7,16,0,9,0,5,3,34,0.133333333,0,4,0,0,0,0,0,0,0,0,7,27,4
11662,3038,247683,9,209,27,86,19,65,10,48,2,23,0.433333333,0,0,0,12,6,0,0,0,6,0,39,84,21
11672,365,457932,2,221,26,93,30,34,6,56,28,21,0.5,0,12,33,0,32,0,6,8,10,0,60,64,52
11683,351,334927,6,43,6,27,7,1,0,18,1,7,0.166666667,0,0,0,0,0,0,0,0,0,0,16,19,17
11684,374,334927,3,87,22,24,4,16,11,13,8,7,0.1,0,10,0,0,0,0,0,0,0,0,23,49,28
11688,274,346877,8,44,11,17,10,1,2,8,1,9,0.133333333,0,0,0,0,0,0,0,3,0,0,13,31,0
11698,5,346877,2,4,2,2,0,0,0,1,0,9,0.033333333,0,0,0,0,0,0,0,0,0,0,4,4,0
11704,3031,346877,14,116,13,42,6,26,11,35,7,9,0.166666667,0,0,0,0,0,0,0,0,0,0,21,63,20
11713,146,261579,1,146,22,90,0,16,1,60,12,5,0.166666667,0,0,11,60,6,0,0,0,0,0,36,69,0
11719,805,346877,5,121,10,50,15,23,0,45,12,9,0.266666667,0,0,0,0,0,0,0,0,0,0,29,38,0
11726,265,334927,4,47,12,12,10,8,3,5,1,7,0.166666667,0,0,0,0,0,0,0,0,15,0,13,8,0
11732,432,346877,1,432,32,127,44,95,13,153,43,9,0.166666667,0,0,149,0,0,0,0,0,0,0,48,95,14
11743,24,346877,3,1,1,0,0,0,0,0,0,9,0.033333333,0,0,0,0,0,0,0,0,0,0,1,1,0
11749,403,334927,1,403,54,72,12,44,163,43,14,7,0.3,0,0,0,0,0,0,10,55,0,0,38,56,150
11760,242,247683,3,231,15,99,25,60,2,83,28,23,0.2,0,0,0,4,0,0,0,49,0,0,69,48,8
11771,84,457932,1,84,14,26,7,19,10,18,0,21,0.1,0,0,0,0,0,0,0,0,0,0,20,29,37
11772,280,261579,1,280,27,116,16,29,77,72,9,5,0.366666667,42,48,4,14,0,0,0,0,0,0,45,139,4
11782,259,346877,3,169,19,35,22,28,17,61,8,9,0.166666667,0,0,30,0,0,0,0,0,0,0,38,64,0
11788,435,457932,3,1,1,0,0,0,0,0,0,21,0.033333333,0,0,0,0,0,0,0,0,0,0,1,1,0
11790,4,502584,2,3,3,0,0,0,0,0,0,143,0.033333333,3,0,0,0,0,0,0,0,0,0,2,3,0
11801,1,399092,1,1,1,0,0,0,0,0,0,101,0.033333333,0,0,0,0,0,0,0,0,0,0,1,1,0
11810,147,188602,1,147,30,16,62,3,7,24,2,96,0.1,0,0,0,0,0,0,0,16,116,0,34,15,0
11822,180,85168,3,73,16,29,7,5,5,23,4,139,0.2,0,0,7,0,0,0,0,0,0,0,21,5,49
11846,1040,140022,1,1040,34,135,361,104,4,283,80,232,0.266666667,0,159,0,0,132,193,0,0,0,0,218,361,88
11863,100,260769,1,100,2,27,20,24,0,29,20,0,0.066666667,0,0,0,0,0,0,0,0,0,0,51,99,0
11882,264,346877,2,52,10,13,9,0,2,24,1,9,0.066666667,0,0,0,0,0,0,0,0,0,0,18,44,8
11886,26,457932,1,26,3,17,3,1,0,17,1,21,0.066666667,0,0,0,0,0,0,0,0,0,0,15,20,0
11887,464,250865,3,299,15,43,69,37,17,99,22,34,0.233333333,0,4,9,60,0,0,0,0,0,0,66,12,132
11902,21,250865,1,21,5,9,0,6,0,4,1,34,0.1,0,0,0,0,0,0,0,0,0,0,7,12,0
11929,2234,250865,4,1003,141,239,102,109,215,259,20,34,0.6,15,0,11,0,0,0,0,34,19,22,73,625,241
11959,61,110497,1,61,16,31,0,6,1,15,4,24,0.133333333,0,0,0,0,0,0,0,0,0,0,15,21,24
11974,314,457932,2,50,7,12,3,9,1,20,0,21,0.1,0,0,0,0,0,0,0,0,0,0,12,37,12
11975,102,346877,2,59,5,23,0,16,1,19,11,9,0.133333333,0,0,0,0,0,0,0,0,0,0,21,9,0
11989,4,110497,3,1,1,0,0,0,0,0,0,24,0.033333333,0,0,0,0,0,0,0,0,0,0,1,1,0
11991,4,261579,3,2,2,0,0,0,0,0,0,5,0.033333333,0,0,0,2,0,0,0,0,0,0,2,2,0
12000,183,346877,2,162,11,29,35,21,20,47,9,9,0.1,0,0,0,0,0,0,0,0,0,0,30,71,18
12008,34,457932,4,11,5,2,0,1,1,1,0,21,0.033333333,0,0,0,0,0,0,0,0,0,0,6,11,0
12017,352,334927,2,176,34,73,18,28,4,45,11,7,0.3,0,0,0,0,6,0,18,32,4,0,46,70,24
12025,242,261579,4,149,20,59,0,40,9,34,19,5,0.133333333,36,0,0,32,0,0,0,0,0,0,26,30,51
12032,117,188602,2,8,1,3,0,2,0,2,2,96,0.033333333,0,0,0,0,0,0,0,0,0,0,4,8,0
12035,16,334927,1,16,4,5,0,3,1,2,2,7,0.033333333,0,0,0,0,0,0,0,0,0,0,7,16,0
12044,2493,334927,14,118,18,39,17,30,0,24,9,7,0.266666667,0,0,0,35,0,0,0,0,0,0,34,33,11
12052,5888,346877,20,267,36,78,47,58,1,55,25,9,0.433333333,5,0,29,0,0,0,0,0,8,39,60,150,82
12058,15,85576,2,14,4,5,0,2,0,3,2,54,0.066666667,0,0,0,0,0,0,0,0,0,0,6,6,0
12068,92,502584,3,68,19,26,0,12,1,11,3,143,0.133333333,28,20,0,0,0,0,0,0,0,0,10,10,10
12071,29,346877,2,7,2,3,0,1,0,2,1,9,0.033333333,0,0,0,0,0,0,0,0,0,0,5,7,0
12079,10,346877,1,10,2,7,0,1,0,4,0,9,0.066666667,0,0,0,0,0,0,0,0,0,0,6,4,0
12095,361,140022,2,351,13,56,92,40,0,123,22,232,0.133333333,236,0,0,0,0,0,0,21,0,0,54,281,0
12100,25,127749,3,1,1,0,0,0,0,0,0,102,0.033333333,0,0,0,0,0,0,0,0,0,0,1,1,0
12105,250,247683,1,250,40,137,25,17,16,96,9,23,0.233333333,0,0,36,8,0,0,0,37,0,0,60,1,36
12120,354,261579,5,211,31,67,19,29,24,54,20,5,0.233333333,0,0,0,46,0,0,0,0,23,0,49,39,14
12121,27,334927,1,27,8,5,0,4,1,6,4,7,0.033333333,0,0,0,0,0,0,0,0,0,0,14,27,0
12146,6,260769,1,6,2,2,0,1,0,1,1,0,0.033333333,0,0,0,0,0,0,0,0,0,0,5,6,0
12158,21,46603,4,1,1,0,0,0,0,0,0,5,0.033333333,0,0,0,0,0,0,0,0,0,0,1,1,0
12160,11,399092,1,11,3,1,0,1,0,4,1,101,0.033333333,0,0,0,0,0,0,0,0,0,0,6,11,0
12166,1484,86829,3,336,11,70,112,59,31,71,20,63,0.133333333,0,0,0,0,0,0,0,6,0,0,67,277,49
12184,17,42723,3,6,2,2,0,1,0,1,1,6,0.033333333,0,0,0,0,0,0,0,0,0,0,5,6,0
12187,107,42723,4,95,11,26,0,20,1,26,14,6,0.2,0,0,0,0,0,0,0,5,16,0,26,30,4
12197,1192,346877,4,317,37,97,33,69,20,72,40,9,0.466666667,2,0,46,0,0,14,0,0,19,44,61,81,99
12209,135,110497,3,1,1,0,0,0,0,0,0,24,0.033333333,0,0,0,0,0,0,0,0,0,0,1,1,0
12210,13,334927,1,13,7,4,0,0,1,3,0,7,0.033333333,0,0,0,0,0,0,0,0,0,0,8,13,0
12213,33,334927,1,33,4,11,1,10,0,10,7,7,0.033333333,0,0,0,0,0,0,0,0,0,0,19,33,0
12219,457,261579,4,304,20,104,20,70,40,72,42,5,0.4,0,9,0,47,0,5,0,0,0,32,93,144,74
12220,83,346877,1,83,9,16,33,2,5,21,1,9,0.1,0,0,0,0,0,0,0,0,0,0,25,47,3
12225,490,188602,4,191,15,42,67,32,0,32,15,96,0.3,0,0,0,0,0,0,0,0,10,0,44,12,75
12228,241,247683,4,114,22,38,14,28,1,21,6,23,0.166666667,0,0,0,0,0,0,0,0,0,0,33,57,0
12230,2,457932,1,2,2,0,0,0,0,0,0,21,0.033333333,0,0,0,0,0,0,0,0,0,0,2,2,0
12239,79,250865,4,14,2,6,0,1,1,5,1,34,0.066666667,0,0,0,0,0,0,0,0,0,0,7,1,0
12259,204,261579,10,103,11,32,0,21,22,19,11,5,0.1,0,0,0,7,0,0,0,0,0,0,27,57,0
12263,204,502584,10,45,10,11,0,8,5,10,3,143,0.066666667,23,0,0,0,0,0,0,0,0,0,15,22,0
12264,155,261579,3,51,2,18,0,15,0,18,14,5,0.1,0,0,0,3,0,0,0,0,0,0,17,46,2
12267,924,502584,8,605,35,75,184,52,76,161,23,143,0.266666667,230,0,0,29,43,0,0,36,10,0,103,68,10
12270,155,346877,3,93,13,23,16,17,2,26,5,9,0.133333333,0,0,0,0,0,0,0,0,0,0,20,54,5
12276,204,127749,10,5,1,2,0,1,0,1,1,102,0.033333333,0,0,0,0,0,0,0,0,0,0,4,5,0
12284,121,457932,1,121,29,52,28,2,2,38,2,21,0.166666667,0,0,0,14,0,0,0,0,0,0,46,53,28
12290,2493,457932,14,161,24,52,22,43,0,39,18,21,0.2,0,0,0,0,0,0,0,0,0,0,55,17,65
12295,204,247683,10,7,1,3,0,2,0,2,1,23,0.033333333,0,0,0,0,0,0,0,0,0,0,5,7,0
12305,204,42723,10,5,1,2,0,1,0,1,1,6,0.033333333,0,0,0,0,0,0,0,0,0,0,4,5,0
12309,471,250865,3,149,12,43,14,34,2,56,12,34,0.233333333,0,0,0,0,0,0,0,0,0,0,19,15,3
12318,773,260769,5,2,2,0,0,0,0,0,0,0,0.033333333,0,0,0,0,0,0,0,0,0,0,1,2,0
12319,370,260769,8,6,2,2,0,1,0,1,1,0,0.066666667,0,0,0,0,0,0,0,0,0,0,5,5,0
12320,370,346877,8,31,7,12,0,7,0,7,3,9,0.133333333,0,0,0,0,0,0,0,0,0,0,9,15,8
12325,5888,457932,20,327,45,111,38,81,0,61,44,21,0.5,0,0,16,18,0,18,0,7,63,28,84,113,86
12336,32,110497,1,32,4,10,0,8,2,10,4,24,0.066666667,0,0,0,0,0,0,8,0,0,0,11,24,0
12337,235,247683,1,235,32,92,23,5,71,70,8,23,0.233333333,0,0,0,0,0,0,63,0,18,0,60,76,0
12346,392,334927,5,27,3,9,0,8,0,8,7,7,0.033333333,0,0,0,0,0,0,0,0,0,0,18,27,0
12359,238,399092,1,238,6,65,66,29,5,98,11,101,0.133333333,0,0,0,0,0,0,0,0,0,0,47,220,0
12366,5,457932,1,5,2,3,0,0,0,1,0,21,0.033333333,0,0,0,0,0,0,0,0,0,0,4,5,0
12375,501,502584,1,501,14,50,190,41,47,116,19,143,0.266666667,59,139,0,0,0,0,0,0,0,0,76,74,59
12377,10,334927,1,10,4,2,0,1,1,1,1,7,0.033333333,0,0,0,0,0,0,0,0,0,0,7,10,0
12378,79,502584,1,79,2,14,0,7,0,47,6,143,0.033333333,79,0,0,0,0,0,0,0,0,0,14,79,0
12380,138,457932,3,116,26,47,14,7,1,33,10,21,0.166666667,0,0,0,0,0,0,0,0,0,0,23,26,51
12415,200,127749,5,130,3,32,55,17,0,30,11,102,0.133333333,0,0,0,0,0,0,0,0,0,0,44,41,87
12422,1,261579,1,1,1,0,0,0,0,0,0,5,0.033333333,0,0,0,1,0,0,0,0,0,0,1,1,0
12446,42,334927,1,42,6,30,2,1,2,22,0,7,0.033333333,0,0,0,0,0,0,0,0,0,0,15,42,0
12452,193,110497,6,23,5,7,0,4,0,7,3,24,0.033333333,0,0,0,0,0,0,0,0,0,0,10,23,0
12456,451,250865,2,319,19,49,79,26,48,131,1,34,0.3,0,0,0,69,16,0,0,0,33,0,43,45,53
12463,249,247683,1,249,30,93,36,36,34,75,14,23,0.2,0,0,54,0,0,0,0,0,0,75,86,22,0
12469,38,110497,1,38,12,12,0,2,5,15,2,24,0.1,0,0,0,0,0,0,0,0,0,0,11,1,0
12473,126,127749,10,4,4,0,0,0,0,0,0,102,0.066666667,0,0,0,0,0,0,0,0,0,0,2,3,0
12481,991,399092,2,938,63,159,225,122,118,227,75,101,0.433333333,0,0,149,99,46,130,0,0,0,0,149,48,139
12502,558,457932,2,188,9,32,28,2,110,20,1,21,0.2,0,0,0,0,0,0,0,0,0,0,23,84,29
12526,109,457932,1,109,12,31,13,26,0,32,15,21,0.166666667,0,0,0,0,0,0,0,0,0,0,28,21,37
12543,301,399092,1,301,27,23,61,2,132,57,1,101,0.233333333,0,0,147,0,0,0,0,0,0,50,30,1,203
12544,95,457932,2,94,6,30,14,22,4,20,16,21,0.1,0,0,0,0,0,55,0,0,0,0,32,16,23
12546,141,127749,3,129,17,47,0,37,5,22,20,102,0.2,2,0,0,0,0,0,12,8,0,0,36,62,2
12575,495,334927,4,130,25,80,13,1,2,62,2,7,0.166666667,0,0,0,0,32,0,0,0,1,0,35,18,0
12585,1015,250865,4,137,10,36,0,11,4,68,6,34,0.166666667,0,0,0,38,0,0,0,0,4,0,24,10,0
12598,66,346877,3,64,6,22,12,15,0,16,6,9,0.166666667,0,5,27,0,0,0,0,0,0,0,18,6,27
12606,146,140022,3,1,1,0,0,0,0,0,0,232,0.033333333,0,0,0,0,0,0,0,0,0,0,1,1,0
12612,24,334927,1,24,10,3,3,2,4,2,1,7,0.033333333,0,0,0,0,0,0,0,0,0,0,10,24,0
12643,12,85576,2,11,4,2,0,1,3,1,1,54,0.066666667,0,0,0,0,0,0,0,0,0,0,5,7,4
12646,31,334927,3,5,2,3,0,0,0,1,0,7,0.033333333,0,0,0,0,0,0,0,0,0,0,4,5,0
12647,848,261579,4,22,5,7,0,5,0,5,3,5,0.166666667,0,0,0,1,0,0,0,0,0,0,9,13,0
12648,33,110497,1,33,8,19,0,4,0,5,1,24,0.133333333,0,0,0,0,0,0,0,0,0,0,10,12,9
12650,182,334927,1,182,28,72,23,2,40,47,0,7,0.133333333,31,0,0,0,29,0,0,0,0,0,28,55,67
12653,14,334927,1,14,1,10,0,1,1,7,1,7,0.033333333,0,0,0,0,0,0,0,0,0,0,8,14,0
12656,54,334927,1,54,5,20,3,16,0,15,9,7,0.066666667,0,0,0,0,0,0,0,0,0,0,18,41,13
12665,293,346877,3,135,21,37,24,26,0,34,13,9,0.266666667,0,0,0,37,5,0,5,0,0,0,45,73,48
12670,68,42723,2,40,11,14,0,10,0,8,3,6,0.133333333,0,0,0,0,0,0,0,0,0,0,15,5,0
12671,68,127749,4,1,1,0,0,0,0,0,0,102,0.033333333,0,0,0,0,0,0,0,0,0,0,1,1,0
12678,21,346877,1,21,3,12,0,2,0,14,1,9,0.066666667,0,1,0,0,0,0,0,0,0,0,13,20,1
12687,168,250865,3,1,1,0,0,0,0,0,0,34,0.033333333,0,0,0,0,0,0,0,0,0,0,1,1,0
12688,8,334927,1,8,2,3,0,2,0,2,1,7,0.033333333,0,0,0,0,0,0,0,0,0,0,6,8,0
12692,289,247683,1,289,29,97,21,55,64,68,22,23,0.433333333,0,5,0,0,0,0,60,0,0,0,71,8,47
12697,32,457932,2,31,5,10,4,7,0,5,4,21,0.066666667,0,0,0,0,0,0,0,0,0,0,14,9,0
12702,459,346877,4,42,11,17,0,10,1,5,2,9,0.066666667,0,0,0,0,0,0,0,0,0,0,10,18,0
12704,459,334927,4,110,18,33,4,24,14,21,13,7,0.133333333,0,0,0,0,0,0,0,0,0,0,23,16,85
12724,125,260769,1,125,8,26,47,0,36,19,0,0,0.166666667,0,0,0,0,0,0,0,0,0,0,25,70,12
12781,484,346877,3,151,15,51,4,29,13,51,10,9,0.366666667,0,0,0,0,4,0,0,4,21,0,18,20,43
12782,1055,457932,4,74,20,41,9,0,1,30,0,21,0.133333333,7,0,0,0,0,0,0,0,0,0,20,30,35
12785,497,188602,4,1,1,0,0,0,0,0,0,96,0.033333333,0,0,0,0,0,0,0,0,0,0,1,1,0
12786,497,86829,4,1,1,0,0,0,0,0,0,63,0.033333333,0,0,0,0,0,0,0,0,0,0,1,1,0
12797,405,86829,1,405,15,67,184,58,13,82,26,63,0.233333333,0,22,0,0,0,77,0,0,6,0,106,198,0
12801,223,85576,5,202,15,27,119,8,0,36,1,54,0.166666667,0,0,0,0,0,0,0,0,0,0,33,3,88
12803,986,127749,7,2,2,0,0,0,0,0,0,102,0.033333333,0,0,0,0,0,0,0,0,0,0,2,2,0
12811,104,260769,5,6,2,2,0,1,0,1,1,0,0.033333333,0,0,0,0,0,0,0,0,0,0,5,6,0
12819,353,334927,2,318,20,85,16,71,27,88,42,7,0.266666667,12,0,0,0,0,0,0,0,72,0,39,233,2
12822,47,110497,3,1,1,0,0,0,0,0,0,24,0.033333333,0,0,0,0,0,0,0,0,0,0,1,1,0
12825,11,399092,1,11,10,0,0,0,1,0,0,101,0.133333333,6,0,0,0,0,2,1,0,0,0,4,2,6
12830,556,346877,3,123,10,50,14,29,0,40,13,9,0.266666667,0,0,0,0,0,0,0,0,0,0,27,21,29
12839,284,110497,6,223,35,80,39,11,9,83,1,24,0.3,0,28,0,0,0,29,0,0,7,0,30,5,26
12848,429,247683,1,429,35,146,37,120,46,132,41,23,0.6,3,0,0,46,7,1,5,23,0,98,107,151,149
12849,284,250865,6,14,5,8,0,1,0,5,0,34,0.1,0,0,0,0,0,0,0,0,0,0,6,2,6
12850,284,346877,6,29,15,10,0,0,1,5,0,9,0.066666667,0,0,0,0,0,0,0,0,0,0,10,3,26
12852,35,250865,1,35,8,21,2,1,0,16,1,34,0.033333333,0,0,0,0,0,0,0,0,0,0,16,35,0
12862,2,334927,1,2,2,0,0,0,0,0,0,7,0.033333333,0,0,0,0,0,0,0,0,0,0,1,2,0
12869,271,334927,3,269,72,112,16,2,53,80,0,7,0.233333333,14,0,0,0,0,9,0,0,0,0,30,73,144
12887,251,261579,3,1,1,0,0,0,0,0,0,5,0.033333333,0,0,0,1,0,0,0,0,0,0,1,1,0
12890,33,334927,1,33,12,14,0,1,5,7,0,7,0.066666667,0,0,0,0,0,0,0,0,0,0,12,29,0
12911,13,346877,3,7,3,4,0,0,0,3,0,9,0.033333333,0,0,0,0,0,0,0,0,0,0,6,7,0
12912,13,247683,3,1,1,0,0,0,0,0,0,23,0.033333333,0,0,0,0,0,0,0,0,0,0,1,1,0
12913,69,457932,1,69,7,24,5,19,0,21,13,21,0.066666667,0,14,0,0,0,0,0,0,0,0,34,55,0
12924,394,46603,3,16,4,6,0,3,2,1,1,5,0.133333333,0,6,0,0,0,0,0,0,0,0,6,7,0
12927,21,110497,2,12,2,4,0,3,0,3,3,24,0.033333333,0,0,0,0,0,0,0,0,0,0,9,12,0
12930,4,502584,1,4,2,2,0,0,0,1,0,143,0.033333333,4,0,0,0,0,0,0,0,0,0,4,4,0
12932,250,399092,2,104,27,20,24,12,2,22,1,101,0.2,0,0,0,0,0,0,0,0,0,0,18,1,66
12936,273,140022,1,273,14,57,103,35,0,73,0,232,0.2,0,0,0,0,0,0,0,0,0,0,58,76,23
12985,495,457932,2,64,10,28,17,5,0,16,3,21,0.133333333,0,0,0,0,0,0,0,0,0,0,22,1,16
12996,271,334927,7,12,4,2,0,1,4,1,1,7,0.033333333,0,0,0,0,0,0,0,0,0,0,5,12,0
13000,343,334927,2,123,17,46,16,31,0,22,9,7,0.3,0,0,0,0,9,0,0,32,0,0,26,2,0
13004,163,334927,4,156,16,64,6,35,8,48,14,7,0.166666667,0,0,0,0,49,0,0,0,0,0,30,69,8
13030,394,457932,3,77,10,22,16,17,0,13,11,21,0.166666667,0,0,0,0,0,8,0,0,0,0,27,11,17
13034,25,110497,2,8,2,6,0,0,0,5,0,24,0.033333333,0,0,0,0,0,0,0,0,0,0,6,8,0
13046,13,334927,4,7,2,4,0,1,0,3,0,7,0.033333333,0,0,0,0,0,0,0,0,0,0,6,7,0
13051,59,140022,1,59,11,18,3,12,5,11,5,232,0.133333333,0,0,0,0,0,0,0,0,0,0,15,18,0
13057,15,457932,1,15,2,4,3,3,0,3,2,21,0.033333333,0,0,0,0,0,0,0,0,0,0,9,15,0
13058,123,502584,1,123,13,32,16,18,3,40,10,143,0.166666667,36,0,0,0,0,0,0,0,0,0,23,67,45
13070,50,334927,1,50,21,9,1,7,2,9,6,7,0.033333333,0,0,0,0,0,0,0,0,0,0,15,50,0
13081,665,110497,3,261,36,116,11,55,12,90,3,24,0.3,0,0,0,0,0,0,0,0,0,0,26,150,4
13089,81,260769,1,81,21,27,0,7,5,28,1,0,0.133333333,0,0,0,6,0,0,0,0,0,0,17,35,0
13096,420,85168,5,158,18,18,61,15,1,39,6,139,0.2,14,2,0,0,0,0,0,0,0,0,29,17,2
13102,94,334927,1,94,14,34,2,26,0,28,15,7,0.1,0,0,0,0,0,0,0,0,0,0,24,16,29
13111,170,334927,2,53,13,16,0,11,3,11,10,7,0.1,0,0,0,0,0,0,0,0,0,0,19,12,41
13128,328,502584,1,328,19,58,96,20,19,113,16,143,0.133333333,94,137,0,0,0,80,0,0,0,0,66,17,0
13130,271,399092,3,1,1,0,0,0,0,0,0,101,0.033333333,0,0,0,0,0,0,0,0,0,0,1,1,0
13134,855,399092,4,585,63,88,112,55,53,172,19,101,0.233333333,227,0,40,0,0,0,75,0,7,0,67,43,200
13139,265,502584,2,243,39,58,50,3,15,81,2,143,0.3,5,0,0,0,0,0,0,0,0,0,40,47,40
13141,24,334927,3,5,2,3,0,0,0,2,0,7,0.033333333,0,0,0,0,0,0,0,0,0,0,4,5,0
13152,2475,399092,14,10,4,3,0,2,0,2,1,101,0.066666667,0,0,0,0,0,0,0,0,0,0,6,10,0
13162,665,127749,4,187,12,22,112,1,20,20,0,102,0.133333333,0,0,0,0,0,0,0,0,0,0,58,2,72
13166,159,334927,1,159,16,25,10,21,63,18,9,7,0.1,33,0,0,0,0,0,0,0,0,0,28,121,0
13193,48,261579,7,1,1,0,0,0,0,0,0,5,0.033333333,0,0,0,1,0,0,0,0,0,0,1,1,0
13216,49,250865,2,48,4,8,10,6,2,17,4,34,0.066666667,0,0,0,0,0,0,0,0,0,0,15,37,11
13236,28,457932,1,28,1,10,4,6,0,9,6,21,0.033333333,0,0,0,0,0,0,0,0,0,0,10,28,0
13250,3,334927,1,3,3,0,0,0,0,0,0,7,0.066666667,0,0,0,0,0,0,0,0,0,0,2,1,2
13252,48,247683,7,13,3,7,2,1,0,6,0,23,0.1,0,0,0,0,0,1,0,0,0,0,10,11,1
13257,418,260769,2,137,25,48,45,11,3,25,3,0,0.266666667,0,0,0,0,7,0,0,39,0,0,34,45,0
13260,63,457932,1,63,5,41,12,2,0,34,1,21,0.066666667,0,0,0,0,0,0,0,0,0,0,22,48,0
13276,422,188602,4,1,1,0,0,0,0,0,0,96,0.033333333,0,0,0,0,0,0,0,0,0,0,1,1,0
13284,288,86829,1,288,10,56,140,47,0,69,5,63,0.133333333,0,0,0,0,0,0,0,29,0,0,62,82,0
13285,330,334927,2,1,1,0,0,0,0,0,0,7,0.033333333,0,0,0,0,0,0,0,0,0,0,1,1,0
13287,4,250865,1,4,4,0,0,0,0,0,0,34,0.066666667,0,0,0,0,0,0,0,0,0,0,2,3,1
13310,50,261579,2,17,6,5,0,2,0,3,2,5,0.066666667,0,0,0,9,0,0,0,0,0,0,8,17,0
13318,522,346877,3,255,21,90,40,39,9,88,28,9,0.2,1,0,4,0,0,28,0,0,0,0,34,32,147
13322,23,334927,2,22,6,13,0,2,1,4,0,7,0.1,0,0,0,0,0,0,0,0,0,0,6,6,13
13335,53,346877,2,43,3,22,0,11,0,19,7,9,0.066666667,0,0,0,0,0,0,0,0,0,34,19,9,0
13342,593,247683,6,225,33,117,18,14,31,72,7,23,0.466666667,0,0,0,0,19,0,0,23,0,0,56,46,34
13356,10,250865,1,10,2,4,0,3,0,3,1,34,0.033333333,0,0,0,0,0,0,0,0,0,0,5,10,0
13365,228,261579,1,228,17,111,1,55,15,91,24,5,0.366666667,26,21,17,6,0,0,0,0,0,0,44,28,97
13376,417,502584,4,31,6,11,0,6,0,12,0,143,0.1,13,17,0,0,0,0,0,0,0,0,5,1,0
13391,317,247683,4,258,38,84,20,5,101,62,3,23,0.433333333,0,23,1,0,0,2,2,21,0,0,54,71,1
13395,2,127749,1,2,2,0,0,0,0,0,0,102,0.033333333,0,0,0,0,0,0,0,0,0,0,1,2,0
13418,40,502584,1,40,2,13,9,1,2,20,1,143,0.066666667,3,0,0,0,0,0,0,0,0,0,9,37,3
13419,6,85576,1,6,2,2,0,1,0,1,1,54,0.033333333,0,0,0,0,0,0,0,0,0,0,5,6,0
13461,237,250865,5,119,7,55,35,7,9,52,2,34,0.3,0,12,28,0,0,0,0,0,0,0,31,40,0
13466,232,85576,3,37,2,6,18,4,0,6,2,54,0.066666667,0,0,0,0,0,0,0,0,0,0,10,34,0
13483,43,334927,2,10,2,4,0,2,0,4,2,7,0.033333333,0,0,0,0,0,0,0,0,0,0,5,10,0
13502,609,127749,3,606,44,105,224,87,18,84,57,102,0.366666667,0,1,134,109,119,0,0,0,0,0,143,150,134
13508,12,42723,1,12,2,4,0,3,0,3,3,6,0.033333333,0,0,0,0,0,0,0,0,0,0,9,12,0
13510,127,457932,3,63,3,20,6,18,0,17,14,21,0.066666667,0,0,0,0,0,0,0,0,0,0,24,29,34
13513,354,86829,2,216,11,63,90,9,17,66,7,63,0.2,0,0,0,0,74,0,0,0,0,0,70,83,0
13514,27,346877,6,2,2,0,0,0,0,0,0,9,0.033333333,0,0,0,0,0,0,0,0,0,0,2,2,0
13522,221,334927,2,41,9,13,2,8,1,8,6,7,0.066666667,0,0,0,0,0,0,0,0,0,0,21,20,21
13528,45,250865,3,4,2,2,0,0,0,2,0,34,0.033333333,0,0,0,0,0,0,0,0,0,0,3,4,0
13529,346,346877,3,123,29,28,12,17,11,22,5,9,0.2,5,0,0,0,0,0,0,0,5,4,17,90,19
13539,33,346877,3,8,3,3,0,1,0,2,1,9,0.033333333,0,0,0,0,0,0,0,0,0,0,4,8,0
13545,33,46603,3,7,2,3,0,1,0,2,1,5,0.033333333,0,0,0,0,0,0,0,0,0,0,4,7,0
13547,297,334927,6,62,30,16,2,9,0,11,5,7,0.166666667,0,0,0,0,0,0,0,0,0,0,16,24,0
13550,365,457932,3,184,30,74,29,7,31,41,9,21,0.366666667,0,0,13,0,19,26,0,0,11,10,49,45,59
13556,2334,261579,5,344,32,120,14,99,23,81,51,5,0.4,0,6,5,3,146,0,0,0,0,0,79,26,151
13561,5,85576,1,5,4,0,0,0,1,0,0,54,0.033333333,0,0,0,0,0,0,0,0,0,0,3,5,0
13563,4,399092,1,4,4,0,0,0,0,0,0,101,0.033333333,0,0,0,0,0,0,0,0,0,0,2,4,0
13568,389,85168,6,368,21,64,140,60,0,84,22,139,0.1,60,0,0,0,0,0,0,0,0,0,103,86,282
13571,387,346877,5,131,11,29,34,23,0,39,9,9,0.166666667,0,0,0,0,0,0,0,0,0,0,29,50,7
13580,297,188602,6,95,31,33,0,15,5,34,8,96,0.133333333,0,0,0,0,38,0,0,0,0,0,32,28,0
13584,1008,334927,6,368,22,191,18,88,1,157,40,7,0.233333333,0,74,0,0,51,0,0,0,54,0,70,40,37
13591,335,346877,3,274,21,70,45,53,7,91,27,9,0.2,0,14,77,0,0,0,0,0,68,0,51,34,85
13596,155,85576,1,155,14,26,75,21,0,24,5,54,0.1,0,0,0,0,0,0,0,0,0,0,23,122,0
13625,3,346877,2,2,2,0,0,0,0,0,0,9,0.033333333,0,0,0,0,0,0,0,0,0,0,1,2,0
13628,657,502584,3,552,34,84,158,61,34,131,34,143,0.333333333,7,142,0,0,0,0,0,0,0,0,98,110,169
13630,73,110497,4,17,7,6,0,1,1,3,2,24,0.066666667,0,0,0,0,0,0,0,0,0,0,10,6,11
13643,292,346877,2,11,2,7,0,1,0,4,1,9,0.066666667,0,0,0,0,0,0,0,0,0,0,5,5,0
13645,236,346877,3,151,18,55,13,37,0,37,23,9,0.2,0,0,16,0,0,0,0,0,0,20,42,36,7
13650,51,247683,1,51,4,19,14,13,0,14,1,23,0.066666667,0,0,0,0,0,19,0,0,0,0,20,32,19
13656,24,140022,2,12,2,4,0,3,0,3,3,232,0.033333333,0,0,0,0,0,0,0,0,0,0,9,12,0
13657,19,110497,1,19,6,8,0,3,2,5,0,24,0.033333333,0,0,0,0,0,0,0,0,0,0,7,19,0
13663,1385,85576,6,4,1,2,0,0,0,2,0,54,0.033333333,0,0,0,0,0,0,0,0,0,0,3,4,0
13675,510,110497,4,174,25,43,27,33,16,42,7,24,0.466666667,0,0,1,27,1,2,15,1,1,1,38,60,29
13680,47,502584,4,3,1,2,0,0,0,1,0,143,0.033333333,3,0,0,0,0,0,0,0,0,0,3,3,0
13681,6,250865,1,6,2,2,0,1,0,1,1,34,0.066666667,0,0,0,0,0,0,0,0,0,0,5,4,2
13686,63,250865,2,45,2,15,0,8,0,29,3,34,0.233333333,0,0,0,2,0,2,0,0,0,2,6,7,2
13687,3790,247683,14,611,84,203,20,30,261,125,11,23,0.5,0,0,50,16,0,9,30,43,0,0,62,52,72
13690,556,85576,7,35,2,8,14,4,0,7,2,54,0.033333333,0,0,0,0,0,0,0,0,0,0,10,35,0
13691,389,110497,6,1,1,0,0,0,0,0,0,24,0.033333333,0,0,0,0,0,0,0,0,0,0,1,1,0
13693,55,334927,3,25,4,9,0,5,3,4,3,7,0.066666667,0,0,0,0,0,0,0,0,0,0,11,16,9
13702,74,261579,3,28,6,12,0,6,0,6,2,5,0.166666667,0,8,0,1,0,0,6,0,8,0,11,8,11
13719,72,260769,2,24,5,11,0,2,0,8,2,0,0.1,0,0,0,0,0,0,0,0,0,0,9,14,0
13725,389,127749,6,3,3,0,0,0,0,0,0,102,0.033333333,0,0,0,0,0,0,0,0,0,0,2,3,0
13730,3,250865,1,3,3,0,0,0,0,0,0,34,0.033333333,0,0,0,0,0,0,0,0,0,0,3,3,0
13738,655,457932,7,254,12,148,33,3,49,104,4,21,0.233333333,0,0,0,0,0,0,81,15,0,0,44,121,0
13740,148,334927,1,148,24,53,16,37,5,27,9,7,0.166666667,0,0,0,0,0,0,0,0,0,0,28,45,44
13742,165,334927,2,164,21,53,12,4,48,25,0,7,0.133333333,0,0,0,0,0,0,0,0,0,0,23,65,5
13746,75,127749,2,55,1,20,0,17,0,17,17,102,0.066666667,0,0,0,0,0,0,0,0,0,0,21,18,37
13776,907,127749,10,94,20,33,0,23,7,21,9,102,0.2,0,0,0,0,0,0,0,0,0,0,23,5,9
13797,284,208752,1,284,43,58,46,36,8,76,34,24,0.233333333,0,0,0,0,0,0,0,0,0,0,60,184,8
13803,1151,907118,2,1042,151,344,66,244,38,321,76,19,0.666666667,135,0,37,27,53,102,0,0,29,25,100,285,262
13821,5710,195289,25,230,31,85,0,34,28,72,34,105,0.333333333,1,0,0,49,1,0,0,0,0,0,43,148,5
13824,121,907118,1,121,9,64,2,23,0,51,21,19,0.166666667,0,0,42,26,6,27,0,0,0,20,40,62,26
13836,1910,38356,8,324,23,79,27,59,23,105,53,65,0.233333333,0,0,0,0,0,0,0,0,0,0,66,82,160
13839,860,38356,2,842,66,287,113,107,47,386,50,65,0.533333333,0,11,0,138,77,0,0,6,11,8,150,186,277
13841,323,907118,1,323,9,176,7,69,4,128,31,19,0.166666667,0,0,26,126,7,161,0,0,3,0,63,26,126
13851,5,156596,1,5,3,2,0,0,0,1,0,224,0.033333333,0,0,0,0,0,0,0,0,0,0,3,5,0
13863,1221,38356,4,27,4,9,0,3,0,17,0,65,0.066666667,0,0,0,0,0,0,0,0,0,0,7,27,0
13865,401,907118,2,267,35,159,3,62,6,142,1,19,0.233333333,0,0,0,0,0,46,0,0,0,0,25,9,168
13869,272,907118,2,238,22,121,3,61,1,84,27,19,0.433333333,42,52,0,4,17,1,0,4,6,1,40,15,32
13876,2179,208752,8,264,20,89,43,51,6,83,17,24,0.4,25,0,39,0,0,49,0,4,0,0,62,81,63
13886,485,208752,4,442,26,112,33,70,10,180,86,24,0.333333333,0,0,113,0,47,29,3,0,0,0,92,219,0
13901,873,208752,4,155,21,34,15,19,9,41,31,24,0.2,0,0,0,0,0,0,0,0,1,8,54,40,36
13903,2827,907118,5,23,5,11,4,3,0,6,0,19,0.066666667,0,0,0,0,0,8,0,0,0,0,12,15,0
13904,1589,38356,9,33,7,14,0,4,6,7,1,65,0.133333333,0,0,0,0,0,0,0,0,0,0,7,28,0
13928,973,156596,2,951,106,77,271,70,17,300,123,224,0.5,0,81,0,51,0,0,32,1,96,0,203,300,144
13934,406,195289,10,175,25,41,19,25,12,42,21,105,0.266666667,8,0,0,0,0,5,1,0,0,0,39,15,52
13940,187,195289,2,127,4,25,20,20,2,45,21,105,0.133333333,0,0,0,0,0,0,0,0,0,0,28,27,0
13941,343,208752,2,247,32,51,21,12,27,79,45,24,0.2,0,0,0,0,0,0,0,0,29,0,68,127,0
13951,103,261579,1,103,20,35,0,21,7,27,10,5,0.233333333,0,0,0,0,0,0,0,0,0,0,24,9,21
13955,308,261579,3,293,18,104,8,84,15,76,61,5,0.5,51,0,0,0,0,0,5,0,0,50,99,59,33
13968,7,261579,1,7,3,3,0,1,0,2,0,5,0.033333333,0,0,0,0,0,0,0,0,0,0,6,7,0
13985,6,261579,1,6,2,2,0,1,0,1,1,5,0.033333333,0,0,0,0,0,0,0,0,0,0,5,6,0
13986,27,261579,1,27,4,9,0,4,8,4,2,5,0.033333333,0,0,0,0,0,0,0,0,0,0,11,27,0
13989,20,261579,2,8,1,3,0,2,0,2,2,5,0.033333333,0,0,0,0,0,0,0,0,0,0,6,8,0
13990,604,261579,6,254,15,96,8,49,59,60,26,5,0.266666667,0,14,0,0,0,0,21,0,0,0,51,29,59
13998,19,261579,1,19,1,7,0,5,0,7,5,5,0.033333333,0,0,0,0,0,0,0,0,0,0,7,19,0
14013,26,261579,1,26,7,13,0,1,0,15,1,5,0.066666667,0,0,0,0,0,0,0,0,0,0,16,15,11
14026,495,261579,3,272,30,116,15,46,20,82,33,5,0.366666667,31,18,0,0,0,0,0,0,25,6,72,42,4
14038,4,261579,1,4,2,2,0,0,0,1,0,5,0.033333333,0,0,0,0,0,0,0,0,0,0,4,4,0
14044,618,261579,5,30,5,13,0,8,0,7,2,5,0.1,0,0,0,0,0,0,0,0,0,0,8,19,0
14058,43,261579,1,43,9,14,0,8,3,12,8,5,0.1,0,0,0,0,0,0,0,0,0,0,19,14,0
14069,68,261579,2,67,15,14,0,12,5,15,11,5,0.1,0,0,0,0,0,0,0,0,0,0,22,2,0
14072,36,261579,2,29,5,15,0,5,0,13,2,5,0.033333333,0,0,0,0,0,0,0,0,0,0,11,29,0
14085,1,261579,1,1,1,0,0,0,0,0,0,5,0.033333333,0,0,0,0,0,0,0,0,0,0,1,1,0
14097,1735,261579,7,5,1,3,0,0,0,3,0,5,0.033333333,0,0,0,0,0,0,0,0,0,0,4,5,0
14101,952,261579,3,112,15,58,0,19,5,45,14,5,0.066666667,0,0,0,0,0,0,0,0,0,0,24,104,8
14115,17,261579,1,17,5,4,0,3,0,4,3,5,0.033333333,0,0,0,0,0,0,0,0,0,0,11,17,0
14120,1,261579,1,1,1,0,0,0,0,0,0,5,0.033333333,0,0,0,0,0,0,0,0,0,0,1,1,0
14127,9,261579,1,9,6,1,0,1,0,1,1,5,0.066666667,0,0,0,0,0,0,0,0,0,0,6,7,0
14129,67,261579,3,34,4,6,0,5,9,13,1,5,0.033333333,0,0,0,0,0,0,0,0,0,0,8,34,0
14133,115,261579,2,5,1,2,0,1,0,1,1,5,0.033333333,0,0,0,0,0,0,0,0,0,0,4,5,0
14144,460,261579,5,180,21,59,10,35,30,38,19,5,0.333333333,0,0,0,0,0,0,0,0,0,0,56,11,3
14148,52,261579,3,33,1,16,0,7,0,16,7,5,0.033333333,0,0,0,0,0,0,0,0,0,0,14,33,0
14164,6,261579,1,6,1,3,0,1,0,2,1,5,0.033333333,0,0,0,0,0,0,0,0,0,0,4,6,0
14165,8,261579,1,8,4,2,0,1,0,1,1,5,0.033333333,0,0,0,0,0,0,0,0,0,0,7,8,0
14166,22,261579,1,22,1,8,0,7,0,7,6,5,0.033333333,0,0,0,0,0,0,0,0,0,0,15,22,0
14167,212,261579,3,54,7,26,0,10,0,18,7,5,0.233333333,12,10,0,0,0,0,0,0,0,0,19,15,0
14172,539,261579,11,41,11,9,0,2,14,4,0,5,0.1,0,0,0,0,0,0,0,0,0,0,11,20,20
14193,117,261579,7,13,4,7,0,1,0,4,1,5,0.066666667,0,0,0,0,0,0,0,0,0,0,8,7,0
14199,63,261579,1,63,3,34,5,4,15,33,1,5,0.1,0,0,0,0,0,0,0,0,0,0,25,7,31
14201,355,261579,2,83,12,25,0,18,10,17,11,5,0.1,0,0,0,0,0,0,0,0,0,0,27,6,70
14204,7,261579,1,7,1,2,0,1,0,2,1,5,0.033333333,0,0,0,0,0,0,0,0,0,0,4,7,0
14210,3,261579,1,3,2,0,0,0,1,0,0,5,0.033333333,0,0,0,0,0,0,0,0,0,0,3,3,0
14220,1452,261579,6,402,58,255,15,5,61,169,1,5,0.433333333,0,0,43,0,0,0,0,0,0,0,50,67,128
14227,29,261579,2,24,6,7,0,6,0,6,5,5,0.033333333,0,0,0,0,0,0,0,0,0,0,12,24,0
14228,253,261579,2,14,2,5,0,4,0,4,3,5,0.033333333,0,0,0,0,0,0,0,0,0,0,8,14,0
14229,8,261579,1,8,2,4,0,1,0,3,1,5,0.033333333,0,0,0,0,0,0,0,0,0,0,6,8,0
14233,460,261579,2,408,28,141,5,82,89,99,55,5,0.2,0,65,0,0,0,0,0,0,0,0,48,148,0
14252,491,261579,4,95,8,37,0,19,21,29,10,5,0.133333333,0,5,0,0,0,0,0,0,0,0,23,7,88
14255,14,261579,1,14,4,7,0,2,0,5,0,5,0.066666667,0,0,0,0,0,0,0,0,0,0,8,6,0
14267,422,261579,7,195,19,71,9,53,8,39,32,5,0.3,9,0,0,0,0,0,0,0,0,0,54,14,62
14268,7,261579,1,7,4,1,0,1,0,1,1,5,0.033333333,0,0,0,0,0,0,0,0,0,0,6,7,0
14275,40,261579,1,40,4,14,0,12,0,11,10,5,0.066666667,0,0,0,0,0,0,0,0,0,0,23,18,0
14277,364,261579,3,100,5,50,0,24,0,45,21,5,0.133333333,0,0,0,0,0,12,18,0,0,0,23,34,66
14298,310,261579,3,272,30,88,15,61,21,82,34,5,0.4,0,6,0,0,0,12,78,0,0,48,65,16,0
14302,819,261579,3,331,37,95,19,75,44,69,48,5,0.2,0,0,0,0,44,0,0,0,63,0,101,35,127
14308,39,261579,3,6,2,2,0,0,0,2,0,5,0.033333333,0,0,0,0,0,0,0,0,0,0,4,6,0
14309,659,261579,2,412,51,124,13,98,68,70,54,5,0.6,27,39,13,7,0,8,12,65,8,10,98,61,36
14314,1980,261579,13,316,28,95,4,74,70,60,39,5,0.433333333,18,12,0,0,0,0,0,7,1,0,65,99,50
14321,86,89830,3,8,3,4,0,1,0,1,0,108,0.066666667,0,0,0,0,0,0,0,0,0,0,4,7,1
14322,9633,89830,11,1484,120,174,43,109,715,167,33,108,0.9,34,0,8,10,37,0,98,39,10,10,69,308,155
14332,149,89830,1,149,15,24,22,18,11,50,10,108,0.2,0,0,0,0,0,0,0,0,0,0,24,6,21
14337,54,89830,1,54,26,9,0,5,10,2,2,108,0.066666667,0,0,0,0,0,0,0,0,0,0,9,20,34
14347,2,89830,1,2,2,0,0,0,0,0,0,108,0.033333333,0,0,0,0,0,0,0,0,0,0,1,2,0
14362,58,89830,2,7,3,2,0,1,0,1,1,108,0.033333333,0,0,0,0,0,0,0,0,0,0,5,7,0
14378,870,89830,2,869,45,192,147,52,29,353,123,108,0.7,0,2,0,0,0,12,40,22,69,0,144,334,77
14392,2013,89830,9,717,72,124,104,56,23,307,104,108,0.566666667,40,32,0,57,19,44,56,57,0,0,155,17,0
14430,15,89830,1,15,2,8,0,3,0,5,2,108,0.033333333,0,0,0,0,0,0,0,0,0,0,6,15,0
14457,25,89830,1,25,4,8,0,6,1,5,4,108,0.066666667,0,0,0,0,0,0,0,0,0,0,11,14,11
14461,1,89830,1,1,1,0,0,0,0,0,0,108,0.033333333,0,0,0,0,0,0,0,0,0,0,1,1,0
14472,24,89830,3,7,1,3,0,2,0,2,1,108,0.033333333,0,0,0,0,0,0,0,0,0,0,5,7,0
14488,343,89830,4,8,2,5,0,1,0,4,0,108,0.033333333,0,0,0,0,0,0,0,0,0,0,5,8,0
14490,34,89830,3,14,2,4,0,3,2,3,3,108,0.033333333,0,0,0,0,0,0,0,0,0,0,9,14,0
14504,1,89830,1,1,1,0,0,0,0,0,0,108,0.033333333,0,0,0,0,0,0,0,0,0,0,1,1,0
14505,596,89830,3,532,1,96,62,73,16,238,122,108,0.6,15,64,0,0,12,0,90,3,31,0,125,183,54
14525,1221,89830,4,833,88,153,175,120,48,294,8,108,0.533333333,0,0,31,1,0,0,182,24,0,0,107,12,31
14529,150,89830,1,150,3,16,54,13,0,57,18,108,0.1,0,0,0,0,0,0,0,0,0,0,50,5,0
14532,828,89830,6,9,2,4,0,2,0,1,1,108,0.066666667,0,0,0,0,0,0,0,0,0,0,5,9,0
14541,1042,89830,4,69,1,8,13,7,0,32,12,108,0.033333333,0,0,0,0,0,0,0,0,0,0,16,69,0
14547,136,334927,1,136,12,44,61,4,4,37,3,7,0.1,0,0,0,34,8,0,0,0,0,0,32,94,0
14554,75,878119,1,75,7,56,0,5,0,50,5,20,0.166666667,0,0,1,0,0,0,0,0,0,0,25,26,16
14579,91,878119,2,79,16,33,5,6,9,21,3,20,0.2,6,0,0,0,0,0,0,14,0,0,21,35,20
14588,108,334927,1,108,20,33,3,21,12,36,16,7,0.066666667,0,0,0,0,46,62,0,0,0,0,23,46,62
14594,61,878119,1,61,9,35,3,8,0,25,4,20,0.1,0,0,0,0,0,0,0,0,0,0,17,21,0
14610,217,43183,1,217,19,46,30,19,16,88,36,24,0.166666667,3,77,0,50,0,0,0,0,0,0,58,14,123
14631,86,334927,1,86,21,31,5,20,0,11,8,7,0.133333333,0,0,0,0,0,35,0,0,0,0,20,1,64
14634,36,878119,1,36,5,15,0,12,0,5,3,20,0.366666667,0,0,0,0,0,0,0,0,0,0,8,12,5
14636,3,334927,2,2,2,0,0,0,0,0,0,7,0.033333333,0,0,0,0,0,2,0,0,0,0,2,2,0
14646,152,878119,1,152,13,78,5,25,0,81,14,20,0.1,0,0,0,0,0,0,0,0,0,0,33,26,59
14653,446,878119,2,213,29,88,8,56,8,53,17,20,0.333333333,26,10,0,0,0,0,0,0,0,0,46,23,58
14659,283,878119,1,283,23,77,50,65,1,84,42,20,0.2,0,0,0,0,0,113,0,21,0,0,65,72,19
14660,2781,21560,13,210,36,59,5,40,32,37,18,9,0.433333333,6,33,0,0,0,3,15,4,0,0,31,55,118
14675,160,334927,1,160,12,51,16,44,0,40,34,7,0.2,0,0,46,0,0,43,21,0,0,17,57,18,15
14678,186,878119,2,156,11,69,9,32,2,60,28,20,0.366666667,0,0,0,0,0,0,0,13,4,0,39,15,11
14688,13,334927,2,7,2,3,0,1,0,2,1,7,0.033333333,0,0,0,0,0,7,0,0,0,0,6,7,0
14692,1557,334927,5,96,9,51,0,22,0,33,14,7,0.2,0,56,0,0,0,1,1,1,0,0,30,1,0
14697,230,878119,1,230,13,78,42,53,0,64,28,20,0.233333333,0,8,0,0,0,0,0,15,138,0,50,9,8
14701,98,878119,3,35,4,18,0,7,0,14,4,20,0.066666667,0,29,0,0,0,0,0,0,0,0,10,6,0
14717,13,43183,2,6,2,2,0,1,0,1,1,24,0.033333333,0,6,0,0,0,0,0,0,0,0,5,6,0
14727,271,878119,1,271,13,80,35,72,2,91,37,20,0.166666667,0,0,82,0,0,0,0,0,21,0,81,123,45
14731,350,334927,1,350,47,101,13,77,61,60,38,7,0.433333333,0,0,23,29,0,34,42,0,0,6,54,88,140
14732,140,878119,2,125,12,81,7,10,0,64,5,20,0.266666667,0,0,0,0,0,0,0,0,0,0,31,75,24
14736,255,878119,1,255,51,114,25,15,7,110,10,20,0.366666667,2,0,3,29,0,0,0,12,61,0,45,69,96
14738,242,148500,1,242,14,44,69,24,3,88,27,29,0.1,0,0,0,0,0,0,0,0,0,0,53,41,0
14750,188,878119,1,188,21,98,26,13,10,86,0,20,0.233333333,13,0,42,0,0,17,0,0,0,0,36,47,42
14759,33,878119,1,33,3,11,2,9,0,12,2,20,0.033333333,0,0,0,0,0,0,0,0,0,0,10,33,0
14761,205,878119,2,111,21,78,5,3,0,34,3,20,0.433333333,6,0,0,0,0,8,0,0,7,0,26,41,11
14766,154,878119,1,154,31,50,9,35,9,24,13,20,0.266666667,0,0,0,0,0,0,0,0,0,0,38,24,0
14768,300,878119,1,300,25,125,30,69,2,111,32,20,0.133333333,0,28,30,0,0,0,0,0,0,0,66,172,100
14776,176,334927,1,176,25,76,16,34,0,60,19,7,0.133333333,0,0,0,48,84,34,0,0,0,0,55,10,0
14778,327,148500,3,144,4,24,52,18,4,35,9,29,0.1,0,0,0,0,0,0,0,0,0,0,36,119,9
14781,483,878119,1,483,23,172,42,117,36,155,56,20,0.866666667,0,0,11,3,4,4,40,44,3,0,62,127,36
14785,36,878119,1,36,5,13,0,11,0,10,7,20,0.1,27,0,0,7,0,0,0,0,0,0,21,9,27
14791,168,878119,2,161,35,54,27,5,8,69,4,20,0.2,0,0,31,0,0,0,0,5,0,0,49,57,21
14793,113,878119,2,99,27,36,17,3,2,41,3,20,0.166666667,0,0,0,0,0,0,0,0,0,0,37,86,3
14799,232,878119,1,232,28,81,18,62,12,53,23,20,0.233333333,25,0,0,0,0,87,0,0,0,0,53,17,23
14808,1,878119,1,1,1,0,0,0,0,0,0,20,0.033333333,0,0,0,0,0,0,0,0,0,0,1,1,0
14812,48,43183,3,45,2,7,6,6,0,17,13,24,0.033333333,0,45,0,0,0,0,0,0,0,0,12,45,0
14830,761,334927,6,201,39,78,6,17,46,28,1,7,0.433333333,0,6,0,0,0,9,4,0,0,10,22,112,37
14845,1765,878119,4,431,46,126,34,89,101,73,11,20,0.5,12,0,105,75,0,0,0,0,4,0,61,83,137
14853,145,334927,1,145,29,54,3,33,8,23,17,7,0.066666667,0,0,0,0,0,130,15,0,0,0,18,130,15
14855,224,334927,1,224,26,86,17,60,5,51,25,7,0.266666667,10,21,0,10,0,49,0,0,0,4,39,42,4
14870,43,878119,1,43,6,22,0,10,0,13,5,20,0.133333333,0,0,0,0,0,0,0,0,0,0,15,21,10
14887,281,878119,1,281,29,96,62,36,3,91,15,20,0.3,0,0,0,31,96,0,0,0,0,0,67,2,15
14895,223,878119,3,137,9,48,7,40,0,43,28,20,0.3,0,0,5,27,10,0,0,0,1,0,41,105,10
14899,38,21560,1,38,3,14,0,11,0,11,10,9,0.066666667,0,0,0,0,0,0,0,0,0,0,19,13,25
14912,230,21560,2,226,27,69,26,9,30,87,17,9,0.166666667,0,0,0,0,0,0,0,17,0,0,34,38,9
14914,92,34988,3,41,2,15,0,7,0,24,3,108,0.2,1,1,0,0,0,0,0,0,0,0,12,28,0
14928,22,334927,1,22,7,10,0,4,0,6,0,7,0.033333333,0,0,0,0,0,22,0,0,0,0,6,22,0
14953,248,334927,1,248,50,61,18,56,13,53,31,7,0.266666667,0,0,52,46,8,9,5,62,0,12,55,59,62
14957,1435,21560,9,101,9,49,0,23,0,36,12,9,0.233333333,0,0,0,4,0,0,0,0,0,0,24,48,22
14966,242,334927,2,37,4,15,2,9,0,12,7,7,0.066666667,0,0,0,0,9,28,0,0,0,0,20,9,28
14970,256,878119,1,256,49,101,15,71,4,74,14,20,0.266666667,0,0,0,42,0,0,0,0,0,0,58,1,92
14988,57,878119,2,56,7,20,0,14,0,21,8,20,0.1,25,0,0,0,0,0,0,0,0,0,15,1,0
14991,122,334927,1,122,12,57,20,13,9,44,8,7,0.166666667,0,0,0,0,0,17,0,0,0,0,43,38,37
14992,451,878119,2,444,24,156,78,92,4,166,51,20,0.166666667,0,0,0,0,35,116,0,0,0,0,81,63,116
14997,1,43183,1,1,1,0,0,0,0,0,0,24,0.033333333,0,1,0,0,0,0,0,0,0,0,1,1,0
15008,38,334927,1,38,9,9,0,5,9,6,4,7,0.066666667,0,0,0,0,0,29,0,0,0,0,14,38,0
15031,358,334927,4,286,50,57,19,37,107,20,6,7,0.333333333,0,1,0,0,0,51,0,0,0,0,31,63,15
15037,96,878119,1,96,13,52,0,18,1,32,11,20,0.066666667,0,0,10,0,0,0,0,0,0,0,24,86,0
15038,263,878119,1,263,23,73,22,59,30,62,39,20,0.266666667,0,0,8,53,0,38,0,0,0,0,66,79,92
15043,888,334927,3,392,45,110,18,78,105,55,34,7,0.466666667,5,0,5,13,10,30,16,1,0,0,54,73,115
15057,338,878119,4,215,21,138,13,6,30,114,3,20,0.333333333,0,0,0,63,0,8,0,0,0,0,50,5,102
15059,492,878119,9,24,3,10,0,7,0,6,3,20,0.1,0,0,0,0,0,0,0,0,0,0,10,4,0
15060,285,878119,1,285,29,139,28,20,17,126,20,20,0.533333333,49,7,22,0,0,0,0,0,24,0,74,83,43
15061,1011,878119,1,1011,41,404,89,216,93,328,88,20,0.566666667,53,75,67,91,16,0,0,0,0,0,83,307,141
15063,610,878119,3,311,46,118,35,50,3,113,27,20,0.366666667,2,18,0,0,0,0,5,0,94,0,60,51,64
15081,53,334927,1,53,7,29,5,4,0,27,3,7,0.1,0,0,0,0,0,22,0,0,0,3,20,31,0
15096,265,878119,3,253,15,96,25,50,16,97,25,20,0.166666667,0,0,50,0,0,0,0,0,0,0,67,4,0
15108,175,878119,1,175,15,55,19,43,11,50,16,20,0.266666667,0,0,9,88,0,0,0,8,0,0,49,1,24
15118,1030,878119,7,122,17,45,17,27,0,35,0,20,0.3,0,8,0,0,0,0,55,11,0,0,21,19,9
15139,445,878119,1,445,40,207,75,48,0,170,31,20,0.333333333,0,127,16,30,71,0,0,0,0,0,82,78,55
15149,269,878119,2,173,20,65,16,36,8,57,18,20,0.233333333,0,0,0,0,52,4,0,0,0,0,56,76,0
15160,19,334927,1,19,4,11,0,2,0,8,2,7,0.066666667,0,12,0,0,0,7,0,0,0,0,12,19,0
15162,339,878119,1,339,38,112,13,90,32,71,48,20,0.5,11,14,7,0,0,0,0,27,80,0,68,114,34
15163,315,878119,1,315,17,85,44,77,16,94,46,20,0.233333333,0,0,96,0,0,0,0,0,0,0,76,19,102
15165,472,878119,1,472,17,132,42,103,110,101,39,20,0.766666667,1,2,4,125,4,1,0,0,0,0,77,56,363
15173,565,21560,5,118,9,32,5,24,0,40,25,9,0.3,0,0,0,0,0,0,0,0,8,0,22,13,15
15186,417,21560,4,105,14,47,3,12,0,44,0,9,0.3,0,0,0,0,0,0,0,0,0,0,16,64,19
15191,432,334927,2,14,5,5,0,3,0,2,1,7,0.066666667,0,0,0,0,0,7,0,0,0,0,8,7,0
15203,158,878119,1,158,32,66,21,16,1,54,7,20,0.333333333,0,9,2,0,0,0,0,0,0,0,41,78,0
15208,382,878119,1,382,24,141,50,84,3,131,40,20,0.366666667,0,0,0,0,0,0,36,144,0,0,58,25,23
15212,321,878119,3,318,59,102,33,74,6,68,31,20,0.4,0,0,0,0,0,18,15,0,0,0,57,18,103
15213,254,878119,3,252,22,91,21,68,10,74,26,20,0.3,5,4,0,7,0,0,64,0,0,0,61,60,67
15214,397,878119,3,334,31,124,29,94,0,92,44,20,0.333333333,50,7,0,28,37,0,0,0,10,0,82,12,0
15215,83,334927,1,83,12,44,0,14,1,26,8,7,0.133333333,0,0,0,0,0,17,28,0,0,0,15,24,14
15227,300,878119,3,283,27,83,46,55,10,77,33,20,0.166666667,0,0,0,0,0,0,0,0,139,0,61,29,0
15237,655,878119,7,174,10,139,14,5,0,93,4,20,0.166666667,28,0,0,0,0,0,0,0,0,0,36,54,40
15253,847,878119,4,226,20,146,30,8,1,121,7,20,0.2,51,0,68,0,0,0,0,0,0,0,57,103,5
15272,1,878119,1,1,1,0,0,0,0,0,0,20,0.033333333,0,0,0,0,0,0,0,0,0,0,1,1,0
15273,655,148500,7,150,1,44,41,0,17,68,8,29,0.033333333,0,0,0,0,0,0,0,0,0,0,27,150,0
15275,190,878119,1,190,21,64,5,41,22,50,19,20,0.233333333,7,30,0,0,0,0,0,0,0,0,38,70,44
15279,2,334927,1,2,2,0,0,0,0,0,0,7,0.033333333,0,0,0,0,0,2,0,0,0,0,2,2,0
15281,13,334927,1,13,4,5,0,4,0,4,0,7,0.066666667,0,0,12,0,0,1,0,0,0,0,5,12,0
15290,125,878119,2,87,5,27,19,22,0,25,3,20,0.1,0,0,0,0,0,0,0,0,0,0,19,74,0
15296,4153,148500,8,1018,48,170,227,130,148,282,72,29,0.633333333,0,6,9,92,0,12,4,0,17,3,131,311,505
15322,246,878119,2,134,22,89,6,6,0,68,8,20,0.166666667,24,15,0,0,18,0,0,0,40,0,56,37,42
15333,202,878119,1,202,14,81,17,52,2,79,22,20,0.2,99,73,0,0,0,14,0,0,0,0,56,4,0
15339,1561,148500,13,151,12,21,39,20,3,52,21,29,0.133333333,0,0,0,0,0,0,0,0,0,0,42,45,0
15347,98,878119,1,98,15,52,16,0,0,47,0,20,0.066666667,0,0,17,0,0,0,0,0,0,0,35,81,0
15349,41,334927,2,40,2,20,0,12,0,17,6,7,0.033333333,0,0,0,0,0,40,0,0,0,0,22,40,0
15352,85,878119,1,85,13,29,9,12,10,27,4,20,0.133333333,0,0,0,0,0,0,0,0,0,0,23,81,0
15362,37,43183,3,33,13,2,0,0,18,1,0,24,0.066666667,0,3,0,0,0,0,0,0,0,0,5,3,30
15366,89,878119,1,89,18,27,9,21,0,23,10,20,0.033333333,0,0,0,0,0,0,0,0,0,0,28,89,0
15386,426,878119,1,426,56,183,9,95,2,159,42,20,0.333333333,27,19,45,56,0,30,0,0,0,0,45,60,58
15388,164,878119,1,164,28,33,39,28,0,44,14,20,0.2,0,0,0,84,0,0,6,0,0,0,39,14,7
15408,248,878119,2,79,8,33,5,21,0,21,12,20,0.133333333,0,0,0,0,0,0,0,0,0,0,33,15,0
15409,248,334927,2,169,22,51,13,34,14,24,12,7,0.166666667,0,5,0,0,0,50,0,0,0,0,39,84,0
15420,405,878119,5,77,6,28,4,24,0,23,11,20,0.166666667,0,0,0,0,0,0,0,0,0,8,32,21,37
15424,106,878119,1,106,12,47,1,27,0,32,13,20,0.166666667,0,40,0,0,0,0,0,0,0,0,23,24,40
15437,26,334927,1,26,11,10,0,1,2,5,1,7,0.033333333,0,0,0,0,0,26,0,0,0,0,11,26,0
15441,114,878119,3,87,15,48,8,6,0,35,4,20,0.166666667,0,0,0,0,0,0,0,0,0,0,27,77,2
15442,147,878119,1,147,32,83,10,8,3,47,4,20,0.266666667,0,6,0,0,0,14,6,25,0,0,32,41,16
15444,44,878119,2,22,3,9,0,7,0,6,3,20,0.066666667,0,10,0,0,0,0,0,0,0,0,12,12,0
15457,333,878119,2,326,19,125,48,75,0,108,42,20,0.233333333,0,0,0,6,0,0,0,0,35,0,85,33,0
15459,65,878119,2,64,10,25,0,15,5,12,8,20,0.133333333,0,42,0,0,0,7,0,0,2,0,16,13,0
15460,103,878119,1,103,9,39,4,32,1,32,13,20,0.133333333,0,0,0,0,0,2,0,0,0,0,26,80,12
15465,566,878119,4,1,1,0,0,0,0,0,0,20,0.033333333,0,0,0,0,0,0,0,0,0,0,1,1,0
15470,4,334927,1,4,2,2,0,0,0,1,0,7,0.033333333,0,0,0,0,0,4,0,0,0,0,4,4,0
15473,680,334927,4,360,50,71,31,52,122,40,24,7,0.366666667,1,48,8,0,0,53,0,0,0,0,55,70,8
15479,129,878119,7,117,17,35,6,31,8,38,7,20,0.066666667,0,0,0,0,0,0,0,0,0,0,36,53,0
15483,36,878119,1,36,16,9,0,5,0,9,6,20,0.1,0,0,0,0,0,0,0,0,0,0,13,9,14
15496,337,878119,5,138,41,28,24,22,1,34,9,20,0.266666667,0,0,0,0,0,0,0,6,25,0,36,19,54
15500,62,878119,3,50,11,29,1,3,2,19,0,20,0.166666667,1,4,0,0,0,0,0,0,0,0,23,5,19
15510,209,334927,1,209,24,72,18,54,5,48,30,7,0.233333333,0,55,0,0,0,30,0,0,0,0,52,21,41
15513,499,878119,4,328,30,119,27,95,4,104,31,20,0.3,21,1,0,79,0,54,33,0,0,0,61,69,101
15516,84,878119,2,77,19,28,7,12,1,20,1,20,0.2,0,0,0,0,0,0,0,0,0,0,18,40,14
15522,847,334927,2,397,41,137,23,108,4,106,69,7,0.4,0,0,0,0,0,10,80,17,0,118,55,153,13
15530,176,878119,1,176,24,69,44,6,1,71,5,20,0.233333333,27,0,12,0,0,0,0,48,37,0,50,44,18
15546,225,878119,2,119,19,34,7,29,2,34,20,20,0.233333333,1,0,0,0,0,0,0,0,0,0,36,44,13
15553,649,334927,2,112,28,61,8,8,0,40,4,7,0.233333333,0,9,0,0,6,7,0,0,7,0,25,25,0
15594,83,878119,3,38,5,14,1,7,0,14,5,20,0.066666667,0,0,0,0,0,15,0,0,0,0,21,23,0
15599,178,334927,2,170,13,88,21,1,41,51,0,7,0.166666667,0,0,68,0,0,41,0,0,0,0,32,36,68
15602,179,34988,1,179,12,32,56,22,0,50,6,108,0.2,0,0,0,0,0,0,0,0,0,0,35,35,39
15614,200,334927,2,133,6,60,15,27,0,54,20,7,0.133333333,0,0,0,0,0,30,0,0,0,0,49,36,0
15618,396,878119,2,207,14,58,51,43,0,64,14,20,0.233333333,87,0,16,0,8,0,0,0,6,0,60,13,49
15624,146,334927,3,20,4,7,0,5,0,4,4,7,0.1,2,0,8,0,0,10,0,0,0,0,12,2,10
15628,109,878119,2,31,3,19,0,6,0,13,3,20,0.166666667,0,0,0,0,0,3,0,0,0,0,12,23,2
15632,2460,878119,18,40,2,16,1,14,0,15,6,20,0.066666667,7,0,0,0,0,0,0,0,0,0,18,33,7
15648,1,878119,1,1,1,0,0,0,0,0,0,20,0.033333333,0,0,0,0,0,0,0,0,0,0,1,1,0
15701,5,334927,1,5,1,2,0,1,0,1,1,7,0.033333333,0,0,0,0,0,5,0,0,0,0,4,5,0
15705,145,878119,1,145,21,65,11,27,7,53,3,20,0.266666667,9,0,0,0,0,0,12,0,0,0,29,7,45
15706,520,878119,3,333,55,135,11,89,13,84,22,20,0.4,0,0,0,0,0,14,0,0,0,0,59,132,47
15713,586,148500,3,169,19,72,0,39,3,74,34,29,0.3,0,0,0,0,0,0,0,0,1,0,51,26,80
15724,73,878119,1,73,7,18,19,13,0,22,0,20,0.1,0,16,0,0,40,0,0,0,0,0,19,17,40
15729,397,878119,5,382,39,144,23,100,5,105,51,20,0.4,1,9,0,0,0,0,0,8,144,0,62,102,7
15732,8,878119,2,1,1,0,0,0,0,0,0,20,0.033333333,0,0,0,0,0,0,0,0,0,0,1,1,0
15749,256,878119,2,189,19,85,20,37,9,57,13,20,0.433333333,0,0,0,12,0,0,0,0,28,0,51,18,28
15756,7,878119,1,7,2,3,0,1,0,2,1,20,0.033333333,0,0,0,0,0,0,0,0,0,0,6,7,0
15758,186,878119,8,23,4,9,3,6,0,6,0,20,0.066666667,0,0,0,0,0,0,0,0,0,0,10,17,0
15760,25,878119,3,20,8,7,0,2,0,7,2,20,0.1,0,0,0,0,0,0,0,0,0,0,11,11,0
15770,186,334927,8,1,1,0,0,0,0,0,0,7,0.033333333,0,0,0,0,0,1,0,0,0,0,1,1,0
15774,70,878119,2,69,9,20,5,15,15,15,0,20,0.1,0,0,0,0,0,0,0,0,0,0,15,56,0
15775,144,878119,2,128,22,41,9,32,1,33,13,20,0.133333333,0,17,0,0,0,8,0,0,0,0,38,18,85
15776,158,878119,1,158,22,53,28,24,5,49,9,20,0.166666667,0,0,17,0,0,0,0,0,0,0,41,29,128
15779,139,878119,1,139,14,97,11,10,0,84,3,20,0.366666667,3,8,0,0,3,7,5,17,0,0,38,61,39
15796,72,334927,1,72,7,28,5,22,0,25,7,7,0.133333333,20,0,0,0,0,29,0,0,0,0,23,21,29
15802,2119,334927,7,329,51,94,18,61,86,39,14,7,0.566666667,0,4,0,0,4,4,4,8,0,39,61,98,32
15813,309,43183,3,158,12,23,52,1,0,52,30,24,0.233333333,0,4,0,0,52,0,11,4,0,6,63,8,79
15818,18,334927,2,12,7,5,0,0,0,4,0,7,0.066666667,0,0,0,2,0,10,0,0,0,0,6,2,0
15823,97,878119,1,97,10,41,1,26,0,35,13,20,0.1,0,0,0,0,0,0,0,0,0,0,21,43,0
15827,10,334927,1,10,5,3,0,1,0,3,1,7,0.033333333,0,0,0,0,0,10,0,0,0,0,7,10,0
15832,240,878119,2,220,26,66,21,54,7,55,30,20,0.233333333,0,37,0,0,0,0,0,0,0,0,52,102,43
15843,190,878119,1,190,29,78,28,12,13,70,7,20,0.3,0,8,0,51,0,0,0,0,0,0,43,17,0
15844,134,334927,1,134,17,32,14,1,51,32,5,7,0.133333333,0,0,0,61,4,42,27,0,0,0,32,61,4
15845,261,878119,1,261,33,72,40,56,22,71,0,20,0.233333333,0,2,0,0,0,0,0,0,124,0,51,84,0
15846,108,334927,1,108,18,46,15,15,2,30,6,7,0.066666667,28,0,0,0,0,80,0,0,0,0,31,28,80
15848,962,878119,4,137,12,52,16,37,0,34,14,20,0.166666667,0,0,0,4,0,0,0,0,0,0,33,27,17
15876,613,148500,7,162,19,51,48,1,9,60,5,29,0.166666667,0,0,0,0,0,0,0,0,0,0,34,5,10
15877,250,878119,1,250,31,98,24,50,2,96,12,20,0.2,0,79,48,0,0,0,0,0,50,0,36,2,0
15881,2102,148500,6,325,15,105,69,49,3,130,28,29,0.233333333,0,0,0,0,0,0,0,0,0,0,58,128,0
15904,16,334927,1,16,5,6,0,1,2,3,1,7,0.033333333,0,0,0,0,0,16,0,0,0,0,10,16,0
15916,307,878119,2,293,14,91,50,55,0,76,69,20,0.266666667,0,71,0,0,18,0,14,0,101,0,53,129,28
15919,610,148500,3,488,38,92,106,70,6,155,67,29,0.433333333,0,20,0,121,0,0,0,0,18,17,118,123,37
15926,198,334927,2,185,13,80,14,43,10,59,21,7,0.233333333,0,0,0,0,0,4,4,23,69,0,41,25,4
15929,95,334927,1,95,11,41,13,22,0,21,6,7,0.2,0,20,0,0,0,7,0,23,0,0,25,7,27
15933,2,34988,1,2,2,0,0,0,0,0,0,108,0.066666667,0,1,0,0,0,0,0,0,0,0,2,1,0
15937,207,878119,1,207,22,69,27,55,0,53,25,20,0.133333333,59,0,0,0,0,41,0,0,0,0,71,96,0
15946,367,878119,6,177,20,67,1,38,30,48,19,20,0.333333333,4,21,0,0,0,0,0,0,0,0,34,38,10
15959,1051,148500,3,625,43,115,141,91,33,188,55,29,0.433333333,0,113,0,0,0,0,0,40,14,0,117,243,6
15963,155,878119,1,155,7,56,7,48,8,53,18,20,0.133333333,101,0,0,0,0,0,0,16,0,0,45,101,0
15981,82,878119,1,82,11,28,8,21,5,24,0,20,0.133333333,1,0,0,0,0,0,0,21,0,0,21,1,0
15993,517,878119,6,123,14,55,5,28,0,44,13,20,0.2,32,3,5,0,0,0,0,0,0,0,36,70,0
15995,245,878119,2,237,22,120,54,7,5,119,6,20,0.366666667,6,2,0,0,0,6,18,69,26,0,53,37,48
15999,116,878119,1,116,6,49,7,32,4,37,13,20,0.166666667,1,15,0,0,0,0,0,0,0,0,33,55,15
16028,174,878119,1,174,15,52,30,44,9,47,2,20,0.166666667,0,0,0,0,0,18,0,0,50,0,34,29,127
16029,306,148500,1,306,15,41,113,32,2,78,32,29,0.2,0,0,0,0,0,0,0,0,0,0,60,73,213
16033,17,46603,1,17,7,7,0,0,1,5,0,5,0.033333333,0,0,0,0,0,0,0,0,17,0,11,17,0
16038,434,148500,2,433,14,74,111,57,72,117,11,29,0.2,0,0,0,0,0,0,0,28,0,27,58,185,0
16047,47,46603,2,33,3,19,0,6,0,19,5,5,0.066666667,0,0,0,0,0,0,18,0,15,0,11,18,0
16065,649,250865,2,648,31,127,105,102,105,175,50,34,0.4,79,18,0,0,0,0,0,0,16,184,92,45,364
16088,21,878119,1,21,7,4,0,3,1,6,2,20,0.033333333,0,0,0,0,0,0,0,0,0,0,10,21,0
16092,147,878119,1,147,19,55,1,41,3,41,24,20,0.266666667,0,0,18,0,0,28,2,0,0,0,37,39,0
16094,472,878119,2,469,21,142,66,123,0,147,71,20,0.166666667,0,0,0,0,0,0,0,218,140,0,96,27,28
16101,363,46603,2,94,8,27,38,16,0,14,0,5,0.2,0,8,0,0,0,0,10,0,9,0,15,64,12
16127,496,878119,1,496,79,271,39,15,28,212,14,20,0.533333333,51,0,19,0,21,28,0,0,23,0,76,177,184
16129,415,334927,6,60,23,8,17,8,0,8,0,7,0.233333333,0,3,0,2,0,0,0,20,0,0,13,3,0
16135,415,250865,6,204,19,13,127,11,1,36,0,34,0.166666667,9,0,0,0,3,0,0,0,0,186,37,3,3
16136,438,878119,2,425,75,173,33,23,91,99,11,20,0.433333333,0,0,47,0,0,0,0,5,7,0,61,202,124
16140,332,878119,1,332,20,103,48,87,5,98,39,20,0.366666667,0,11,0,0,25,0,148,0,31,0,77,87,0
16145,218,878119,1,218,24,91,6,54,0,70,38,20,0.266666667,0,11,0,0,0,7,0,0,0,0,42,34,54
16149,57,878119,1,57,6,23,4,14,2,13,5,20,0.066666667,0,0,0,0,0,0,0,0,0,0,17,57,0
16156,54,250865,1,54,15,17,0,12,1,14,3,34,0.133333333,0,0,0,0,0,0,0,0,0,17,15,27,0
16167,149,878119,3,104,23,37,5,27,0,19,10,20,0.233333333,0,0,0,0,0,0,0,0,0,0,34,8,39
16168,1265,148500,9,188,13,63,68,0,0,73,1,29,0.2,9,0,0,0,0,0,0,0,0,0,37,8,3
16175,444,878119,1,444,44,185,27,115,1,110,59,20,0.633333333,25,7,0,0,5,72,7,13,24,0,67,105,104
16183,260,334927,1,260,9,144,13,41,18,139,34,7,0.5,1,0,4,51,0,0,0,0,0,8,53,17,15
16201,260,878119,2,259,11,142,12,52,0,111,28,20,0.133333333,0,0,0,0,0,0,0,0,0,0,52,155,0
16248,141,260769,3,102,7,28,15,22,0,25,16,0,0.2,0,0,0,0,0,0,0,0,0,4,35,8,4
16251,61,334927,1,61,14,31,0,6,4,15,5,7,0.2,0,0,0,5,8,0,0,0,0,0,18,18,14
16254,8,878119,1,8,4,2,0,1,0,2,1,20,0.033333333,0,0,0,0,0,0,0,0,0,0,7,8,0
16259,279,878119,1,279,34,90,25,66,10,70,23,20,0.3,7,0,0,0,15,85,0,0,0,0,72,136,5
16263,22,878119,2,21,10,5,0,4,0,4,1,20,0.033333333,0,0,0,0,0,0,0,0,0,0,11,21,0
16270,166,334927,1,166,13,58,23,45,0,38,22,7,0.333333333,0,0,0,4,0,0,7,47,0,0,39,47,44
16273,186,878119,1,186,25,78,16,31,3,64,18,20,0.433333333,0,11,0,4,0,4,0,8,32,0,62,60,0
16275,189,334927,2,187,37,64,20,37,0,51,19,7,0.266666667,0,0,0,68,0,0,4,0,0,2,55,110,71
16276,33,878119,1,33,10,11,0,6,1,8,3,20,0.166666667,0,0,0,0,0,0,0,0,0,0,12,11,13
16281,76,334927,1,76,15,14,3,2,11,7,2,7,0.133333333,0,0,0,9,0,0,0,0,0,0,15,1,66
16282,12,334927,1,12,4,7,0,0,1,5,0,7,0.033333333,0,0,0,12,0,0,0,0,0,0,9,12,0
16287,55,878119,1,55,7,18,1,16,0,19,9,20,0.066666667,0,0,0,0,0,0,0,0,0,0,26,23,32
16290,33,878119,1,33,2,13,9,2,0,15,0,20,0.133333333,0,0,0,0,0,0,0,0,0,0,12,12,0
16313,236,334927,3,136,9,46,15,38,2,33,20,7,0.1,0,0,91,44,0,0,0,0,0,0,38,92,44
16320,422,878119,1,422,57,129,47,66,84,111,13,20,0.233333333,0,0,0,0,0,0,0,3,64,0,75,391,0
16324,33,334927,2,2,2,0,0,0,0,0,0,7,0.033333333,0,0,0,2,0,0,0,0,0,0,1,2,0
16330,258,878119,3,193,23,83,4,50,2,48,30,20,0.133333333,0,0,0,0,6,0,0,0,0,0,20,22,114
16332,19,878119,1,19,8,8,0,2,0,5,1,20,0.066666667,0,0,0,0,0,12,0,0,0,0,8,7,0
16334,415,878119,1,415,28,169,68,80,3,146,35,20,0.266666667,0,0,0,29,0,47,0,0,39,12,101,164,47
16342,201,878119,2,188,31,60,5,50,11,55,29,20,0.266666667,0,0,0,0,0,0,0,0,0,0,64,58,88
16348,1,250865,1,1,1,0,0,0,0,0,0,34,0.033333333,0,0,0,0,0,0,0,0,0,1,1,1,0
16356,232,334927,1,232,21,69,15,45,48,43,24,7,0.266666667,0,0,0,55,0,0,0,0,33,0,38,141,0
16360,268,878119,3,259,19,83,69,34,3,82,21,20,0.266666667,0,0,0,0,0,5,77,0,50,0,67,33,5
16362,726,140022,2,584,41,49,275,48,0,137,51,232,0.4,38,32,17,0,0,0,0,82,0,175,164,88,211
16372,566,878119,3,485,37,141,76,118,21,148,47,20,0.366666667,0,0,24,0,0,0,0,12,39,0,89,267,111
16373,626,334927,4,78,19,42,14,0,0,34,0,7,0.166666667,0,0,0,53,0,0,0,0,0,0,36,15,0
16379,75,260769,4,6,2,2,0,1,0,1,1,0,0.033333333,0,0,0,0,0,0,0,0,0,6,5,6,0
16381,45,260769,1,45,6,18,2,7,6,9,4,0,0.033333333,0,0,0,0,0,0,0,0,0,45,15,45,0
16383,83,878119,1,83,21,47,0,8,2,23,5,20,0.233333333,6,0,0,0,0,0,0,0,0,0,23,34,12
16388,283,878119,1,283,25,130,10,15,73,85,15,20,0.366666667,0,0,0,6,0,65,0,0,0,0,45,144,37
16395,2112,21560,14,28,5,12,0,1,3,10,4,9,0.066666667,0,0,0,0,0,0,9,0,0,0,14,19,9
16396,3,334927,1,3,3,0,0,0,0,0,0,7,0.066666667,0,0,0,1,0,0,0,0,0,0,2,3,0
16401,30,334927,2,18,6,9,0,3,0,2,0,7,0.066666667,0,0,0,13,0,0,0,0,0,0,6,5,0
16406,1230,260769,3,659,52,206,129,157,16,149,86,0,0.666666667,0,8,0,10,0,5,4,4,0,60,121,168,264
16411,86,250865,1,86,5,32,5,6,2,45,11,34,0.233333333,0,14,0,0,0,0,3,11,0,13,21,30,18
16424,93,878119,1,93,10,64,6,3,1,57,1,20,0.066666667,0,0,0,42,0,0,0,0,0,0,24,51,0
16434,21,878119,1,21,12,1,0,1,6,1,1,20,0.066666667,0,0,0,0,0,0,0,0,0,0,6,2,19
16440,14,43183,1,14,3,3,3,2,0,3,1,24,0.033333333,0,0,0,0,0,0,0,0,0,0,8,14,0
16445,56,334927,2,44,9,16,0,10,1,11,7,7,0.066666667,0,0,23,21,0,0,0,0,0,0,17,23,21
16458,381,140022,2,377,41,30,141,28,2,91,23,232,0.233333333,0,4,0,104,32,0,0,0,0,47,78,104,159
16463,613,46603,6,86,13,39,6,16,8,23,1,5,0.233333333,0,0,0,4,0,0,0,0,29,0,14,32,33
16481,688,334927,3,21,8,3,10,0,0,3,0,7,0.1,0,10,0,2,0,0,0,0,0,0,9,19,0
16483,428,334927,6,1,1,0,0,0,0,0,0,7,0.033333333,0,0,0,1,0,0,0,0,0,0,1,1,0
16484,357,148500,2,27,7,7,0,5,1,10,2,29,0.1,0,0,0,0,1,0,0,0,0,0,12,2,24
16487,1,878119,1,1,1,0,0,0,0,0,0,20,0.033333333,0,0,0,0,0,0,0,0,0,0,1,1,0
16490,515,878119,2,234,31,60,31,54,0,69,37,20,0.4,0,54,40,0,5,0,0,0,0,0,66,37,66
16491,414,334927,2,413,50,208,40,5,61,156,1,7,0.4,0,0,0,33,0,0,0,0,0,98,50,78,121
16496,8,878119,1,8,2,3,0,2,0,2,1,20,0.033333333,0,0,0,0,0,0,0,0,0,0,6,8,0
16504,759,878119,6,309,42,85,69,62,18,58,15,20,0.233333333,0,0,0,0,0,0,0,0,51,0,75,213,0
16525,199,878119,1,199,22,111,15,7,32,86,2,20,0.166666667,0,22,0,0,0,0,13,0,0,0,38,97,20
16530,1,43183,1,1,1,0,0,0,0,0,0,24,0.033333333,0,0,0,0,0,0,0,0,0,0,1,1,0
16531,43,878119,1,43,3,23,4,3,0,28,1,20,0.066666667,0,0,0,0,0,0,0,0,0,0,15,25,0
16535,77,46603,1,77,17,22,4,17,2,15,10,5,0.033333333,0,0,0,0,0,0,0,0,77,0,22,77,0
16546,638,43183,3,322,12,78,73,24,18,126,35,24,0.266666667,0,0,0,84,0,0,18,0,0,61,70,41,139
16551,327,878119,7,201,11,101,2,56,0,86,28,20,0.233333333,0,0,0,0,0,0,75,5,0,0,63,12,75
16559,2570,148500,4,923,73,175,145,146,55,283,130,29,0.5,0,0,84,0,0,77,189,0,4,0,125,260,189
16564,258,878119,1,258,19,134,63,4,0,146,2,20,0.166666667,32,0,0,0,0,0,0,83,97,0,67,26,0
16570,160,878119,1,160,16,66,19,32,0,39,21,20,0.133333333,0,0,0,0,0,0,0,0,29,0,38,5,62
16582,225,148500,3,7,2,3,0,1,0,3,0,29,0.033333333,0,0,0,0,0,0,0,0,0,0,5,7,0
16591,174,334927,1,174,13,73,22,55,1,55,0,7,0.133333333,0,0,27,38,0,0,0,0,0,0,34,80,29
16598,402,878119,1,402,46,178,69,28,26,162,13,20,0.333333333,0,20,0,0,0,16,0,0,42,0,85,267,0
16601,708,334927,2,381,33,175,11,19,126,125,13,7,0.333333333,1,0,7,26,0,0,0,0,0,0,34,59,39
16610,535,334927,6,3,3,0,0,0,0,0,0,7,0.033333333,0,0,0,3,0,0,0,0,0,0,3,3,0
16615,171,334927,4,34,8,16,0,7,0,6,3,7,0.1,0,0,0,4,0,0,0,0,0,0,13,26,0
16621,422,878119,1,422,58,149,29,117,1,119,41,20,0.466666667,5,11,0,0,59,0,0,79,0,0,74,107,86
16625,613,878119,4,243,13,79,21,67,4,78,37,20,0.133333333,0,0,20,0,0,0,0,0,98,0,56,223,20
16627,489,878119,7,379,46,163,58,8,58,158,9,20,0.533333333,0,25,12,33,36,0,1,0,9,0,69,90,116
16628,339,250865,1,339,60,122,0,61,1,95,28,34,0.6,13,18,12,26,21,7,0,0,5,27,43,79,84
16637,323,878119,2,322,15,113,16,93,14,109,48,20,0.266666667,0,0,0,0,0,0,0,0,0,0,53,6,5
16646,3,334927,1,3,3,0,0,0,0,0,0,7,0.033333333,0,0,0,3,0,0,0,0,0,0,2,3,0
16655,165,878119,1,165,20,52,11,44,8,40,23,20,0.2,0,0,0,0,0,0,0,32,55,0,54,123,0
16656,675,878119,3,317,50,81,21,62,69,51,18,20,0.333333333,0,23,0,0,0,0,0,0,0,0,51,30,94
16661,395,878119,1,395,91,95,75,20,72,115,12,20,0.266666667,0,60,0,0,88,0,0,6,0,0,65,198,7
16686,377,878119,1,377,62,79,62,70,0,122,53,20,0.366666667,0,0,0,0,33,67,0,0,5,0,76,104,107
16687,24,878119,1,24,13,8,0,1,0,8,1,20,0.133333333,0,0,0,0,0,0,0,0,0,0,12,12,7
16692,18,878119,1,18,8,6,0,2,0,6,2,20,0.066666667,7,0,0,0,0,0,0,0,0,0,9,11,0
16702,292,878119,2,286,45,54,67,52,5,74,32,20,0.233333333,6,0,0,0,10,0,0,0,67,0,72,23,0
16712,25,148500,2,11,4,4,0,2,0,1,1,29,0.066666667,0,0,0,0,0,0,0,0,0,0,6,6,0
16717,1744,34988,4,653,19,65,287,41,4,159,37,108,0.333333333,65,64,0,0,0,0,0,0,0,0,143,207,152
16727,297,878119,3,263,12,71,42,61,17,77,36,20,0.2,21,0,0,0,0,0,0,64,0,0,75,83,0
16739,154,334927,1,154,14,51,38,28,10,28,5,7,0.3,7,0,24,10,0,0,0,0,0,0,25,38,34
16744,258,878119,3,195,14,52,51,32,23,54,1,20,0.266666667,0,0,118,0,10,0,0,0,0,0,45,167,0
16748,185,878119,1,185,27,81,9,38,6,53,14,20,0.266666667,0,0,0,0,0,0,0,0,0,0,34,64,37
16757,28,334927,1,28,4,8,4,6,2,7,2,7,0.066666667,0,0,0,24,0,0,0,0,0,0,12,4,0
16763,127,334927,4,10,4,4,0,1,0,2,1,7,0.033333333,0,0,0,10,0,0,0,0,0,0,6,10,0
16765,292,878119,1,292,43,119,16,57,25,75,22,20,0.266666667,0,0,0,0,0,11,19,0,24,0,45,155,19
16766,2,878119,1,2,2,0,0,0,0,0,0,20,0.033333333,0,0,0,0,0,0,0,0,0,0,2,2,0
16787,32,148500,2,25,6,5,0,4,1,7,5,29,0.033333333,0,0,0,0,0,0,0,0,0,0,9,25,0
16805,31,878119,1,31,2,15,9,1,0,12,0,20,0.133333333,0,0,0,0,0,0,0,0,0,0,11,18,0
16807,31,250865,2,3,3,0,0,0,0,0,0,34,0.033333333,0,0,0,0,0,0,0,0,0,3,3,3,0
16826,295,878119,2,282,22,90,28,72,14,64,44,20,0.4,0,2,16,32,2,0,0,0,0,0,64,145,85
16831,5,878119,1,5,3,2,0,0,0,1,0,20,0.033333333,0,0,0,0,0,0,0,0,0,0,4,5,0
16841,85,878119,3,69,8,23,5,13,16,13,2,20,0.166666667,0,0,0,0,0,0,0,0,0,0,17,21,19
16852,147,878119,2,54,2,36,11,3,0,35,1,20,0.2,0,0,1,0,0,0,0,0,7,0,25,11,42
16863,119,334927,1,119,26,55,18,4,7,30,2,7,0.366666667,0,0,0,27,4,0,0,0,0,0,40,19,48
16869,2,334927,1,2,2,0,0,0,0,0,0,7,0.033333333,0,0,0,2,0,0,0,0,0,0,1,2,0
16883,16,334927,1,16,5,3,0,3,2,3,3,7,0.033333333,0,0,0,16,0,0,0,0,0,0,11,16,0
16891,285,878119,1,285,33,118,10,77,0,82,36,20,0.2,0,0,7,12,0,0,0,0,0,0,63,66,161
16898,1248,878119,2,604,84,147,57,105,139,87,31,20,0.466666667,0,12,0,151,10,0,5,5,0,0,62,105,8
16915,101,878119,1,101,21,47,0,18,4,43,9,20,0.066666667,0,0,0,0,0,0,0,0,0,0,23,37,64
16919,2,334927,1,2,2,0,0,0,0,0,0,7,0.033333333,0,0,0,2,0,0,0,0,0,0,2,2,0
16956,140,878119,3,77,10,24,2,23,0,27,14,20,0.166666667,0,0,0,0,0,0,0,0,0,0,21,26,13
16971,956,140022,1,956,35,172,416,49,4,290,28,232,0.466666667,215,2,132,9,122,16,0,7,25,50,226,93,271
16973,330,878119,1,330,35,163,70,10,15,154,3,20,0.433333333,0,0,54,108,0,0,14,0,14,0,70,96,127
16979,1195,148500,11,58,18,7,0,5,26,4,0,29,0.1,0,0,0,0,0,0,0,0,0,0,13,2,0
16984,623,34988,5,72,16,12,12,5,9,16,2,108,0.133333333,0,7,0,0,0,0,0,0,0,0,17,16,45
16998,390,878119,2,302,61,164,27,16,4,112,10,20,0.333333333,0,8,0,0,0,0,0,0,24,0,57,195,0
16999,127,148500,1,127,4,29,26,23,1,54,8,29,0.233333333,0,11,0,0,0,0,0,0,0,0,25,21,1
17002,250,878119,1,250,30,93,5,74,6,70,37,20,0.233333333,0,0,25,111,31,18,28,0,0,17,65,20,42
17025,3,334927,2,2,2,0,0,0,0,0,0,7,0.066666667,0,0,1,1,0,0,0,0,0,0,1,1,1
17027,92,140022,3,13,4,7,1,0,0,6,0,232,0.066666667,0,0,0,0,0,0,0,0,3,10,9,3,10
17037,145,878119,1,145,24,51,5,39,3,38,21,20,0.166666667,0,0,0,0,0,0,0,0,2,0,34,77,37
17038,310,878119,3,24,4,10,3,7,0,5,0,20,0.066666667,0,0,0,0,0,0,0,0,0,0,8,8,0
17039,172,878119,1,172,15,48,32,39,2,42,18,20,0.233333333,0,0,0,0,0,0,0,0,6,0,59,73,88
17041,470,878119,2,189,15,79,13,50,0,57,28,20,0.2,0,0,61,0,0,0,0,0,0,0,39,13,112
17046,749,250865,3,708,48,161,195,110,19,209,42,34,0.366666667,146,70,13,21,59,0,9,0,0,61,89,192,139
17055,2214,148500,5,278,14,93,27,48,13,119,17,29,0.633333333,2,0,0,0,4,3,2,3,1,1,37,222,17
17062,107,878119,1,107,24,49,5,16,0,50,10,20,0.233333333,3,0,0,11,0,0,0,0,0,0,24,12,25
17073,1,334927,1,1,1,0,0,0,0,0,0,7,0.033333333,0,0,0,1,0,0,0,0,0,0,1,1,0
17078,177,334927,1,177,16,55,30,40,9,34,21,7,0.2,0,0,0,61,0,5,0,29,0,0,54,46,32
17085,268,334927,1,268,29,121,37,44,1,84,28,7,0.433333333,0,0,4,26,20,0,4,0,4,52,63,73,44
17095,653,260769,1,653,28,156,72,120,13,257,92,0,0.366666667,0,2,2,0,0,0,0,3,92,6,130,303,334
17101,188,878119,1,188,19,63,17,53,2,47,25,20,0.233333333,0,0,0,13,30,0,0,33,58,4,59,31,0
17141,584,878119,3,78,19,12,19,12,2,24,1,20,0.233333333,0,0,0,0,0,0,0,0,37,0,17,20,0
17144,286,260769,1,286,24,82,81,53,1,63,24,0,0.3,0,0,0,0,0,0,0,0,0,13,47,151,30
17170,5,878119,1,5,2,2,0,1,0,1,0,20,0.033333333,0,0,0,0,0,0,0,0,0,0,4,5,0
17179,18,334927,1,18,3,6,0,4,1,5,4,7,0.066666667,0,0,0,3,15,0,0,0,0,0,12,3,15
17181,1,334927,1,1,1,0,0,0,0,0,0,7,0.033333333,0,0,0,1,0,0,0,0,0,0,1,1,0
17186,745,878119,5,329,36,226,27,18,0,154,5,20,0.433333333,27,29,5,0,46,0,0,70,0,0,54,49,7
17187,44,878119,1,44,2,28,9,2,0,28,1,20,0.133333333,0,8,0,0,0,0,0,0,0,0,21,27,5
17202,59,250865,1,59,9,15,4,9,5,15,6,34,0.133333333,0,0,0,0,0,7,0,0,0,11,18,41,0
17204,502,140022,8,12,2,4,0,3,0,3,3,232,0.033333333,0,0,0,0,0,0,0,0,0,12,4,12,0
17223,1,334927,1,1,1,0,0,0,0,0,0,7,0.033333333,0,0,0,1,0,0,0,0,0,0,1,1,0
17231,44,260769,4,1,1,0,0,0,0,0,0,0,0.033333333,0,0,0,0,0,0,0,0,0,1,1,1,0
17243,159,878119,1,159,14,61,18,55,0,59,0,20,0.2,0,0,32,0,9,0,0,0,0,0,45,67,59
17255,411,260769,6,137,31,54,29,7,0,61,6,0,0.3,0,5,0,47,9,40,0,3,0,3,48,5,15
17256,242,878119,1,242,25,101,57,8,10,111,0,20,0.233333333,0,0,0,0,0,0,0,0,13,0,63,235,1
17272,130,878119,2,9,1,4,0,3,0,3,1,20,0.033333333,0,0,0,0,0,0,0,0,0,0,6,9,0
17275,848,878119,3,319,25,103,24,87,35,83,34,20,0.533333333,0,36,4,0,0,48,33,0,46,0,54,49,44
17278,164,878119,2,163,19,56,7,39,22,42,14,20,0.133333333,0,0,0,0,0,0,0,0,0,0,31,56,32
17326,451,21560,9,109,12,28,0,23,11,32,17,9,0.133333333,0,0,0,0,0,0,0,0,0,0,20,57,5
17327,104,878119,2,75,11,43,7,4,0,31,3,20,0.133333333,6,0,0,0,0,0,0,0,0,0,27,13,0
17333,89,878119,1,89,15,54,6,6,1,39,2,20,0.3,0,12,0,8,0,0,0,9,9,0,35,11,13
17340,13,148500,1,13,3,8,0,1,0,4,1,29,0.033333333,0,0,0,0,0,0,0,0,0,0,6,13,0
17343,647,260769,3,312,30,89,74,57,7,72,29,0,0.3,0,36,0,7,0,0,28,0,0,15,90,76,160
17359,8,878119,1,8,2,3,0,2,0,2,1,20,0.033333333,0,0,0,0,0,0,0,0,0,0,6,8,0
17373,157,878119,1,157,25,41,4,31,26,34,15,20,0.2,0,0,0,0,0,0,0,0,0,0,35,95,41
17376,46,334927,1,46,10,12,4,12,6,12,0,7,0.033333333,0,0,0,46,0,0,0,0,0,0,15,46,0
17379,17,878119,1,17,6,5,0,2,3,2,1,20,0.033333333,0,0,0,0,0,0,0,0,0,0,9,17,0
17390,45,46603,3,23,2,10,0,6,0,7,5,5,0.033333333,0,0,0,0,0,0,0,0,23,0,11,23,0
17411,5,250865,1,5,2,2,0,1,0,1,0,34,0.033333333,0,0,0,0,0,0,0,0,0,5,4,5,0
17412,111,878119,2,91,6,31,7,25,0,28,16,20,0.2,0,0,0,0,0,0,0,0,0,0,32,38,7
17413,79,878119,2,71,18,41,6,1,2,32,0,20,0.066666667,0,0,0,0,0,0,0,0,0,0,25,50,0
17419,317,148500,2,6,2,2,0,1,0,1,1,29,0.033333333,0,0,0,0,0,0,0,0,0,0,5,6,0
17437,3,334927,2,2,2,0,0,0,0,0,0,7,0.033333333,0,0,0,2,0,0,0,0,0,0,2,2,0
17442,354,878119,2,353,27,144,26,78,5,140,46,20,0.333333333,0,0,0,116,17,0,0,0,0,0,62,33,43
17456,1,334927,1,1,1,0,0,0,0,0,0,7,0.033333333,0,0,0,1,0,0,0,0,0,0,1,1,0
17462,863,250865,5,398,33,158,56,13,43,185,4,34,0.333333333,37,0,2,239,0,2,0,0,24,1,52,105,3
17467,227,878119,1,227,9,83,21,59,15,89,25,20,0.266666667,0,0,0,0,8,77,0,0,3,0,55,100,4
17478,3,250865,2,2,2,0,0,0,0,0,0,34,0.033333333,0,0,0,0,0,0,0,0,0,2,1,2,0
17486,4,46603,1,4,4,0,0,0,0,0,0,5,0.033333333,0,0,0,0,0,0,0,0,4,0,2,4,0
17493,408,250865,4,270,12,88,33,11,65,108,2,34,0.366666667,0,0,0,0,0,0,9,0,0,6,31,13,0
17495,3,260769,2,1,1,0,0,0,0,0,0,0,0.033333333,0,0,0,0,0,0,0,0,0,1,1,1,0
17500,165,878119,1,165,14,105,12,21,5,73,0,20,0.266666667,0,0,0,26,3,0,0,0,0,0,27,36,9
17527,817,260769,6,336,10,88,59,68,0,112,50,0,0.2,0,0,0,8,77,0,0,0,0,6,83,8,8
17530,41,878119,1,41,13,7,7,7,4,8,0,20,0.1,0,0,0,0,0,0,0,0,0,0,13,13,0
17532,368,260769,6,4,4,0,0,0,0,0,0,0,0.066666667,0,0,0,0,0,0,0,0,2,2,2,2,2
17534,936,334927,3,233,20,80,28,65,7,60,32,7,0.266666667,0,0,0,50,0,0,69,0,6,0,55,7,52
17535,21,148500,1,21,5,10,0,3,1,5,2,29,0.033333333,0,0,0,0,0,0,0,0,0,0,10,21,0
17542,235,878119,3,136,26,72,18,4,4,44,2,20,0.266666667,0,11,0,0,10,0,0,19,31,0,39,10,13
17546,519,878119,3,164,35,41,26,0,50,24,0,20,0.233333333,0,0,0,0,19,0,0,0,0,0,28,52,75
17554,396,878119,3,209,18,64,21,54,5,64,24,20,0.2,0,0,0,56,0,0,0,0,0,0,71,27,18
17561,20,878119,1,20,2,10,0,5,0,5,2,20,0.033333333,0,0,0,0,0,0,0,0,0,0,11,20,0
17578,192,878119,1,192,27,72,29,40,6,43,10,20,0.3,0,0,16,33,0,0,0,0,8,0,39,108,27
17580,112,250865,1,112,24,51,0,4,6,35,10,34,0.066666667,0,0,0,0,0,0,0,0,0,83,16,29,83
17588,2,334927,1,2,2,0,0,0,0,0,0,7,0.033333333,0,0,0,2,0,0,0,0,0,0,2,2,0
17600,34,878119,10,1,1,0,0,0,0,0,0,20,0.033333333,0,0,0,0,0,0,0,0,0,0,1,1,0
17601,397,878119,2,287,14,94,19,78,18,84,46,20,0.233333333,0,0,0,0,0,0,0,0,3,0,71,184,103
17607,426,250865,3,24,6,7,0,2,0,11,1,34,0.066666667,0,0,0,0,0,0,0,0,0,5,7,19,0
17613,6,334927,1,6,2,2,0,1,0,1,1,7,0.033333333,0,0,0,6,0,0,0,0,0,0,5,6,0
17618,15,140022,1,15,3,6,0,3,1,3,2,232,0.033333333,0,0,0,0,0,0,0,0,0,15,7,15,0
17627,151,878119,1,151,19,47,17,33,0,41,16,20,0.266666667,0,0,0,0,0,0,0,0,0,0,44,48,16
17628,1,43183,1,1,1,0,0,0,0,0,0,24,0.033333333,0,0,0,0,0,0,0,0,0,0,1,1,0
17630,69,878119,2,32,14,13,0,1,1,13,0,20,0.1,0,0,0,0,0,0,0,0,0,0,11,25,7
17659,449,34988,2,15,6,5,0,3,0,2,1,108,0.066666667,0,7,0,0,0,0,0,0,0,0,8,8,0
17660,3790,148500,14,278,23,62,44,7,42,121,10,29,0.266666667,0,0,6,0,0,0,0,0,0,0,36,42,0
17661,97,878119,1,97,16,31,10,22,4,25,7,20,0.166666667,4,0,0,0,0,0,0,0,0,0,24,20,64
17668,2,878119,1,2,2,0,0,0,0,0,0,20,0.033333333,0,0,0,0,0,0,0,0,0,0,1,2,0
17692,32,148500,3,21,5,3,6,2,0,4,3,29,0.066666667,0,0,0,0,0,0,0,0,0,0,10,19,2
17693,223,878119,1,223,38,74,49,3,32,65,4,20,0.366666667,0,0,0,0,22,0,0,23,0,0,62,38,1
17697,654,334927,2,22,8,7,0,4,0,4,3,7,0.1,0,0,0,14,7,0,1,0,0,0,8,14,7
17709,180,878119,2,179,12,91,7,42,0,70,25,20,0.233333333,0,0,0,0,0,0,0,0,0,0,34,1,118
17710,4324,46603,21,118,9,46,6,35,7,28,13,5,0.1,0,0,0,0,0,0,0,0,0,8,27,110,8
17716,549,907118,1,549,29,261,38,136,2,281,21,19,0.433333333,2,0,0,0,0,0,0,60,184,0,83,282,19
17719,209,91935,1,209,14,67,26,36,1,70,27,26,0.233333333,0,28,0,0,0,0,0,0,4,0,56,115,22
17722,20,907118,1,20,7,7,0,5,0,4,0,19,0.033333333,0,0,0,0,0,0,0,0,0,0,10,20,0
17730,217,907118,1,217,23,113,6,56,1,79,17,19,0.3,0,0,0,0,0,0,0,0,0,0,37,118,26
17742,269,907118,1,269,30,117,6,72,2,83,39,19,0.433333333,6,15,0,0,0,0,0,0,13,16,38,31,60
17747,1260,91935,6,216,13,67,38,42,28,43,22,26,0.3,0,6,0,0,0,0,0,0,6,0,70,111,15
17756,28,907118,1,28,5,8,0,5,6,6,2,19,0.066666667,0,0,0,0,0,0,0,0,0,0,13,27,1
17786,206,907118,1,206,53,74,9,47,4,39,13,19,0.2,0,0,0,0,0,0,0,0,0,0,39,105,73
17819,44,907118,1,44,8,15,0,12,1,12,6,19,0.1,0,0,0,0,0,0,0,0,0,0,17,29,15
17830,5,907118,1,5,2,2,0,1,0,1,0,19,0.066666667,0,0,0,0,0,0,0,0,0,0,4,1,4
17841,31,907118,1,31,5,11,3,7,0,11,3,19,0.033333333,0,0,0,0,0,0,0,0,0,0,17,31,0
17853,582,155579,4,381,21,198,0,95,0,157,60,17,0.433333333,0,0,0,0,36,20,31,10,0,0,54,75,75
17855,605,907118,4,529,59,211,21,173,22,158,0,19,0.466666667,0,11,11,16,48,10,0,0,30,0,55,207,206
17886,13,907118,1,13,1,6,0,4,0,5,2,19,0.033333333,0,0,0,0,0,0,0,0,0,0,9,13,0
17889,1777,89830,4,932,28,216,229,89,67,372,82,108,0.466666667,0,0,0,0,0,0,100,74,0,0,146,81,55
17892,28,907118,1,28,6,11,0,7,0,9,4,19,0.066666667,0,0,0,0,0,0,0,0,0,0,11,21,7
17893,50,907118,1,50,5,23,1,14,0,22,6,19,0.133333333,0,0,0,0,0,0,0,0,0,25,18,37,0
17899,157,907118,1,157,29,60,4,35,9,42,14,19,0.333333333,0,25,0,0,0,5,0,8,0,16,31,30,29
17922,348,907118,1,348,38,135,22,103,0,105,38,19,0.3,0,0,0,0,0,0,0,0,87,0,83,108,7
17924,2041,907118,8,656,74,239,64,121,66,174,37,19,0.766666667,17,131,0,18,0,0,0,7,29,23,92,148,136
17953,75,907118,1,75,3,27,9,21,0,24,10,19,0.066666667,0,0,0,0,0,0,0,0,0,0,33,41,34
17984,109,91935,2,98,10,29,18,21,7,23,12,26,0.1,0,0,0,0,0,0,0,0,0,0,22,7,0
17987,33,907118,1,33,9,9,0,8,0,11,5,19,0.033333333,0,0,0,0,0,0,0,0,0,0,11,33,0
17989,156,907118,1,156,14,69,7,44,1,55,18,19,0.3,0,0,0,0,17,4,0,0,0,0,37,67,21
17992,475,907118,5,274,26,106,6,84,12,71,30,19,0.466666667,0,0,12,0,22,0,0,0,15,13,52,119,65
17996,41,907118,1,41,9,16,0,10,0,9,5,19,0.066666667,0,0,0,0,0,0,0,0,0,0,16,26,15
17998,83,907118,1,83,17,29,4,22,0,22,7,19,0.133333333,0,0,0,0,0,0,0,0,0,0,20,18,20
18009,381,155579,2,1,1,0,0,0,0,0,0,17,0.033333333,0,0,0,0,0,0,0,0,0,0,1,1,0
18016,134,907118,1,134,9,42,14,35,6,42,14,19,0.233333333,0,0,0,0,0,0,0,33,0,0,47,32,46
18028,416,907118,3,380,101,118,21,77,6,89,35,19,0.333333333,18,50,0,0,0,122,0,0,0,0,81,86,13
18034,30,907118,1,30,11,11,0,7,0,6,1,19,0.1,0,0,0,0,0,0,0,0,0,0,8,5,0
18035,519,907118,1,519,41,179,46,125,34,147,55,19,0.466666667,17,14,0,7,26,29,0,0,20,108,96,179,55
18043,4425,91935,10,702,99,223,46,155,93,110,60,26,0.8,8,12,7,6,0,9,4,6,80,2,94,26,39
18045,30,907118,1,30,3,14,0,9,0,11,4,19,0.033333333,0,0,0,0,0,0,0,0,0,0,15,30,0
18047,4425,907118,10,895,91,222,40,161,293,143,51,19,0.8,5,0,11,0,15,9,0,14,79,75,100,375,245
18056,59,155579,2,48,4,21,0,13,0,16,10,17,0.1,0,0,0,0,0,0,32,0,4,0,25,12,32
18061,72,89830,2,68,5,12,29,7,0,15,0,108,0.033333333,0,0,0,0,0,0,0,0,0,0,11,68,0
18068,82,907118,2,15,4,4,0,3,0,4,0,19,0.066666667,0,0,0,0,0,0,0,0,0,0,6,14,1
18071,111,907118,2,109,24,46,3,12,0,34,15,19,0.2,0,0,0,0,0,0,25,50,12,0,35,11,9
18072,117,907118,1,117,20,32,4,25,23,22,9,19,0.1,0,0,0,0,0,0,0,0,0,0,23,29,68
18085,304,907118,1,304,27,138,37,29,3,107,46,19,0.533333333,0,8,0,60,4,0,31,18,9,0,74,56,101
18095,1,91935,1,1,1,0,0,0,0,0,0,26,0.033333333,0,0,0,0,0,0,0,0,0,0,1,1,0
18096,136,907118,1,136,22,62,8,23,1,28,11,19,0.333333333,12,11,0,0,0,0,0,0,0,0,27,12,30
18098,104,907118,1,104,8,41,8,32,0,35,2,19,0.133333333,10,0,0,0,0,0,0,0,0,0,17,93,0
18102,363,907118,1,363,39,118,18,80,51,83,32,19,0.6,0,0,31,22,4,7,26,0,36,0,75,96,86
18116,39,907118,1,39,6,14,0,9,0,15,5,19,0.1,0,0,0,0,0,0,0,0,0,0,15,22,16
18128,398,907118,1,398,50,194,21,96,18,136,12,19,0.266666667,99,0,45,37,0,0,0,0,0,0,58,47,181
18133,205,907118,1,205,68,78,4,38,0,45,13,19,0.166666667,0,0,0,0,0,0,0,0,0,0,25,38,22
18174,256,907118,2,144,17,88,5,24,0,64,9,19,0.2,0,0,0,0,0,7,0,0,0,0,29,32,57
18175,28,907118,1,28,4,8,4,7,0,9,2,19,0.033333333,0,0,0,0,0,0,0,0,0,0,10,28,0
18179,163,907118,1,163,24,61,5,43,6,37,18,19,0.3,10,0,0,29,0,0,0,0,39,0,47,63,25
18186,571,907118,4,270,12,102,15,83,0,88,42,19,0.3,0,0,0,0,0,0,13,18,120,0,56,167,33
18193,41,907118,1,41,10,13,0,8,5,11,1,19,0.066666667,0,0,0,0,0,0,0,0,0,0,13,32,9
18195,15,907118,1,15,2,6,0,4,0,5,3,19,0.033333333,0,0,0,0,0,0,0,0,0,0,10,15,0
18207,105,907118,2,81,14,24,6,18,6,15,10,19,0.1,0,0,0,0,0,0,0,0,14,0,28,52,0
18208,13,907118,1,13,1,5,0,4,0,4,3,19,0.033333333,0,0,0,0,0,0,0,0,0,0,9,13,0
18214,1,155579,1,1,1,0,0,0,0,0,0,17,0.033333333,0,0,0,0,0,0,0,0,0,0,1,1,0
18236,489,91935,9,205,12,69,27,50,0,57,39,26,0.333333333,0,0,0,0,0,0,0,4,0,36,93,112,36
18250,142,907118,1,142,17,46,8,36,3,46,26,19,0.2,0,0,0,0,0,0,0,0,30,8,33,78,0
18267,193,907118,1,193,14,79,10,47,7,58,30,19,0.2,0,0,0,0,0,63,13,0,0,0,53,33,0
18270,128,155579,1,128,2,27,12,22,3,59,22,17,0.1,0,0,0,0,0,0,0,0,0,0,30,91,0
18275,23,907118,4,11,1,5,0,4,0,4,1,19,0.033333333,0,0,0,0,0,0,0,0,0,0,7,11,0
18276,85,907118,1,85,8,35,4,20,10,22,5,19,0.1,0,0,0,0,0,0,0,0,24,0,24,61,0
18281,1082,89830,4,854,30,206,114,71,58,395,103,108,0.4,0,0,0,0,18,13,0,130,0,0,142,40,157
18306,169,89830,4,116,16,37,4,24,3,27,18,108,0.3,0,0,0,0,0,0,0,0,0,0,23,55,18
18310,39,155579,2,35,2,20,0,11,0,15,0,17,0.1,0,0,0,0,0,7,0,0,0,0,11,23,0
18327,252,907118,2,239,18,78,21,65,14,60,31,19,0.266666667,0,0,0,0,0,0,0,0,0,52,68,130,37
18347,1,907118,1,1,1,0,0,0,0,0,0,19,0.033333333,0,0,0,0,0,0,0,0,0,0,1,1,0
18355,185,907118,3,132,15,51,10,40,2,37,8,19,0.2,0,0,0,0,0,0,0,0,0,0,32,45,41
18358,78,907118,2,69,2,34,5,27,0,33,0,19,0.133333333,0,0,0,0,0,0,0,0,0,0,22,31,38
18361,69,907118,1,69,9,33,0,18,0,25,5,19,0.133333333,0,0,0,0,0,0,0,0,0,14,15,58,7
18371,121,907118,1,121,22,53,3,30,1,44,5,19,0.133333333,0,0,0,0,0,0,0,0,0,0,27,13,82
18384,7,907118,1,7,4,2,0,1,0,1,0,19,0.066666667,0,0,0,0,0,0,0,0,0,0,4,4,3
18386,30,907118,1,30,7,14,0,7,0,6,2,19,0.1,0,0,0,0,0,0,0,0,0,0,10,1,17
18413,882,155579,2,545,38,109,94,84,103,174,0,17,0.6,15,37,0,0,0,36,56,0,4,0,54,112,49
18421,148,907118,2,40,6,24,0,6,1,12,3,19,0.066666667,0,0,0,0,0,0,0,0,15,0,10,25,0
18456,31,907118,1,31,21,3,0,2,2,3,1,19,0.066666667,0,0,0,0,0,0,0,0,0,0,10,21,0
18458,170,907118,1,170,9,54,17,47,1,55,25,19,0.166666667,0,0,0,0,0,0,0,61,0,0,54,32,5
18471,751,907118,3,501,48,189,38,120,7,177,57,19,0.5,0,0,0,20,0,76,0,0,11,0,82,116,93
18481,199,907118,2,91,17,33,2,21,9,23,5,19,0.1,0,0,0,0,0,0,0,0,0,0,23,41,13
18485,182,907118,4,117,8,51,8,30,2,36,18,19,0.266666667,0,0,0,0,0,0,0,0,0,0,40,30,12
18492,19,907118,1,19,6,6,0,5,0,5,2,19,0.033333333,0,0,0,0,0,0,0,0,0,0,10,19,0
18526,222,907118,1,222,18,52,11,41,65,46,16,19,0.166666667,0,0,0,0,0,0,0,0,0,0,39,31,90
18533,290,907118,3,267,28,99,35,3,39,96,37,19,0.166666667,0,0,0,0,0,6,0,0,0,0,82,66,51
18537,83,907118,1,83,9,33,4,19,9,17,7,19,0.066666667,26,0,0,0,0,0,0,0,0,0,25,57,0
18543,402,907118,5,359,52,141,18,55,17,111,43,19,0.5,0,5,24,3,33,0,0,0,15,0,84,29,185
18548,162,907118,1,162,27,56,14,35,0,44,12,19,0.133333333,34,0,0,0,0,0,0,0,0,0,40,65,13
18549,34,907118,1,34,4,14,0,9,0,11,7,19,0.066666667,0,0,0,0,0,0,0,0,0,0,15,10,0
18554,710,907118,2,305,42,86,41,5,70,65,28,19,0.4,0,0,0,0,1,0,4,0,0,0,72,196,33
18562,288,907118,1,288,17,91,31,67,0,112,47,19,0.233333333,0,0,0,0,0,0,0,0,0,61,80,185,23
18577,8,907118,1,8,2,3,0,2,0,2,1,19,0.033333333,0,0,0,0,0,0,0,0,0,0,5,8,0
18584,25,907118,1,25,7,8,0,7,0,7,2,19,0.033333333,0,0,0,0,0,0,0,0,0,0,14,25,0
18585,41,907118,1,41,11,15,3,8,1,4,1,19,0.1,0,0,0,0,0,0,0,0,0,0,12,22,15
18589,9,907118,1,9,5,2,0,1,0,1,0,19,0.033333333,0,0,0,0,0,0,0,0,0,0,5,9,0
18598,1099,907118,5,440,33,165,34,105,6,150,54,19,0.5,73,0,0,0,26,0,18,42,0,21,84,104,130
18608,12,907118,1,12,2,6,0,3,0,4,0,19,0.033333333,0,0,0,0,0,0,0,0,0,0,6,12,0
18613,340,907118,1,340,11,149,23,75,20,145,44,19,0.233333333,42,0,0,0,36,0,0,0,0,0,65,67,136
18635,11,907118,1,11,5,1,0,1,2,1,0,19,0.033333333,0,0,0,0,0,0,0,0,0,0,6,11,0
18636,167,907118,1,167,28,54,16,44,5,54,11,19,0.333333333,0,0,25,0,0,0,0,0,27,0,47,98,61
18640,8,907118,1,8,1,3,0,2,0,3,1,19,0.033333333,0,0,0,0,0,0,0,0,0,0,5,8,0
18644,172,907118,2,125,13,82,2,21,4,70,0,19,0.2,0,0,0,0,0,0,0,0,0,0,23,58,37
18646,283,907118,1,283,25,65,14,49,122,50,0,19,0.3,0,0,62,0,0,0,0,0,0,0,38,45,116
18652,1,91935,1,1,1,0,0,0,0,0,0,26,0.033333333,0,0,0,0,0,0,0,0,0,0,1,1,0
18666,24,907118,1,24,9,5,0,4,0,7,4,19,0.033333333,0,0,0,0,0,0,0,0,0,0,9,24,0
18674,68,907118,1,68,18,21,3,16,0,21,9,19,0.1,0,0,0,0,0,0,0,0,0,0,17,10,55
18685,2,907118,1,2,2,0,0,0,0,0,0,19,0.033333333,0,0,0,0,0,0,0,0,0,0,1,2,0
18695,64,155579,1,64,24,15,0,9,4,13,4,17,0.133333333,0,0,0,0,0,0,0,0,0,0,10,31,18
18708,1627,907118,6,1256,128,267,50,179,527,176,63,19,0.866666667,3,19,0,20,40,46,4,12,128,18,101,336,244
18717,346,907118,1,346,42,190,2,93,1,146,10,19,0.366666667,8,0,14,24,0,8,0,0,0,0,47,79,31
18734,1731,155579,9,510,42,90,47,63,77,167,74,17,0.233333333,0,0,0,0,0,116,0,0,0,0,81,25,0
18761,112,907118,2,77,7,32,4,20,0,27,11,19,0.133333333,0,0,0,0,0,0,0,0,0,0,25,55,19
18762,112,155579,2,35,3,11,2,8,0,12,7,17,0.066666667,0,0,0,0,0,0,0,0,0,0,9,13,0
18782,462,907118,3,411,53,121,44,85,27,99,42,19,0.566666667,0,97,5,0,63,0,0,0,0,0,77,123,28
18796,346,907118,1,346,44,127,41,79,8,114,20,19,0.3,0,0,6,0,0,0,2,0,0,0,63,174,16
18803,207,907118,1,207,25,86,8,61,6,46,18,19,0.466666667,0,10,28,0,0,0,0,0,0,0,50,135,22
18815,243,907118,1,243,51,72,36,38,8,61,15,19,0.233333333,0,0,0,39,34,0,0,28,55,0,55,63,39
18823,90,907118,1,90,15,34,5,24,2,25,7,19,0.2,0,0,0,0,0,0,0,0,0,0,28,3,65
18837,146,907118,3,28,4,13,0,9,0,4,2,19,0.033333333,0,0,0,0,0,0,0,0,0,0,6,28,0
18840,17,907118,1,17,2,7,0,4,3,3,1,19,0.033333333,0,0,0,0,0,0,0,0,0,0,8,17,0
18852,120,907118,1,120,9,61,3,30,0,44,16,19,0.166666667,27,0,0,0,0,0,0,0,0,0,31,22,33
18856,157,907118,1,157,14,39,37,24,12,38,11,19,0.1,66,0,0,0,0,0,0,0,0,0,34,55,0
18859,1106,907118,13,55,9,36,0,10,0,21,0,19,0.233333333,3,0,0,0,0,0,0,0,0,0,10,18,5
18866,867,907118,4,425,39,126,22,79,107,87,41,19,0.433333333,36,0,38,0,20,0,0,0,0,42,74,171,61
18867,319,907118,3,115,17,40,3,26,11,36,9,19,0.166666667,0,0,0,0,0,0,0,0,0,3,25,92,19
18881,301,907118,1,301,32,116,22,82,4,82,33,19,0.3,15,0,0,52,0,6,0,0,46,0,74,145,72
18894,754,155579,2,749,91,216,43,98,99,189,104,17,0.7,1,7,95,45,12,13,6,18,169,0,97,87,21
18915,7,91935,2,1,1,0,0,0,0,0,0,26,0.033333333,0,0,0,0,0,0,0,0,0,0,1,1,0
18929,113,907118,1,113,16,36,1,18,9,45,8,19,0.133333333,0,0,0,0,0,0,0,0,0,0,24,9,74
18937,567,907118,1,567,88,163,83,82,35,143,34,19,0.433333333,206,28,0,28,27,0,0,0,48,31,91,154,40
18939,9,91935,1,9,1,5,0,2,0,4,1,26,0.033333333,0,0,0,0,0,0,0,0,0,0,5,9,0
18940,440,907118,1,440,33,85,84,64,86,100,38,19,0.233333333,0,0,0,0,0,0,0,0,69,0,95,294,103
18941,339,907118,7,229,32,73,17,57,7,59,25,19,0.433333333,4,0,1,0,0,0,0,63,33,0,59,39,25
18955,3,89830,1,3,3,0,0,0,0,0,0,108,0.066666667,0,0,2,0,0,0,0,0,0,0,2,3,0
18960,26,907118,1,26,6,8,0,6,4,5,1,19,0.033333333,0,0,0,0,0,0,0,0,0,0,11,26,0
18966,114,907118,1,114,11,43,5,28,0,33,16,19,0.233333333,0,0,13,36,0,0,0,0,0,0,32,23,41
18983,211,91935,3,187,11,54,33,44,4,50,30,26,0.133333333,0,0,0,0,0,0,0,0,0,0,55,137,1
18985,287,907118,1,287,20,93,36,76,2,86,34,19,0.3,29,0,0,61,27,0,0,100,8,0,75,30,85
18992,16,907118,1,16,7,6,0,2,0,4,1,19,0.033333333,0,0,0,0,0,0,0,0,0,0,8,16,0
19009,64,907118,1,64,7,25,3,17,0,21,11,19,0.133333333,0,0,0,0,0,0,0,0,0,0,24,18,24
19018,98,907118,2,95,21,32,2,20,1,25,9,19,0.133333333,0,0,22,0,0,0,0,0,0,0,27,52,40
19036,18,907118,1,18,3,7,0,5,0,4,3,19,0.033333333,0,0,0,0,0,0,0,0,0,0,9,18,0
19037,28,907118,1,28,8,7,0,4,5,6,3,19,0.066666667,0,0,0,0,0,0,0,4,0,0,10,24,0
19046,72,907118,1,72,23,25,3,12,1,17,4,19,0.2,0,0,0,0,0,0,0,0,0,0,23,27,14
19049,116,907118,1,116,7,40,36,19,0,29,6,19,0.2,0,0,0,0,0,0,0,0,0,0,29,14,79
19058,864,907118,4,506,35,182,42,138,5,174,62,19,0.4,0,60,24,148,12,0,0,0,0,0,73,52,120
19063,520,907118,1,520,52,145,39,120,83,108,52,19,0.5,0,0,9,0,33,6,0,69,0,0,72,68,53
19065,248,907118,2,148,37,59,8,28,2,41,9,19,0.133333333,0,0,0,0,0,0,0,0,0,0,27,87,0
19081,181,907118,3,161,7,70,6,45,10,57,19,19,0.166666667,0,0,0,0,0,0,0,0,0,0,39,17,41
19082,16,907118,1,16,1,5,5,4,0,4,1,19,0.033333333,0,0,0,0,0,0,0,0,0,0,8,16,0
19087,30,907118,1,30,9,9,0,6,2,5,2,19,0.1,0,0,0,0,0,0,0,0,0,0,14,14,10
19091,17,155579,1,17,7,4,0,3,0,3,3,17,0.033333333,0,0,0,0,0,0,0,0,0,0,9,17,0
19098,1539,907118,10,35,11,3,0,2,18,2,0,19,0.133333333,0,0,0,0,1,0,0,0,0,0,8,5,26
19137,133,907118,1,133,4,74,9,34,4,67,3,19,0.233333333,10,29,0,24,0,0,0,0,0,0,42,43,50
19143,61,907118,1,61,3,18,13,14,2,15,6,19,0.1,0,0,0,0,0,0,0,0,0,0,20,15,46
19152,345,907118,3,225,6,72,19,53,0,93,41,19,0.366666667,42,41,0,3,0,0,1,0,18,8,67,62,71
19154,50,907118,1,50,4,26,0,17,0,21,3,19,0.1,0,0,0,0,0,0,0,0,0,0,14,8,16
19163,58,907118,1,58,3,41,0,5,0,39,8,19,0.066666667,0,0,0,0,0,0,0,0,0,0,16,9,49
19172,290,155579,2,7,3,2,0,1,0,1,1,17,0.066666667,0,0,0,0,0,0,0,0,0,0,5,1,0
19194,330,907118,1,330,33,123,16,84,2,103,50,19,0.333333333,0,0,0,4,0,0,7,42,106,0,63,154,5
19200,705,907118,7,46,5,23,0,12,3,13,3,19,0.233333333,0,0,0,0,14,0,0,0,0,0,11,12,1
19227,50,907118,1,50,16,18,0,12,0,9,4,19,0.033333333,0,0,0,0,0,0,0,0,0,0,13,50,0
19240,60,907118,2,54,12,26,3,1,3,15,8,19,0.1,0,0,0,0,0,0,0,0,0,0,23,15,39
19246,101,907118,2,100,24,39,1,22,1,31,6,19,0.233333333,0,0,0,34,0,0,0,0,0,16,29,26,31
19251,67,907118,1,67,5,27,5,19,0,24,9,19,0.066666667,0,0,0,0,0,0,0,0,0,0,21,47,20
19262,5,907118,1,5,2,2,0,1,0,1,0,19,0.033333333,0,0,0,0,0,0,0,0,0,0,4,5,0
19263,561,907118,5,164,13,66,23,40,0,37,19,19,0.3,0,0,0,0,0,0,0,33,18,0,48,73,40
19264,200,907118,1,200,27,76,10,56,3,45,25,19,0.4,29,0,24,0,0,0,0,0,0,0,50,93,47
19267,80,907118,1,80,13,24,4,11,18,13,5,19,0.133333333,0,0,0,0,0,0,0,0,0,0,22,35,23
19272,9,907118,1,9,2,3,0,2,1,2,1,19,0.033333333,0,0,0,0,0,0,0,0,0,0,6,9,0
19276,125,907118,1,125,19,46,8,30,0,23,14,19,0.366666667,0,0,7,16,0,0,0,10,0,0,40,61,11
19281,210,907118,1,210,19,71,13,57,5,62,36,19,0.466666667,0,0,6,9,12,0,0,27,0,0,61,45,57
19283,16,907118,1,16,4,12,0,0,0,5,0,19,0.066666667,0,0,0,0,0,0,0,0,0,0,7,3,13
19288,8,907118,1,8,4,3,0,1,0,2,0,19,0.033333333,0,0,0,0,0,0,0,0,0,0,5,8,0
19297,214,907118,2,209,21,69,13,55,7,63,25,19,0.3,0,0,0,43,0,0,0,0,8,0,66,122,3
19304,80,907118,2,66,6,27,2,22,0,18,7,19,0.166666667,0,4,0,0,0,0,0,0,0,0,17,9,46
19309,225,907118,1,225,28,74,13,53,12,70,24,19,0.3,0,0,14,0,0,0,22,0,0,0,67,84,95
19310,12,907118,1,12,8,2,0,0,2,1,0,19,0.033333333,0,0,0,0,0,0,0,0,0,0,4,12,0
19317,176,907118,2,175,36,61,4,39,15,52,11,19,0.366666667,6,92,0,7,0,0,0,4,9,0,37,17,21
19320,8,907118,1,8,1,4,0,2,0,3,1,19,0.033333333,0,0,0,0,0,0,0,0,0,0,5,8,0
19322,68,907118,1,68,23,27,0,13,0,17,5,19,0.1,0,0,0,0,0,0,0,0,0,0,14,42,26
19330,1,91935,1,1,1,0,0,0,0,0,0,26,0.033333333,0,0,0,0,0,0,0,0,0,0,1,1,0
19335,850,155579,5,351,38,109,36,47,20,112,41,17,0.633333333,0,0,0,6,0,4,74,0,0,0,61,158,58
19346,434,907118,9,7,2,4,0,1,0,1,0,19,0.066666667,0,0,0,0,0,0,0,0,0,0,4,3,4
19382,23,907118,1,23,3,12,0,5,0,7,3,19,0.066666667,0,0,0,0,0,0,0,0,0,0,9,12,0
19388,828,907118,6,216,25,63,21,50,0,66,29,19,0.333333333,0,0,0,0,0,0,0,0,8,0,77,69,0
19397,68,907118,2,9,2,4,0,2,0,3,1,19,0.033333333,0,0,0,0,0,0,0,0,0,0,6,9,0
19420,11,155579,1,11,1,5,0,2,0,7,0,17,0.033333333,0,0,0,0,0,0,0,0,0,0,3,11,0
19422,189,907118,3,176,25,72,21,36,0,54,17,19,0.333333333,0,0,0,0,0,0,0,0,0,3,44,30,20
19424,434,89830,9,10,3,4,0,2,0,1,1,108,0.066666667,0,0,0,0,0,0,0,0,0,0,5,10,0
19425,16,907118,1,16,3,9,0,2,0,9,2,19,0.066666667,0,0,0,0,0,0,0,0,0,0,10,9,7
19446,541,156596,5,463,50,146,0,92,8,131,98,224,0.433333333,0,0,0,0,0,0,0,0,0,26,72,218,98
19448,377,907118,1,377,48,171,13,78,11,128,30,19,0.266666667,0,0,14,67,100,30,0,50,82,16,58,68,82
19456,8,907118,1,8,2,2,0,2,0,2,2,19,0.033333333,0,0,0,0,8,0,0,0,0,0,7,8,0
19482,3209,208752,25,413,46,44,10,20,267,24,13,24,0.433333333,66,0,0,0,22,0,15,0,0,0,38,108,95
19495,266,907118,3,186,16,76,7,56,0,56,29,19,0.266666667,0,0,0,0,14,0,0,40,0,0,50,5,14
19519,8,208752,1,8,1,3,0,2,0,2,2,24,0.033333333,0,0,0,0,0,0,0,0,0,0,6,8,0
19520,16,907118,1,16,4,6,0,4,0,3,0,19,0.033333333,0,0,0,0,16,0,0,0,0,0,6,16,0
19537,25,907118,1,25,9,10,0,4,0,7,2,19,0.1,0,0,0,0,3,0,0,0,0,0,10,11,0
19538,1622,195289,9,944,29,155,289,69,125,267,50,105,0.466666667,0,5,73,0,0,0,0,79,25,0,122,246,208
19541,79,907118,1,79,3,46,2,14,0,45,8,19,0.033333333,0,0,0,0,79,0,0,0,0,0,19,79,0
19546,371,156596,1,371,25,68,105,38,3,101,41,224,0.333333333,55,41,0,0,0,0,11,0,0,0,115,112,76
19551,37,208752,1,37,2,3,10,2,1,12,4,24,0.033333333,0,0,0,0,0,0,0,0,0,0,13,37,0
19562,45,195289,1,45,11,13,0,8,0,11,6,105,0.133333333,0,0,0,0,0,0,0,0,0,0,12,24,0
19579,20,74042,1,20,8,5,0,2,4,2,1,27,0.1,0,0,0,0,0,0,0,0,0,0,7,7,12
19581,2,74042,1,2,2,0,0,0,0,0,0,27,0.033333333,0,0,0,0,0,0,0,0,0,0,1,2,0
19591,1539,74042,10,192,21,74,16,48,0,48,18,27,0.5,0,0,0,0,1,0,0,0,0,7,27,8,57
19592,11,74042,1,11,4,3,0,2,0,2,2,27,0.033333333,0,0,0,0,0,0,0,0,0,0,7,11,0
19597,460,74042,4,133,5,22,22,18,0,49,15,27,0.066666667,0,0,0,0,0,0,0,0,0,0,24,19,114
19598,405,74042,1,405,36,61,41,39,97,114,19,27,0.3,0,0,0,0,0,0,0,0,0,0,41,47,162
19610,100,74042,1,100,17,26,9,18,3,24,10,27,0.1,0,0,0,0,0,0,0,0,0,0,17,28,7
19612,441,74042,3,37,4,14,0,10,0,11,9,27,0.1,0,11,0,0,0,0,0,0,0,0,18,26,0
19621,871,74042,3,675,30,130,67,113,112,221,62,27,0.333333333,0,0,7,82,0,0,0,0,0,159,84,121,170
19626,297,74042,2,220,24,56,10,38,45,59,5,27,0.2,0,0,0,0,0,0,0,0,0,0,26,7,34
19627,2,74042,2,1,1,0,0,0,0,0,0,27,0.033333333,0,0,0,0,0,0,0,0,0,0,1,1,0
19629,80,74042,4,77,7,29,12,15,0,27,9,27,0.2,0,0,0,22,4,0,0,0,0,0,17,9,25
19633,8,74042,1,8,1,2,0,1,3,1,1,27,0.033333333,0,0,0,0,0,0,0,0,0,0,4,8,0
19638,83,74042,1,83,13,24,0,15,20,11,6,27,0.133333333,0,0,0,0,0,0,0,0,0,0,9,39,27
19644,32,74042,1,32,8,14,0,5,1,7,4,27,0.133333333,0,0,0,0,0,0,0,0,0,0,12,9,14
19654,64,74042,1,64,6,26,4,1,16,26,1,27,0.033333333,0,0,0,0,0,0,0,0,0,0,11,64,0
19656,238,74042,1,238,26,54,11,38,67,46,20,27,0.233333333,0,0,0,0,0,0,0,0,0,0,28,102,68
19658,31,74042,1,31,4,13,0,9,0,9,4,27,0.066666667,0,0,0,0,0,0,0,0,0,0,10,20,0
19685,192,74042,3,8,1,3,0,2,0,2,2,27,0.033333333,0,0,0,0,0,0,0,0,0,0,4,8,0
19690,94,74042,3,7,1,3,0,1,1,2,1,27,0.033333333,0,0,0,0,0,0,0,0,0,0,5,7,0
19693,52,74042,2,43,12,8,0,5,11,8,3,27,0.066666667,0,0,0,0,0,0,0,0,0,0,9,10,33
19698,168,74042,3,66,4,21,4,15,5,17,11,27,0.1,0,0,0,0,0,0,0,0,10,0,8,57,9
19709,375,74042,2,51,7,31,0,2,8,19,1,27,0.166666667,0,0,0,0,0,0,0,0,0,0,8,25,19
19720,1,74042,1,1,1,0,0,0,0,0,0,27,0.033333333,0,0,0,0,0,0,0,0,0,0,1,1,0
19743,65,74042,1,65,15,29,0,14,0,13,6,27,0.1,0,0,0,0,0,0,0,0,0,0,11,13,37
19746,834,74042,11,8,4,2,0,1,0,1,1,27,0.033333333,0,0,0,0,0,0,0,0,0,0,5,8,0
19758,5,74042,1,5,5,0,0,0,0,0,0,27,0.033333333,0,0,0,0,0,0,0,0,0,0,3,5,0
19766,28,74042,1,28,5,5,4,5,0,8,5,27,0.033333333,0,0,0,0,0,0,0,0,0,0,14,28,0
19771,11,74042,2,6,2,2,0,1,0,1,1,27,0.033333333,0,0,0,0,0,0,0,0,0,0,5,6,0
19780,10,74042,1,10,3,4,0,2,0,1,1,27,0.033333333,0,0,0,0,0,0,0,0,0,0,7,10,0
19781,572,74042,4,13,4,5,0,3,0,2,1,27,0.066666667,0,0,0,0,0,0,0,0,0,0,6,8,0
19803,2,74042,1,2,2,0,0,0,0,0,0,27,0.066666667,0,0,0,0,0,0,0,0,0,0,1,1,0
19807,7,74042,1,7,2,3,0,1,0,2,1,27,0.066666667,0,4,0,0,0,0,0,0,0,0,6,4,3
19814,62,74042,2,47,7,23,0,10,0,16,7,27,0.133333333,0,18,0,0,0,0,0,0,0,0,18,7,0
19827,15,74042,1,15,7,5,0,1,0,2,1,27,0.066666667,0,11,0,0,0,0,0,0,0,0,8,11,4
19829,962,74042,4,312,19,83,48,70,2,110,25,27,0.166666667,80,106,0,5,0,0,0,0,0,0,46,121,0
19840,1,74042,1,1,1,0,0,0,0,0,0,27,0.033333333,0,0,0,0,0,0,0,0,0,0,1,1,0
19842,191,74042,1,191,26,58,12,27,8,59,16,27,0.3,0,7,26,0,2,0,0,0,0,0,19,20,26
19849,1,74042,1,1,1,0,0,0,0,0,0,27,0.033333333,0,0,0,0,0,0,0,0,0,0,1,1,0
19850,45,74042,2,8,3,2,0,1,0,1,1,27,0.033333333,0,0,0,0,0,0,0,0,0,0,6,8,0
19854,12,74042,1,12,2,6,0,2,0,5,2,27,0.033333333,0,0,0,0,0,0,0,0,0,0,7,12,0
19860,16,74042,1,16,6,3,0,2,0,4,2,27,0.033333333,0,0,0,0,0,0,0,0,0,0,8,16,0
19869,47,74042,1,47,8,12,0,9,7,11,7,27,0.066666667,0,26,0,0,0,0,0,0,0,0,23,26,21
19873,8,74042,1,8,4,1,0,0,2,1,0,27,0.033333333,0,0,0,0,0,0,0,0,0,0,6,8,0
19874,9,74042,1,9,2,3,0,2,0,2,2,27,0.033333333,0,0,0,0,0,0,0,0,0,0,7,9,0
19884,3789,74042,11,208,14,64,8,48,19,57,36,27,0.233333333,0,0,0,0,0,0,0,0,0,0,36,32,0
19887,32,74042,4,1,1,0,0,0,0,0,0,27,0.033333333,0,0,0,0,0,0,0,0,0,0,1,1,0
19897,65,74042,1,65,16,16,0,6,16,13,3,27,0.133333333,0,0,16,0,0,0,0,0,0,0,11,13,31
19917,8,74042,1,8,1,3,0,2,0,2,2,27,0.033333333,0,0,0,0,0,0,0,0,0,0,6,8,0
19920,2,74042,1,2,2,0,0,0,0,0,0,27,0.033333333,0,0,0,0,0,0,0,0,0,0,1,2,0
19935,108,74042,1,108,12,22,13,16,1,36,10,27,0.133333333,0,0,0,0,0,0,0,0,0,0,20,1,0
19940,9,74042,1,9,2,3,0,2,0,2,2,27,0.033333333,0,0,0,0,0,0,0,0,0,0,7,9,0
19964,761,21216,7,43,13,14,0,8,0,8,5,19,0.133333333,17,0,0,0,0,0,0,12,0,8,8,6,8
19970,1,21216,1,1,1,0,0,0,0,0,0,19,0.033333333,0,0,0,0,0,0,0,0,0,1,1,1,0
19976,1218,21216,3,915,116,385,52,26,196,344,51,19,0.833333333,0,16,24,0,13,1,131,17,74,51,68,33,132
19982,1102,21216,8,3,3,0,0,0,0,0,0,19,0.066666667,0,0,0,0,0,0,0,0,0,2,1,1,0
19984,675,21216,11,252,15,73,7,56,20,101,34,19,0.4,4,15,3,0,0,12,5,39,12,2,25,121,41
19989,981,21216,3,169,8,25,0,16,0,72,62,19,0.1,0,0,0,0,0,0,0,0,40,127,72,2,0
19992,6,21216,1,6,2,2,0,1,0,1,1,19,0.033333333,0,0,0,0,0,0,0,0,0,6,5,6,0
19995,1,21216,1,1,1,0,0,0,0,0,0,19,0.033333333,0,0,0,0,0,0,0,0,0,1,1,1,0
20002,86,21216,1,86,13,17,1,13,8,27,20,19,0.033333333,0,0,0,0,0,0,86,0,0,0,25,86,0
20012,6,21216,1,6,2,2,0,1,0,1,1,19,0.033333333,0,0,0,0,0,0,6,0,0,0,5,6,0
20028,497,21216,6,38,7,4,0,2,0,18,10,19,0.2,0,0,0,0,1,0,33,0,0,0,14,1,2
20030,9,21216,1,9,3,4,0,1,0,3,1,19,0.033333333,0,0,0,0,0,0,9,0,0,0,7,9,0
20034,768,21216,6,1,1,0,0,0,0,0,0,19,0.033333333,0,0,0,0,0,0,1,0,0,0,1,1,0
20040,1572,156596,5,1508,162,290,30,176,564,347,72,224,0.9,28,35,19,26,16,0,7,38,12,0,103,679,154
20041,1151,652701,2,109,8,43,2,33,0,30,22,3,0.2,0,0,0,19,73,0,0,0,0,0,26,2,0
20050,23,148039,2,9,2,2,0,0,3,1,1,18,0.033333333,0,0,0,0,0,0,0,0,0,0,5,9,0
20056,770,195289,2,769,45,140,135,98,76,230,72,105,0.5,9,0,46,81,0,0,31,25,0,0,136,48,146
20058,82,148039,1,82,6,10,4,7,36,13,8,18,0.033333333,0,0,0,0,0,0,0,0,0,0,15,82,0
20062,157,148039,2,156,29,37,12,23,10,29,7,18,0.2,0,0,44,0,0,0,0,0,0,0,20,35,44
20064,1,652701,1,1,1,0,0,0,0,0,0,3,0.033333333,0,0,0,0,0,0,0,0,0,0,1,1,0
20069,564,652701,2,31,8,11,0,7,1,3,1,3,0.133333333,0,0,0,0,15,0,0,0,0,0,12,5,0
20082,320,195289,1,320,39,27,109,16,68,52,11,105,0.233333333,0,0,1,0,0,0,0,0,0,0,50,19,24
20113,90,148039,1,90,15,22,1,18,12,28,8,18,0.166666667,0,0,0,0,0,0,0,0,0,4,15,61,4
20120,795,156596,6,164,5,35,54,10,1,71,9,224,0.1,0,0,0,0,0,0,0,0,0,0,35,5,159
20128,61,652701,1,61,14,10,15,6,6,0,0,3,0.166666667,0,0,0,0,0,0,0,0,0,0,9,13,16
20134,272,148039,3,87,11,32,0,27,0,24,17,18,0.1,0,0,0,0,0,0,56,0,0,0,32,8,23
20135,240,208752,1,240,11,41,26,32,10,83,60,24,0.233333333,0,0,0,0,0,0,0,58,0,0,98,78,37
20143,838,195289,6,14,4,5,0,2,1,4,2,105,0.066666667,0,0,0,0,0,0,0,0,0,0,8,13,0
20158,594,156596,3,517,34,83,94,61,37,165,53,224,0.2,0,0,34,0,0,0,0,0,0,0,109,45,85
20168,23,208752,1,23,11,7,0,3,1,4,0,24,0.066666667,0,0,0,0,0,0,0,0,0,0,9,15,0
20179,32,148039,3,1,1,0,0,0,0,0,0,18,0.033333333,0,0,0,0,0,0,0,0,0,0,1,1,0
20190,1130,41550,8,171,23,41,0,25,53,31,13,21,0.366666667,0,6,0,0,0,0,1,14,0,0,24,41,26
20192,1,41550,1,1,1,0,0,0,0,0,0,21,0.033333333,0,0,0,0,0,0,1,0,0,0,1,1,0
20199,120,41550,3,118,2,13,0,8,13,51,6,21,0.1,0,0,32,44,0,0,42,0,0,0,17,32,44
20200,1,41550,1,1,1,0,0,0,0,0,0,21,0.033333333,0,0,0,0,0,0,1,0,0,0,1,1,0
20207,361,41550,1,361,28,91,0,57,43,115,29,21,0.2,0,0,46,20,0,0,58,130,50,57,60,103,20
20209,37,41550,1,37,12,2,0,1,21,1,0,21,0.066666667,0,0,0,0,0,0,20,17,0,0,7,20,17
20212,1088,41550,12,180,36,56,0,34,39,28,7,21,0.433333333,1,0,27,0,0,54,5,20,1,0,25,16,37
20215,207,41550,2,35,14,12,0,8,0,4,1,21,0.133333333,7,0,0,0,0,0,12,0,0,0,9,2,0
20222,11,41550,2,9,3,3,0,2,0,2,1,21,0.066666667,0,0,0,0,0,0,7,0,0,0,5,2,0
20226,4,41550,1,4,4,0,0,0,0,0,0,21,0.066666667,0,0,0,0,0,0,2,0,0,0,1,4,0
20233,4,38356,1,4,4,0,0,0,0,0,0,65,0.033333333,0,0,0,0,0,0,0,0,0,0,2,4,0
20238,195,907118,1,195,14,84,10,56,0,65,29,19,0.266666667,4,5,0,27,0,0,0,0,0,0,49,43,79
20244,3209,907118,25,257,84,50,3,15,100,23,1,19,0.4,0,0,0,0,0,0,0,0,0,10,22,85,59
20245,585,907118,1,585,49,179,49,140,42,167,57,19,0.566666667,0,0,43,93,0,0,0,0,33,60,100,220,157
20249,443,907118,3,423,51,137,36,101,19,103,40,19,0.566666667,0,0,43,26,0,0,0,0,46,0,91,140,121
20253,521,907118,1,521,65,250,11,82,84,154,22,19,0.466666667,82,0,10,7,0,62,0,8,0,0,69,198,115
20258,83,208752,2,73,10,14,11,10,2,16,11,24,0.133333333,0,0,0,0,0,0,0,0,0,0,23,44,16
20269,611,907118,3,369,50,169,8,61,7,130,38,19,0.3,0,6,0,0,0,0,0,0,0,39,61,55,38
20280,57,195289,4,12,4,5,0,2,0,2,1,105,0.033333333,0,0,0,0,0,0,0,0,0,0,7,12,0
20290,42,208752,3,21,1,6,0,5,0,7,7,24,0.033333333,0,0,0,0,0,0,0,0,0,0,8,21,0
20333,151,156596,2,1,1,0,0,0,0,0,0,224,0.033333333,0,0,0,0,0,0,0,0,0,0,1,1,0
20357,273,907118,2,250,19,77,39,59,1,64,32,19,0.366666667,0,0,0,0,6,0,0,0,0,38,81,93,119
20365,244,907118,3,209,15,75,9,58,17,56,24,19,0.266666667,0,4,0,0,0,0,0,19,32,0,51,143,0
20377,226,208752,1,226,8,32,28,21,2,103,50,24,0.133333333,0,0,0,53,0,38,0,0,0,0,78,34,0
20382,288,907118,2,281,57,97,10,56,31,50,16,19,0.4,5,0,0,0,0,0,0,0,4,0,38,190,21
20391,328,907118,2,320,45,140,18,67,15,88,23,19,0.4,14,13,56,0,0,0,11,0,0,0,50,97,100
20396,95,156596,2,57,11,14,9,7,2,15,3,224,0.066666667,0,0,0,0,0,0,0,0,0,0,17,49,0
20421,251,907118,1,251,13,93,25,61,13,82,25,19,0.266666667,0,0,0,0,0,0,0,3,51,0,72,29,107
20423,686,208752,4,395,23,66,56,51,30,124,65,24,0.333333333,122,0,2,0,10,23,0,0,0,78,92,139,84
20427,317,907118,1,317,24,123,19,78,22,101,25,19,0.333333333,34,44,0,0,0,0,0,26,0,0,49,145,32
20431,125,907118,1,125,20,61,2,17,4,48,21,19,0.2,0,0,0,0,0,0,0,0,0,0,33,14,0
20433,614,155579,2,590,49,136,102,99,60,146,81,17,0.466666667,4,0,12,100,0,0,0,0,13,67,96,212,79
20435,1,208752,1,1,1,0,0,0,0,0,0,24,0.033333333,0,0,0,0,0,0,0,0,0,0,1,1,0
20440,1,907118,1,1,1,0,0,0,0,0,0,19,0.033333333,0,0,0,0,0,0,0,0,0,0,1,1,0
20459,273,907118,1,273,34,85,32,65,7,65,25,19,0.2,0,0,0,0,0,0,0,6,108,0,62,173,0
20460,514,155579,2,478,44,121,87,68,10,142,64,17,0.533333333,0,5,5,12,56,35,4,61,56,20,66,57,32
20461,402,907118,1,402,28,182,11,118,2,137,38,19,0.333333333,0,0,0,0,0,0,3,0,0,22,58,37,14
20466,43,195289,2,33,10,8,0,4,8,1,1,105,0.133333333,0,0,0,0,0,0,0,4,0,0,8,14,0
20477,8,195289,1,8,2,3,0,1,0,2,2,105,0.033333333,0,0,0,0,0,0,0,0,0,0,6,8,0
20478,378,907118,4,238,38,78,15,53,1,79,23,19,0.333333333,0,0,0,0,0,0,78,0,0,0,57,21,0
20486,283,907118,1,283,33,86,33,67,7,77,33,19,0.166666667,0,0,0,106,62,0,0,0,0,0,81,46,30
20491,95,652701,6,63,13,28,1,6,6,0,0,3,0.2,0,27,0,0,0,0,0,0,5,0,12,21,8
20493,314,652701,1,314,19,77,26,54,68,15,9,3,0.266666667,0,7,0,0,67,0,0,0,7,0,34,150,0
20504,5888,652701,20,453,87,157,20,80,48,18,10,3,0.733333333,16,11,0,0,75,0,0,16,4,0,35,148,45
20507,1186,221833,5,859,41,182,81,139,41,333,79,58,0.766666667,43,67,0,31,22,42,43,76,4,17,101,65,171
20512,56,652701,1,56,8,11,4,7,1,0,0,3,0.066666667,0,0,0,0,0,0,0,0,8,0,16,48,8
20524,170,652701,1,170,31,55,8,30,23,15,12,3,0.266666667,12,5,0,0,0,0,0,0,48,0,29,44,0
20525,19,652701,2,8,3,2,0,1,0,1,1,3,0.033333333,0,0,0,0,0,0,0,0,8,0,6,8,0
20529,188,652701,2,187,41,58,7,19,37,21,5,3,0.133333333,0,0,0,0,0,0,0,0,45,0,18,187,0
20534,26,652701,1,26,8,5,3,4,0,4,2,3,0.033333333,0,0,0,0,0,0,0,0,26,0,12,26,0
20540,277,221833,6,48,10,16,0,11,4,8,6,58,0.133333333,0,0,0,0,0,0,0,0,9,0,17,48,0
20543,613,652701,3,209,29,45,29,29,15,9,5,3,0.2,77,29,0,0,0,40,0,0,8,0,31,13,0
20553,276,652701,5,116,12,46,6,27,6,23,12,3,0.2,0,0,0,0,11,0,0,0,55,0,33,20,0
20557,96,41550,1,96,13,31,15,14,5,35,5,21,0.166666667,0,0,0,51,0,1,0,13,0,8,19,23,8
20558,147,652701,2,142,10,52,13,2,43,0,0,3,0.333333333,5,1,0,0,0,5,0,0,6,0,15,65,48
20560,4,148039,2,1,1,0,0,0,0,0,0,18,0.033333333,0,0,0,0,0,0,0,0,0,1,1,1,0
20561,8,652701,1,8,3,2,0,1,0,1,1,3,0.033333333,0,0,0,0,0,0,0,0,8,0,6,8,0
20564,1,221833,1,1,1,0,0,0,0,0,0,58,0.033333333,0,0,0,0,0,0,0,0,1,0,1,1,0
20565,2,652701,1,2,2,0,0,0,0,0,0,3,0.033333333,0,0,0,0,0,0,0,0,2,0,2,2,0
20572,30,652701,1,30,5,6,0,4,12,3,2,3,0.033333333,0,0,0,0,0,0,0,0,30,0,10,30,0
20583,1,652701,1,1,1,0,0,0,0,0,0,3,0.033333333,0,0,0,0,0,0,0,0,1,0,1,1,0
20585,101,652701,1,101,16,24,30,15,7,4,3,3,0.233333333,0,0,0,0,0,0,0,0,15,0,16,58,4
20586,512,148039,2,207,18,45,9,35,62,43,10,18,0.166666667,0,0,0,0,0,0,0,0,0,4,23,13,0
20590,768,652701,2,129,19,32,11,22,15,21,10,3,0.1,0,0,0,0,0,0,0,0,75,0,30,19,0
20591,64,652701,1,64,9,23,3,17,0,9,8,3,0.066666667,0,0,0,0,0,0,0,0,46,0,26,18,46
20621,632,652701,2,587,45,147,5,59,261,40,6,3,0.433333333,0,51,0,20,0,0,0,0,64,8,30,109,314
20634,157,652701,1,157,13,38,26,27,6,12,5,3,0.233333333,0,42,0,0,26,14,0,0,4,0,26,67,0
20637,5,652701,1,5,4,0,0,0,0,0,0,3,0.033333333,0,0,0,0,0,0,0,0,5,0,5,5,0
20646,540,221833,2,534,62,136,70,76,32,184,39,58,0.233333333,0,0,0,0,0,0,0,0,20,0,72,11,68
20653,43,652701,1,43,8,11,5,9,0,11,8,3,0.066666667,0,0,0,0,0,0,0,0,40,0,22,3,0
20660,69,652701,1,69,12,22,5,16,2,11,8,3,0.1,0,0,0,0,0,0,0,0,40,0,28,20,9
20664,1,41550,1,1,1,0,0,0,0,0,0,21,0.033333333,0,0,0,1,0,0,0,0,0,0,1,1,0
20679,481,652701,6,57,5,18,10,14,0,11,9,3,0.033333333,0,0,0,0,0,0,0,0,57,0,21,57,0
20683,63,41550,1,63,7,20,0,18,7,28,0,21,0.066666667,0,0,0,46,0,0,0,0,0,0,20,17,0
20695,189,652701,2,188,25,67,17,21,16,26,9,3,0.233333333,0,23,62,0,0,0,0,0,40,0,37,35,3
20696,24,652701,1,24,2,12,0,8,0,9,2,3,0.033333333,0,0,0,0,0,0,0,0,24,0,12,24,0
20703,297,652701,4,35,2,14,0,10,0,13,9,3,0.033333333,0,0,0,0,0,0,0,0,35,0,19,35,0
20708,340,652701,4,251,38,66,15,44,19,30,12,3,0.2,49,0,0,0,0,0,0,0,98,0,39,1,79
20709,60,652701,1,60,17,8,2,5,2,0,0,3,0.066666667,0,0,0,0,0,0,0,0,1,0,9,60,0
20726,81,652701,1,81,12,18,4,12,5,11,7,3,0.1,0,0,0,0,0,0,0,0,33,0,27,44,0
20729,271,41550,4,218,24,70,5,52,18,62,14,21,0.333333333,1,29,0,4,0,0,0,0,0,0,36,66,0
20731,24,148039,1,24,7,8,0,5,0,5,3,18,0.133333333,0,0,0,0,0,0,7,0,0,6,9,6,6
20742,2,41550,1,2,2,0,0,0,0,0,0,21,0.033333333,0,0,0,2,0,0,0,0,0,0,1,2,0
20746,73,221833,4,19,2,5,3,3,1,4,2,58,0.033333333,0,0,0,0,0,0,0,0,19,0,9,19,0
20758,188,652701,4,124,13,22,67,12,1,4,3,3,0.2,0,0,7,0,0,0,0,0,18,0,15,86,0
20760,124,652701,1,124,29,37,10,23,9,16,10,3,0.166666667,0,0,0,12,0,56,44,3,9,0,29,12,0
20766,166,652701,1,166,22,32,13,24,27,8,6,3,0.1,0,0,0,0,0,0,0,0,26,0,28,140,26
20791,150,652701,1,150,37,30,22,21,8,12,3,3,0.2,0,0,31,8,1,0,0,4,31,0,27,79,31
20794,1,652701,1,1,1,0,0,0,0,0,0,3,0.033333333,0,0,0,0,0,0,0,0,1,0,1,1,0
20796,22,148039,2,9,2,3,0,2,0,2,2,18,0.033333333,0,0,0,0,0,0,0,0,0,9,7,9,0
20833,13,652701,1,13,7,2,0,1,1,1,1,3,0.033333333,0,0,0,0,0,0,0,0,13,0,8,13,0
20837,501,221833,2,403,36,93,39,5,54,160,35,58,0.333333333,0,0,0,0,45,0,0,0,8,0,56,79,204
20842,1603,221833,7,600,45,186,171,51,11,205,20,58,0.433333333,55,0,3,0,31,6,0,0,44,2,77,296,131
20845,106,652701,1,106,20,30,7,24,3,14,10,3,0.133333333,0,0,0,0,0,0,0,0,55,0,30,99,0
20853,150,652701,3,128,17,51,7,4,42,36,0,3,0.166666667,0,0,0,0,30,73,7,10,8,0,21,30,73
20858,150,148039,3,2,2,0,0,0,0,0,0,18,0.033333333,0,0,0,0,0,0,0,0,0,2,1,2,0
20862,30,652701,1,30,9,11,0,5,1,8,3,3,0.066666667,0,0,0,0,0,0,25,0,5,0,13,25,0
20871,2,652701,1,2,2,0,0,0,0,0,0,3,0.033333333,0,0,0,0,0,0,0,0,2,0,2,2,0
20874,1,652701,1,1,1,0,0,0,0,0,0,3,0.033333333,0,0,0,0,0,0,0,0,1,0,1,1,0
20886,254,652701,3,220,29,60,11,48,37,20,3,3,0.133333333,0,0,28,0,28,0,0,0,30,0,33,134,30
20891,4,221833,1,4,3,0,0,0,0,0,0,58,0.033333333,0,0,0,0,0,0,0,0,4,0,4,4,0
20893,27,652701,1,27,6,7,9,0,0,5,0,3,0.033333333,0,0,0,0,0,0,0,0,27,0,12,27,0
20897,23,41550,2,11,6,2,0,1,1,1,0,21,0.033333333,0,0,0,11,0,0,0,0,0,0,6,11,0
20906,2,652701,1,2,2,0,0,0,0,0,0,3,0.033333333,0,0,0,0,0,0,0,0,2,0,2,2,0
20908,7,148039,2,4,2,2,0,0,0,1,0,18,0.033333333,0,0,0,0,0,0,0,0,0,4,4,4,0
20912,556,221833,7,68,7,20,10,14,4,27,1,58,0.066666667,0,0,0,0,0,0,0,47,21,0,19,47,21
20918,1,148039,1,1,1,0,0,0,0,0,0,18,0.033333333,0,0,0,0,0,0,0,0,0,1,1,1,0
20926,3,652701,1,3,3,0,0,0,0,0,0,3,0.033333333,0,0,0,0,0,0,0,0,3,0,2,3,0
20933,141,652701,1,141,36,40,2,27,12,22,16,3,0.1,0,0,0,0,0,0,12,27,102,0,27,12,27
20934,7,221833,2,2,2,0,0,0,0,0,0,58,0.033333333,0,0,0,0,0,0,0,0,2,0,1,2,0
20938,508,148039,6,8,3,3,0,1,0,2,1,18,0.066666667,0,0,0,0,0,0,0,0,0,7,5,1,7
20953,71,652701,2,28,10,10,0,6,0,1,0,3,0.166666667,0,0,0,0,0,0,0,0,7,0,10,8,0
20956,128,652701,1,128,20,43,6,31,5,13,8,3,0.166666667,0,0,0,0,0,0,0,0,68,0,29,104,0
20959,135,652701,3,109,18,25,6,19,20,19,11,3,0.066666667,0,0,0,0,0,91,0,0,18,0,27,91,0
20969,1,652701,1,1,1,0,0,0,0,0,0,3,0.033333333,0,0,0,0,0,0,0,0,1,0,1,1,0
20972,58,652701,1,58,7,16,13,10,0,1,1,3,0.233333333,0,0,0,0,0,0,0,0,9,0,14,43,2
20977,160,652701,6,122,11,36,14,29,0,10,7,3,0.233333333,0,0,0,7,0,0,0,0,44,0,28,46,0
20999,217,148039,2,147,14,46,13,13,3,51,20,18,0.266666667,0,0,0,0,0,0,0,11,0,9,34,40,75
21007,144,652701,3,105,11,21,37,15,8,9,8,3,0.166666667,0,0,0,0,17,0,0,0,19,0,25,63,0
21008,804,652701,4,161,27,62,12,27,10,28,16,3,0.2,0,0,0,0,30,55,0,0,25,0,30,1,0
21022,106,652701,1,106,8,41,6,33,0,27,16,3,0.1,0,8,0,0,0,0,0,0,94,0,23,98,0
21024,72,652701,1,72,9,20,0,17,0,8,7,3,0.1,0,0,0,25,0,0,0,0,10,0,24,37,10
21063,212,652701,1,212,38,43,15,26,42,11,6,3,0.233333333,46,0,0,0,10,0,0,0,43,0,29,132,23
21068,289,652701,3,106,9,31,12,20,9,5,3,3,0.133333333,0,0,0,0,0,0,0,0,29,0,21,16,46
21074,49,652701,1,49,5,24,5,9,0,15,2,3,0.066666667,0,14,0,0,0,0,0,0,35,0,24,14,0
21079,233,652701,1,233,40,47,15,2,60,5,1,3,0.333333333,0,0,0,12,0,0,0,0,8,0,19,28,101
21081,2470,652701,14,185,30,101,38,1,7,48,0,3,0.466666667,0,4,0,53,0,15,0,0,5,27,34,50,84
21082,294,652701,2,292,21,94,68,42,10,20,7,3,0.2,0,0,0,0,0,0,0,67,7,0,35,7,67
21091,95,652701,1,95,4,37,11,26,2,29,13,3,0.1,0,0,66,0,0,0,0,0,10,0,26,29,66
21102,6,652701,1,6,3,0,0,0,3,0,0,3,0.033333333,0,0,0,0,0,0,0,0,6,0,3,6,0
21109,178,652701,1,178,29,41,14,28,19,15,9,3,0.3,0,15,0,13,0,0,13,0,20,13,32,85,13
21121,8,41550,1,8,2,3,0,2,0,2,1,21,0.033333333,0,0,0,8,0,0,0,0,0,0,6,8,0
21122,331,652701,1,331,60,58,23,36,62,10,9,3,0.5,7,22,0,0,0,7,0,0,34,0,32,67,152
21129,13,652701,1,13,3,4,0,3,0,3,3,3,0.033333333,0,0,0,0,0,0,0,0,13,0,10,13,0
21137,359,652701,7,131,26,36,3,24,5,28,13,3,0.166666667,0,0,0,28,55,0,0,0,37,0,23,2,46
21138,127,652701,5,26,5,9,3,5,0,3,2,3,0.1,0,0,0,0,0,0,0,0,13,0,14,9,0
21145,876,652701,6,159,18,49,11,33,0,7,1,3,0.333333333,0,0,5,0,27,0,0,0,8,0,25,13,13
21161,1043,221833,4,575,40,133,70,87,76,171,36,58,0.466666667,85,78,13,15,43,78,0,0,53,0,88,164,108
21180,39,41550,2,5,2,2,0,1,0,1,0,21,0.033333333,0,0,0,5,0,0,0,0,0,0,4,5,0
21181,244,652701,2,147,16,36,6,26,24,24,12,3,0.133333333,0,0,0,0,0,83,0,0,23,0,30,5,36
21186,266,652701,5,151,18,41,17,28,12,11,5,3,0.2,0,0,0,0,18,0,0,0,29,0,27,37,38
21195,280,652701,2,275,34,55,46,29,11,2,1,3,0.133333333,81,0,0,0,0,0,0,0,12,0,20,168,81
21201,177,652701,3,175,32,66,14,19,17,20,5,3,0.433333333,0,0,4,0,6,0,0,27,38,0,29,43,12
21212,102,652701,1,102,8,19,37,14,1,6,5,3,0.166666667,0,0,0,0,0,0,0,0,26,7,25,42,0
21240,47,148039,1,47,17,9,0,6,0,8,3,18,0.166666667,0,1,0,11,0,0,0,0,0,6,10,39,1
21248,24,41550,1,24,9,6,0,3,0,5,2,21,0.066666667,0,0,0,7,0,0,0,0,0,0,11,17,0
21271,171,652701,3,12,2,4,0,2,0,5,2,3,0.033333333,0,0,0,0,0,0,0,0,12,0,5,12,0
21278,112,652701,1,112,20,31,4,23,9,15,11,3,0.133333333,0,0,0,0,0,0,0,0,61,17,30,34,61
21284,426,652701,8,45,4,18,0,13,0,10,8,3,0.1,0,0,0,0,0,0,0,0,13,19,24,13,13
21311,78,652701,2,77,9,26,3,19,8,11,9,3,0.166666667,0,0,0,0,0,49,0,0,0,7,25,1,7
21314,83,148039,1,83,15,24,4,15,4,23,5,18,0.066666667,0,0,0,0,0,0,0,0,0,78,18,5,78
21317,71,652701,5,37,5,11,1,10,0,10,9,3,0.033333333,0,0,0,0,0,0,0,0,0,37,26,37,0
21323,9,652701,1,9,2,5,0,2,0,4,0,3,0.033333333,0,0,0,0,0,0,0,0,0,9,5,9,0
21333,370,652701,3,139,28,63,16,9,7,22,0,3,0.366666667,0,0,27,0,5,0,5,0,0,22,29,79,8
21341,99,221833,2,97,5,27,14,16,0,39,10,58,0.233333333,0,0,0,17,0,0,0,0,1,2,32,50,30
21363,1174,221833,4,556,52,135,78,75,34,192,40,58,0.4,75,0,0,0,41,1,0,0,0,34,122,1,59
21364,914,221833,4,513,60,62,159,56,21,151,1,58,0.233333333,0,0,0,0,0,69,0,0,0,85,100,157,280
21371,5014,221833,5,1020,104,322,81,125,126,344,31,58,0.733333333,10,43,39,34,13,14,0,2,0,9,65,289,141
21372,46,221833,2,16,3,4,0,3,0,5,3,58,0.033333333,0,0,0,0,0,0,0,0,0,16,9,16,0
21376,9,41550,2,8,3,3,0,2,0,2,0,21,0.066666667,0,0,0,0,7,0,0,0,0,0,5,1,0
21401,22,221833,1,22,4,8,0,4,0,10,2,58,0.033333333,0,0,0,0,0,0,0,0,0,22,8,22,0
21417,42,221833,3,21,5,8,0,5,0,3,2,58,0.033333333,0,0,0,0,0,0,0,0,0,21,10,21,0
21419,33,221833,1,33,8,12,0,5,0,9,3,58,0.033333333,0,0,0,0,0,0,0,0,0,33,11,33,0
21447,229,221833,4,1,1,0,0,0,0,0,0,58,0.033333333,0,0,0,0,0,0,0,0,0,1,1,1,0
21450,14,21216,2,1,1,0,0,0,0,0,0,19,0.033333333,0,0,0,0,0,0,0,0,0,0,1,1,0
21464,7,21216,2,6,2,2,0,1,0,1,1,19,0.033333333,0,0,0,0,0,0,0,0,0,0,5,6,0
21471,35,21560,3,15,2,9,0,3,0,6,1,9,0.033333333,0,0,0,0,0,0,0,0,15,0,7,15,0
21477,179,21216,1,179,30,67,0,31,0,57,24,19,0.333333333,0,0,0,18,0,0,0,0,0,0,23,59,20
21481,24,21216,3,1,1,0,0,0,0,0,0,19,0.033333333,0,0,0,0,0,0,0,0,0,0,1,1,0
21483,226,21216,5,1,1,0,0,0,0,0,0,19,0.033333333,0,0,0,0,0,0,0,0,0,0,1,1,0
21494,58,21560,6,4,2,0,0,0,2,0,0,9,0.033333333,0,0,0,0,0,0,0,0,4,0,3,4,0
21507,2,148500,1,2,2,0,0,0,0,0,0,29,0.033333333,0,0,0,0,0,2,0,0,0,0,2,2,0
21511,1183,21216,3,59,8,19,1,12,1,21,7,19,0.133333333,0,0,0,0,0,0,0,0,0,0,14,5,11
21526,231,148500,3,141,9,44,13,21,8,57,13,29,0.133333333,0,0,0,0,0,78,32,22,9,0,34,78,32
21548,932,21216,3,221,20,65,0,50,0,70,62,19,0.233333333,0,0,0,0,0,142,0,5,0,0,37,4,48
21576,1,21216,1,1,1,0,0,0,0,0,0,19,0.033333333,0,0,0,0,0,0,0,0,0,0,1,1,0
21584,247,878119,2,246,23,81,25,52,28,70,19,20,0.3,0,0,0,0,0,0,0,0,33,0,41,72,18
21587,90,878119,1,90,6,47,20,5,0,39,1,20,0.133333333,0,0,0,0,0,19,17,6,48,0,39,19,17
21596,89,878119,1,89,10,31,2,26,0,24,14,20,0.233333333,36,0,0,14,5,0,16,6,10,0,38,12,0
21597,768,878119,2,55,5,24,1,15,0,21,5,20,0.133333333,0,0,0,0,0,12,0,26,12,5,16,12,0
21627,61,21560,3,19,7,6,0,4,1,3,0,9,0.033333333,0,0,0,0,0,19,0,0,0,0,9,19,0
21629,221,878119,1,221,12,72,7,59,5,88,38,20,0.133333333,0,0,0,0,0,0,0,0,7,0,40,58,0
21631,43,878119,1,43,4,18,0,14,0,13,7,20,0.1,0,0,0,0,0,0,0,9,13,0,18,34,0
21634,6,878119,1,6,4,2,0,0,0,1,0,20,0.066666667,0,0,0,0,0,0,2,0,4,0,4,2,0
21641,287,878119,1,287,41,111,33,10,63,86,3,20,0.4,0,8,0,0,41,0,0,0,24,0,63,136,64
21655,7,21216,2,6,2,2,0,1,0,1,1,19,0.033333333,0,0,0,0,0,0,0,0,0,0,5,6,0
21662,399,878119,1,399,46,107,28,71,85,90,18,20,0.366666667,0,0,1,0,0,0,0,48,56,0,49,201,53
21672,841,148500,1,841,31,195,119,162,7,347,134,29,0.366666667,163,41,31,0,0,0,0,0,94,28,141,205,59
21701,170,878119,3,112,6,50,7,27,0,45,18,20,0.133333333,0,0,0,0,0,24,14,29,45,0,48,24,14
21702,74,878119,2,42,2,15,3,12,0,16,7,20,0.033333333,0,0,0,0,0,0,0,0,42,0,15,42,0
21712,422,878119,2,271,41,107,76,9,4,85,8,20,0.366666667,0,26,0,0,13,3,4,0,20,0,76,118,5
21736,21,21216,1,21,5,5,0,3,0,5,5,19,0.1,9,0,0,0,0,0,0,0,0,0,7,1,0
21753,249,878119,1,249,23,85,70,20,4,109,14,20,0.233333333,0,0,0,0,0,0,0,0,94,0,72,183,21
21761,18,21560,1,18,5,13,0,0,0,10,0,9,0.066666667,0,0,0,0,13,5,0,0,0,0,8,13,5
21763,206,878119,3,173,23,72,11,35,3,64,13,20,0.233333333,33,0,0,0,0,0,0,8,7,0,55,47,0
21769,310,878119,2,146,33,51,4,35,13,30,3,20,0.366666667,4,0,0,0,10,0,0,4,8,0,25,73,0
21780,264,21560,6,13,3,5,0,3,0,2,2,9,0.066666667,0,6,0,0,0,7,0,0,0,0,6,13,0
21781,2,21216,2,1,1,0,0,0,0,0,0,19,0.033333333,0,0,0,0,0,0,0,0,0,0,1,1,0
21783,302,878119,3,299,32,146,18,56,0,112,29,20,0.233333333,0,0,0,0,0,0,0,30,67,0,39,40,0
21785,113,878119,2,91,5,70,4,3,0,62,2,20,0.133333333,0,0,0,0,69,0,0,0,8,0,39,70,0
21790,421,878119,2,415,45,158,45,51,53,136,29,20,0.2,0,11,0,0,0,0,0,0,171,0,89,169,0
21796,165,878119,2,153,25,61,23,3,14,58,4,20,0.166666667,0,0,0,0,0,0,0,0,55,0,50,39,21
21799,597,878119,1,597,60,146,53,117,115,132,58,20,0.566666667,32,108,0,0,40,48,6,0,6,0,82,111,14
21810,35,878119,1,35,11,9,0,2,11,4,1,20,0.066666667,0,0,0,0,0,0,0,0,14,0,12,21,0
21816,253,148500,3,21,5,8,0,1,0,7,3,29,0.066666667,0,0,16,0,0,0,0,0,0,0,7,5,0
21820,49,148500,1,49,15,12,0,2,19,5,1,29,0.133333333,0,0,19,2,19,0,0,0,0,0,13,9,19
21838,105,878119,2,71,11,26,2,20,2,17,9,20,0.2,0,0,0,0,0,0,0,13,5,0,29,34,16
21856,344,878119,4,84,6,38,1,25,2,28,11,20,0.166666667,0,0,0,0,0,7,41,0,8,0,22,23,41
21857,417,878119,3,415,23,171,44,102,5,152,32,20,0.366666667,10,7,0,10,0,0,107,46,122,0,61,170,0
21863,351,878119,2,236,19,74,31,62,11,61,23,20,0.333333333,0,58,3,73,0,5,0,11,27,0,69,43,28
21874,183,878119,1,183,9,64,18,48,1,50,31,20,0.333333333,0,7,0,0,0,0,0,0,52,35,45,10,0
21878,26,878119,2,15,2,7,0,4,0,6,2,20,0.033333333,0,0,0,0,0,0,0,0,15,0,8,15,0
21881,945,21216,6,1,1,0,0,0,0,0,0,19,0.033333333,0,0,0,0,0,0,0,0,0,0,1,1,0
21906,639,878119,4,342,28,66,70,64,22,89,41,20,0.166666667,0,0,0,73,0,0,0,0,50,0,99,269,0
21920,355,878119,3,9,3,2,0,1,3,1,0,20,0.066666667,0,0,0,0,0,0,0,0,4,0,4,5,4
21923,153,878119,3,146,7,52,12,37,0,49,26,20,0.1,0,0,0,0,0,0,0,0,13,0,38,73,0
21941,74,878119,1,74,4,35,1,17,0,34,12,20,0.1,0,0,0,0,36,0,0,19,19,0,29,36,0
21946,384,878119,1,384,42,192,55,13,24,165,3,20,0.166666667,0,0,40,0,0,0,66,21,135,0,51,257,40
21948,143,878119,1,143,26,37,27,16,14,37,0,20,0.2,9,16,28,0,0,0,0,0,8,0,29,39,8
21953,144,878119,3,102,19,42,7,24,0,23,7,20,0.266666667,13,31,0,0,0,0,0,0,16,0,34,25,0
21960,354,21216,3,12,4,5,0,3,0,2,0,19,0.066666667,0,0,0,0,0,0,0,0,0,0,6,5,7
21973,658,878119,1,658,72,221,72,14,203,153,9,20,0.566666667,70,44,89,26,0,0,0,12,12,0,72,75,154
21984,236,878119,2,121,7,49,3,42,0,39,18,20,0.166666667,0,0,0,0,0,0,0,0,43,0,41,16,55
21985,107,878119,2,90,10,31,5,26,0,28,10,20,0.166666667,0,0,0,0,0,0,0,0,25,0,29,45,0
21986,302,878119,1,302,32,62,70,60,0,83,40,20,0.2,0,0,0,0,0,4,0,101,57,0,93,197,0
21990,272,878119,1,272,34,172,30,10,0,139,7,20,0.233333333,0,0,0,0,0,0,0,0,13,0,46,183,60
21991,149,878119,1,149,13,48,15,40,1,43,24,20,0.133333333,0,0,0,0,0,42,30,33,44,0,58,42,30
21992,473,878119,1,473,48,109,60,90,84,105,38,20,0.166666667,0,0,0,0,77,0,0,0,103,0,101,90,165
21994,386,878119,1,386,19,124,71,66,9,135,52,20,0.166666667,0,221,0,0,116,0,11,0,7,0,67,31,7
22013,202,878119,2,76,5,29,14,14,0,24,8,20,0.133333333,0,0,0,0,0,15,21,16,24,0,25,15,21
22041,135,878119,1,135,12,41,23,32,8,33,0,20,0.1,0,0,0,17,0,0,66,0,52,0,25,17,0
22075,244,878119,1,244,19,55,47,44,48,47,14,20,0.133333333,0,0,0,0,0,0,0,0,132,0,42,24,88
22082,446,878119,9,191,6,68,17,55,0,61,34,20,0.133333333,0,0,0,0,0,16,0,87,71,17,54,16,0
22087,201,878119,2,100,8,34,9,31,3,29,13,20,0.066666667,0,0,0,0,0,0,0,0,29,0,37,71,0
22089,188,878119,3,185,21,61,19,47,12,35,18,20,0.233333333,0,6,0,0,0,7,0,11,26,0,42,110,0
22093,297,878119,1,297,17,116,13,75,4,116,65,20,0.3,0,0,14,22,20,25,0,0,11,0,66,65,34
22094,352,878119,3,349,51,77,54,72,12,97,52,20,0.366666667,17,0,53,162,2,5,0,2,7,0,68,19,12
22117,38,878119,1,38,4,8,16,1,0,11,0,20,0.066666667,0,0,0,0,0,0,0,0,36,0,14,2,0
22122,98,878119,2,92,3,33,1,30,0,35,19,20,0.1,0,0,0,0,0,0,0,80,10,2,26,80,10
22127,453,878119,2,352,21,156,37,84,3,111,33,20,0.2,0,0,191,0,0,0,0,0,21,2,79,280,36
22129,194,878119,1,194,8,64,22,55,0,60,29,20,0.3,0,27,0,0,0,0,0,0,21,0,71,11,2
22154,37,878119,1,37,4,18,0,10,0,15,5,20,0.1,0,0,0,0,0,0,0,28,7,0,12,2,0
22156,14,878119,1,14,5,6,0,1,1,3,0,20,0.033333333,0,0,0,0,0,0,0,0,14,0,7,14,0
22178,1262,21560,6,59,7,21,3,13,6,12,4,9,0.166666667,0,0,0,0,0,16,0,0,0,0,13,14,0
22184,100,878119,2,87,9,25,21,18,0,22,5,20,0.133333333,0,0,0,0,0,0,0,0,32,0,32,15,45
22187,10,878119,1,10,5,3,0,1,0,2,1,20,0.066666667,0,0,0,0,0,0,7,0,3,0,6,7,0
22190,232,878119,3,119,18,55,23,0,14,47,0,20,0.166666667,0,13,0,0,0,0,0,0,41,0,33,10,27
22198,69,878119,1,69,9,21,1,18,4,18,14,20,0.033333333,0,0,0,0,0,0,0,0,69,0,22,69,0
22202,246,878119,5,147,13,95,21,9,0,83,3,20,0.366666667,0,0,0,7,1,0,2,6,54,0,41,11,9
22211,22,878119,1,22,6,7,0,5,1,6,2,20,0.033333333,0,0,0,0,0,0,0,0,22,0,12,22,0
22214,607,878119,4,305,31,118,21,69,2,124,31,20,0.366666667,23,58,0,85,0,0,0,34,12,0,65,110,23
22219,700,21560,5,79,8,36,8,2,0,37,9,9,0.133333333,0,0,0,0,0,5,0,0,0,0,24,8,7
22266,24,878119,2,22,5,12,0,3,0,5,2,20,0.1,9,0,0,0,0,0,0,0,0,6,10,7,6
22270,2,878119,2,1,1,0,0,0,0,0,0,20,0.033333333,0,0,0,0,0,0,0,0,0,1,1,1,0
22279,1,21216,1,1,1,0,0,0,0,0,0,19,0.033333333,0,0,0,0,0,0,0,0,0,0,1,1,0
22311,466,41550,2,31,13,11,0,6,0,2,0,21,0.1,0,0,0,0,0,0,0,0,0,0,7,13,13
22312,10,652701,2,5,1,2,0,1,0,0,0,3,0.033333333,0,0,0,0,0,0,0,0,0,0,4,5,0
22334,18,208752,2,17,8,4,0,2,1,1,1,24,0.033333333,0,0,17,0,0,0,0,0,0,0,10,17,0
22339,372,38356,3,1,1,0,0,0,0,0,0,65,0.033333333,0,0,0,0,0,0,0,0,0,0,1,1,0
22345,64,41550,1,64,8,19,0,16,5,21,8,21,0.066666667,0,0,0,0,0,0,0,5,0,0,24,59,0
22355,14,41550,1,14,4,5,0,1,1,3,2,21,0.033333333,0,0,0,0,0,0,0,0,0,0,9,14,0
22360,21,652701,1,21,5,7,0,3,1,0,0,3,0.033333333,0,0,0,0,0,0,0,0,0,0,7,21,0
22368,25,652701,2,6,3,2,0,1,0,0,0,3,0.066666667,0,0,0,0,0,0,0,0,0,0,4,2,0
22377,18,652701,1,18,6,7,0,3,0,0,0,3,0.033333333,0,0,0,0,0,0,0,0,0,0,8,18,0
22384,267,221833,4,96,34,8,0,5,47,4,1,58,0.233333333,0,0,0,0,25,0,0,0,0,0,14,60,23
22385,777,221833,4,308,8,74,33,56,25,125,22,58,0.1,0,102,0,0,0,0,0,0,0,0,43,23,102
22391,2781,652701,13,213,28,67,6,49,31,28,21,3,0.3,0,0,22,0,92,6,0,0,0,0,31,54,8
22397,26,652701,1,26,9,8,0,3,1,0,0,3,0.033333333,0,0,0,0,0,0,0,0,0,0,8,26,0
22411,105,652701,1,105,15,30,12,19,6,0,0,3,0.266666667,0,50,0,0,0,0,0,0,0,0,16,20,1
22437,28,652701,3,26,7,4,1,2,4,0,0,3,0.066666667,0,0,0,0,0,0,0,0,0,0,10,22,4
22441,5,221833,1,5,5,0,0,0,0,0,0,58,0.066666667,0,0,0,0,0,0,0,0,0,0,2,3,2
22442,151,652701,1,151,30,42,2,28,25,0,0,3,0.333333333,0,0,0,0,0,0,0,0,0,0,17,32,33
22444,144,652701,1,144,47,44,1,17,17,0,0,3,0.266666667,7,0,0,0,0,0,0,0,0,0,14,66,16
22459,51,652701,2,39,7,15,0,7,0,0,0,3,0.066666667,0,0,0,0,0,0,0,0,0,0,6,38,0
22460,51,41550,2,12,2,8,0,2,0,7,0,21,0.033333333,0,0,0,0,0,0,0,0,0,0,9,12,0
22465,103,652701,1,103,14,14,17,6,23,0,0,3,0.066666667,0,0,0,0,0,0,0,0,0,0,9,95,0
22473,21,156596,1,21,8,2,0,1,5,1,0,224,0.033333333,0,0,0,0,0,0,0,0,0,0,8,21,0
22481,299,41550,6,1,1,0,0,0,0,0,0,21,0.033333333,0,0,0,0,0,0,0,0,0,0,1,1,0
22485,914,652701,6,141,16,39,5,31,6,0,0,3,0.233333333,0,0,0,0,0,0,0,0,0,0,18,47,22
22489,124,652701,1,124,17,34,20,23,0,0,0,3,0.2,0,0,0,0,0,0,0,0,0,0,16,13,0
22491,527,652701,2,241,26,41,15,28,74,0,0,3,0.233333333,0,0,0,0,0,0,0,0,0,0,16,110,9
22508,153,41550,4,17,2,9,0,6,0,6,0,21,0.033333333,0,0,0,0,0,0,0,0,0,0,8,17,0
22517,14,41550,1,14,5,4,0,4,0,4,1,21,0.033333333,0,0,0,0,0,0,0,0,0,0,8,14,0
22524,31,652701,2,11,2,4,0,3,0,3,2,3,0.066666667,0,0,0,0,0,10,0,0,0,0,6,1,0
22560,538,652701,2,521,85,188,48,91,55,30,4,3,0.333333333,0,0,88,0,0,0,0,0,25,0,24,261,233
22562,162,41550,4,66,5,12,0,10,35,10,2,21,0.066666667,0,0,0,0,0,0,0,0,0,0,14,34,32
22567,123,652701,7,55,9,19,0,11,11,0,0,3,0.233333333,0,0,0,0,0,0,0,0,0,0,8,29,0
22588,55,221833,2,1,1,0,0,0,0,0,0,58,0.033333333,0,0,0,0,0,0,0,0,0,0,1,1,0
22589,384,652701,4,125,20,31,12,16,12,1,0,3,0.333333333,0,0,0,0,6,0,0,0,0,0,17,72,17
22592,62,652701,1,62,18,9,8,6,0,0,0,3,0.066666667,0,0,0,0,0,0,0,0,0,0,10,57,0
22604,46,652701,1,46,13,13,0,4,7,0,0,3,0.1,0,0,0,0,0,0,0,0,0,0,9,18,15
22609,40,148039,2,39,3,12,9,7,0,13,1,18,0.066666667,0,0,0,0,0,0,0,0,0,0,15,19,0
22610,33,652701,1,33,8,5,9,3,0,0,0,3,0.066666667,0,0,0,0,0,0,0,0,0,0,10,25,0
22617,13,652701,2,1,1,0,0,0,0,0,0,3,0.033333333,0,0,0,0,0,0,0,0,0,0,1,1,0
22622,22,148039,1,22,2,4,2,3,0,9,4,18,0.033333333,0,0,0,0,0,0,0,0,0,0,10,22,0
22625,3,652701,1,3,1,2,0,0,0,0,0,3,0.033333333,0,0,0,0,0,0,0,0,0,0,3,3,0
22635,9,221833,1,9,2,3,0,2,0,2,2,58,0.033333333,0,0,0,0,0,0,0,0,0,0,7,9,0
22636,471,652701,6,62,12,18,10,13,0,7,3,3,0.133333333,0,0,30,0,0,0,0,0,0,0,15,54,0
22642,11,110497,1,11,2,6,0,0,1,6,0,24,0.033333333,0,0,0,0,0,0,0,0,0,0,6,11,0
22645,199,110497,3,156,18,75,0,42,0,49,18,24,0.266666667,0,19,0,0,0,0,0,0,34,16,31,18,21
22656,202,346877,1,202,23,107,16,9,1,106,4,9,0.366666667,0,6,0,19,0,0,0,0,0,30,41,78,58
22657,11,188602,1,11,5,2,0,1,1,1,1,96,0.033333333,0,0,0,0,0,0,0,0,0,0,8,11,0
22658,130,127749,3,108,3,16,54,14,0,14,12,102,0.066666667,0,0,0,0,0,0,0,0,0,0,42,5,103
22659,624,261579,3,216,10,81,7,72,37,61,0,5,0.4,0,0,16,0,4,13,0,0,0,0,46,20,27
22681,254,261579,4,220,15,76,13,60,10,53,41,5,0.333333333,0,0,0,0,8,11,26,0,0,0,80,52,34
22685,941,250865,1,941,67,230,171,27,118,361,28,34,0.5,37,0,0,16,17,0,45,46,78,0,81,62,272
22688,91,346877,1,91,10,29,18,17,5,22,6,9,0.166666667,0,0,4,0,0,0,0,0,0,0,29,78,4
22689,1740,261579,3,433,51,153,16,62,122,90,15,5,0.5,0,28,0,0,2,135,0,1,37,0,66,69,79
22690,1740,260769,3,1054,75,308,73,204,83,296,117,0,0.566666667,16,0,148,0,0,75,0,0,26,0,98,183,246
22704,1003,399092,5,85,20,22,13,14,2,14,5,101,0.2,0,23,0,22,0,8,0,0,0,0,21,9,31
22705,41,85576,2,29,2,7,6,5,0,11,3,54,0.066666667,0,0,0,0,0,0,0,0,0,0,9,26,3
22706,41,127749,2,12,3,6,0,3,0,3,0,102,0.1,0,0,0,0,0,0,0,0,0,0,6,4,0
22707,26,334927,1,26,6,11,0,5,0,8,4,7,0.033333333,0,0,0,0,0,0,0,0,0,0,10,26,0
22720,306,346877,4,58,5,16,15,9,3,18,0,9,0.133333333,0,0,0,0,0,0,0,0,0,2,15,32,13
22731,228,457932,7,69,11,37,7,3,3,35,2,21,0.1,0,0,0,0,0,0,0,0,25,0,38,38,0
22732,208,247683,1,208,20,70,20,55,17,52,22,23,0.233333333,0,0,22,0,0,0,52,0,0,0,71,3,28
22733,395,127749,2,137,22,19,55,18,1,19,14,102,0.133333333,0,0,0,0,0,0,0,0,0,0,45,13,120
22740,860,260769,3,486,26,156,66,102,0,150,64,0,0.4,0,4,0,0,0,0,0,0,5,0,67,47,67
22743,40,260769,1,40,5,15,0,10,0,13,8,0,0.1,0,0,0,0,0,0,0,0,0,0,22,2,18
22748,138,250865,3,77,8,28,0,15,1,25,9,34,0.266666667,0,0,2,0,0,0,13,8,0,0,7,11,0
22749,19,261579,1,19,9,4,0,3,0,3,3,5,0.133333333,0,0,0,0,15,2,0,1,1,0,9,15,2
22752,31,260769,2,13,2,3,0,2,0,4,2,0,0.033333333,0,0,0,0,0,0,0,0,0,0,7,13,0
22758,73,334927,4,24,4,17,0,2,0,14,1,7,0.066666667,0,0,0,0,0,0,0,0,0,0,13,13,11
22765,146,188602,2,138,17,33,35,25,2,26,10,96,0.166666667,0,0,0,0,108,7,0,0,19,0,37,1,0
22769,486,334927,3,371,55,97,25,69,63,63,40,7,0.4,0,0,21,105,0,0,14,0,9,0,55,59,123
22792,750,334927,5,48,3,12,3,10,10,11,7,7,0.066666667,0,0,0,0,0,0,0,0,0,0,19,31,17
22798,63,110497,1,63,7,20,0,12,1,26,9,24,0.033333333,0,0,0,0,0,0,0,0,0,0,15,63,0
22802,800,188602,4,1,1,0,0,0,0,0,0,96,0.033333333,0,0,0,0,0,0,0,0,0,0,1,1,0
22803,800,42723,4,2,2,0,0,0,0,0,0,6,0.066666667,0,0,0,0,0,0,0,0,0,0,1,1,1
22805,62,127749,7,9,1,6,0,1,0,5,1,102,0.033333333,0,0,0,0,0,0,0,0,0,0,7,9,0
22811,268,260769,1,268,26,86,23,35,52,72,15,0,0.2,4,14,0,0,0,0,0,0,0,0,38,67,112
22831,281,250865,2,219,15,61,29,41,6,88,18,34,0.266666667,0,0,0,2,0,68,8,0,0,1,28,101,28
22832,68,46603,1,68,14,14,8,13,4,14,11,5,0.066666667,0,0,0,0,0,0,0,0,0,0,32,40,28
22837,374,247683,1,374,35,125,41,103,21,85,47,23,0.3,0,8,0,0,0,0,0,0,53,36,94,259,44
22845,451,247683,1,451,45,144,38,97,81,85,39,23,0.5,1,0,55,4,0,16,16,0,0,32,73,64,202
22868,1881,261579,5,426,37,177,7,92,63,140,41,5,0.6,0,25,6,16,0,34,0,0,7,50,78,65,99
22870,1881,247683,5,191,17,85,20,53,0,66,15,23,0.4,0,0,0,11,0,0,0,2,0,0,52,87,7
22871,45,260769,2,31,2,9,0,1,0,17,1,0,0.033333333,0,0,0,0,0,0,0,0,0,0,9,31,0
22883,78,334927,5,1,1,0,0,0,0,0,0,7,0.033333333,0,0,0,0,0,0,0,0,0,0,1,1,0
22884,2501,457932,16,163,22,84,43,5,1,55,4,21,0.466666667,13,0,21,0,0,12,0,0,4,0,53,40,32
22889,59,85168,1,59,14,34,0,2,2,25,2,139,0.133333333,0,0,0,0,0,0,0,0,0,0,23,12,10
22893,103,346877,4,38,5,27,3,2,0,20,1,9,0.1,0,0,0,0,0,0,0,0,18,0,18,15,0
22896,1931,127749,3,572,51,173,189,77,0,116,43,102,0.466666667,13,20,0,0,0,0,0,0,0,0,101,47,124
22917,201,85168,3,117,4,27,46,3,0,39,1,139,0.1,0,0,0,0,0,0,0,0,0,0,26,6,0
22920,28,457932,2,1,1,0,0,0,0,0,0,21,0.033333333,0,0,0,0,0,0,0,0,0,0,1,1,0
22927,46,457932,4,16,3,6,4,1,0,5,1,21,0.066666667,0,0,0,0,0,0,0,0,0,0,8,2,0
22939,168,127749,11,20,5,8,0,4,0,5,3,102,0.066666667,0,0,0,0,0,0,0,0,0,0,12,9,11
22945,174,250865,3,126,5,41,20,2,11,64,4,34,0.133333333,0,0,0,0,0,0,0,0,0,0,19,62,22
22966,20,260769,1,20,5,5,0,3,0,4,2,0,0.033333333,0,0,0,0,0,0,0,0,0,0,8,20,0
22969,2082,127749,15,82,11,42,0,17,0,33,10,102,0.1,0,0,0,0,0,0,0,0,0,0,27,55,0
22970,2082,85576,15,402,27,82,112,33,104,64,17,54,0.266666667,0,1,0,0,0,0,0,0,0,0,49,79,143
22981,177,260769,1,177,15,37,58,30,2,29,22,0,0.1,0,0,0,0,0,0,0,0,0,0,63,19,0
22982,909,399092,2,908,109,188,136,47,270,173,19,101,0.666666667,9,82,46,2,0,21,71,169,8,0,82,59,53
23006,8067,127749,15,496,37,98,137,53,107,78,17,102,0.266666667,0,36,0,0,0,0,0,0,0,0,81,68,0
23020,8067,46603,15,106,11,46,0,22,9,36,16,5,0.2,5,0,0,0,0,0,0,0,0,0,40,34,5
23029,8067,42723,15,216,17,89,0,30,1,107,14,6,0.3,5,1,0,0,0,0,0,0,0,0,35,127,0
23034,284,260769,6,16,7,8,0,1,0,3,0,0,0.066666667,0,0,0,0,0,0,0,0,0,0,7,10,6
23048,11,334927,1,11,2,5,0,3,0,5,0,7,0.033333333,0,0,0,0,0,0,0,0,0,0,6,11,0
23065,107,188602,4,9,5,2,0,1,1,1,0,96,0.1,0,0,0,0,0,0,0,5,2,0,4,2,5
23073,219,346877,5,179,12,32,34,2,67,45,5,9,0.166666667,0,0,0,0,0,0,0,11,6,0,32,160,12
23078,24,42723,1,24,12,8,0,1,0,3,1,6,0.033333333,0,0,0,0,0,0,0,0,0,0,11,24,0
23083,1062,260769,2,586,39,198,134,35,29,244,5,0,0.4,0,0,46,70,77,0,0,0,37,0,83,146,87
23087,580,502584,5,189,18,57,0,37,6,53,24,143,0.2,0,0,0,0,0,0,0,0,0,0,34,5,38
23091,262,85168,1,262,32,57,96,29,8,36,13,139,0.2,0,0,0,0,0,0,93,0,0,0,66,56,0
23115,92,334927,2,69,9,18,9,14,7,11,9,7,0.066666667,0,0,0,0,0,0,0,0,0,0,27,48,21
23130,332,127749,4,197,14,14,113,8,21,13,2,102,0.066666667,0,0,0,0,0,0,0,0,0,0,50,195,0
23133,421,247683,1,421,22,187,30,140,1,157,38,23,0.333333333,0,0,0,0,0,0,9,0,75,26,96,35,57
23134,45,457932,1,45,11,13,3,2,5,8,2,21,0.166666667,8,0,0,0,0,0,0,0,0,0,13,13,15
23146,43,250865,2,1,1,0,0,0,0,0,0,34,0.033333333,0,0,0,0,0,0,0,0,0,0,1,1,0
23157,119,457932,4,26,2,9,4,6,0,6,4,21,0.066666667,0,0,0,0,0,0,0,0,0,0,14,17,9
23175,108,457932,3,49,5,18,4,14,0,10,8,21,0.1,0,0,0,0,0,4,0,0,0,0,18,35,10
23180,12,399092,1,12,3,7,0,2,0,6,0,101,0.066666667,0,9,0,0,0,0,0,0,0,0,5,9,3
23189,66,85576,2,5,1,2,0,1,0,1,1,54,0.033333333,0,0,0,0,0,0,0,0,0,0,4,5,0
23193,118,250865,3,6,1,3,0,1,0,3,0,34,0.033333333,0,0,0,0,0,0,0,0,0,0,4,6,0
23195,219,260769,1,219,23,50,38,40,6,55,22,0,0.233333333,0,0,0,0,0,8,0,0,0,0,64,102,6
23210,82,457932,1,82,3,27,17,19,0,23,16,21,0.166666667,0,0,15,0,0,0,0,0,0,4,20,51,19
23223,872,261579,7,514,44,112,20,80,206,59,41,5,0.533333333,15,63,0,0,11,43,9,20,0,0,67,41,107
23235,1,457932,1,1,1,0,0,0,0,0,0,21,0.033333333,0,0,0,0,0,0,0,0,0,0,1,1,0
23247,1186,140022,7,133,21,45,17,21,8,44,5,232,0.166666667,0,0,0,0,0,0,0,0,0,0,19,29,10
23254,49,85168,1,49,13,21,0,7,1,12,6,139,0.1,0,0,0,0,0,0,0,0,0,0,20,24,0
23255,413,346877,3,61,7,25,16,4,0,23,1,9,0.166666667,0,0,4,0,0,0,0,0,0,6,22,1,0
23257,85,457932,1,85,5,28,20,18,0,19,13,21,0.1,0,0,0,0,0,0,0,0,3,0,27,78,0
23258,359,188602,3,232,9,65,42,54,6,53,43,96,0.233333333,0,48,0,0,4,0,0,0,68,0,67,82,0
23260,72,502584,3,67,12,52,0,1,1,32,1,143,0.1,0,0,0,0,0,0,0,0,0,0,16,45,0
23269,301,457932,2,300,44,71,48,55,28,51,39,21,0.333333333,0,0,0,0,31,0,0,36,0,0,81,108,0
23275,202,247683,1,202,17,64,25,57,5,56,27,23,0.2,0,0,0,0,16,22,0,0,0,23,78,73,16
23283,72,334927,3,4,2,2,0,0,0,1,0,7,0.033333333,0,0,0,0,0,0,0,0,0,0,4,4,0
23284,1,46603,1,1,1,0,0,0,0,0,0,5,0.033333333,0,0,0,0,0,0,0,0,0,0,1,1,0
23286,66,334927,2,16,2,10,3,0,0,9,0,7,0.033333333,0,0,0,0,0,0,0,0,0,0,12,16,0
23288,388,127749,6,11,2,4,0,3,0,3,2,102,0.033333333,0,0,0,0,0,0,0,0,0,0,7,11,0
23290,1955,260769,6,184,11,57,13,46,7,49,27,0,0.166666667,0,0,4,0,0,0,0,0,5,0,39,17,0
23308,109,85168,2,1,1,0,0,0,0,0,0,139,0.033333333,0,0,0,0,0,0,0,0,0,0,1,1,0
23314,15,140022,1,15,2,6,2,1,0,7,0,232,0.033333333,0,0,0,0,0,0,0,0,0,0,9,15,0
23325,306,261579,2,180,29,122,8,7,5,87,6,5,0.366666667,33,0,0,27,16,10,7,18,0,0,62,14,27
23339,37,457932,1,37,9,8,3,6,2,6,4,21,0.033333333,0,0,0,0,0,0,0,0,0,0,17,37,0
23340,2272,250865,8,542,32,130,112,88,9,187,24,34,0.4,0,0,27,43,0,0,0,8,118,0,82,258,146
23343,27,334927,2,26,8,7,0,5,0,4,4,7,0.1,0,0,0,0,0,0,0,0,0,0,14,15,4
23345,180,457932,1,180,22,58,21,43,8,38,25,21,0.333333333,0,23,0,0,0,0,0,0,0,0,54,30,5
23369,229,140022,1,229,7,31,65,24,0,83,13,232,0.066666667,0,0,0,0,0,0,0,0,0,0,47,65,0
23371,72,46603,3,35,9,20,0,2,1,11,2,5,0.1,0,0,0,0,0,0,0,0,0,0,12,1,34
23398,592,261579,4,371,29,126,15,96,44,74,56,5,0.366666667,0,0,0,22,22,33,0,0,35,39,103,80,18
23399,429,346877,3,191,25,49,28,33,23,38,17,9,0.333333333,0,33,0,0,9,0,0,0,49,11,49,71,1
23412,6,502584,2,1,1,0,0,0,0,0,0,143,0.033333333,0,0,0,0,0,0,0,0,0,0,1,1,0
23420,2082,260769,15,48,5,21,0,9,5,17,6,0,0.033333333,0,0,0,0,0,0,0,0,0,0,20,48,0
23424,3,250865,1,3,2,0,0,0,1,0,0,34,0.033333333,0,0,0,0,0,0,0,0,0,0,3,3,0
23438,25,250865,1,25,6,9,0,2,0,10,2,34,0.066666667,0,0,0,0,0,0,0,0,0,0,12,9,0
23452,297,85168,3,51,2,19,26,1,0,16,1,139,0.066666667,0,0,0,0,0,0,0,0,0,0,14,6,0
23459,23,334927,2,17,2,9,0,2,0,10,2,7,0.033333333,0,0,0,0,0,0,0,0,0,0,8,17,0
23465,565,457932,3,107,5,32,20,28,0,25,20,21,0.066666667,0,0,0,0,0,0,51,0,0,0,52,56,0
23511,67,457932,2,66,14,15,12,13,5,11,4,21,0.1,0,0,0,0,0,0,21,0,0,0,22,2,0
23519,167,127749,1,167,24,24,71,17,1,13,10,102,0.066666667,0,0,0,0,0,0,0,0,0,0,46,43,124
23527,173,46603,3,143,8,51,6,28,33,38,16,5,0.1,0,0,0,0,0,0,0,0,0,0,32,75,40
23533,714,334927,5,60,7,35,8,3,1,20,2,7,0.033333333,0,0,0,0,0,0,0,0,0,0,15,60,0
23542,412,346877,3,216,21,51,50,42,0,65,18,9,0.266666667,40,5,45,0,0,0,0,5,0,0,45,99,48
23543,171,261579,1,171,16,54,12,43,20,38,21,5,0.233333333,0,32,0,0,0,35,0,0,0,0,39,57,0
23556,126,457932,3,34,2,16,5,7,0,13,4,21,0.033333333,0,0,0,0,0,0,0,0,0,0,17,34,0
23559,34,110497,1,34,4,12,0,7,0,9,5,24,0.1,0,0,0,0,0,0,0,0,0,0,8,23,0
23563,1,260769,1,1,1,0,0,0,0,0,0,0,0.033333333,0,0,0,0,0,0,0,0,0,0,1,1,0
23566,1012,250865,3,377,29,69,73,46,75,83,12,34,0.2,0,0,0,0,0,0,0,0,0,0,39,228,0
23587,572,140022,10,143,10,44,30,18,1,57,8,232,0.166666667,0,0,0,0,0,46,0,0,0,0,34,79,11
23588,411,86829,8,1,1,0,0,0,0,0,0,63,0.033333333,0,0,0,0,0,0,0,0,0,0,1,1,0
23591,563,502584,1,563,37,78,142,53,70,160,25,143,0.2,0,0,0,0,0,0,0,16,0,0,98,239,0
23600,643,261579,5,525,65,236,0,149,0,107,74,5,0.6,8,16,18,29,30,7,0,0,45,30,87,107,119
23611,325,247683,5,1,1,0,0,0,0,0,0,23,0.033333333,0,0,0,0,0,0,0,0,0,0,1,1,0
23615,204,260769,3,122,8,29,44,6,18,26,5,0,0.1,0,0,0,0,0,0,0,0,0,0,28,96,26
23624,939,260769,3,514,49,184,133,10,29,179,13,0,0.266666667,0,0,0,0,0,191,0,0,59,0,88,85,14
23633,122,346877,1,122,19,34,3,21,34,15,8,9,0.333333333,0,0,0,0,0,0,0,0,0,0,28,46,17
23653,55,334927,2,11,7,1,0,1,0,1,1,7,0.066666667,0,0,0,0,0,0,0,0,0,0,7,4,7
23658,175,188602,2,65,25,13,0,9,2,12,3,96,0.133333333,0,0,0,0,0,0,6,0,0,0,11,3,0
23662,52,334927,1,52,10,11,0,0,26,4,0,7,0.066666667,0,0,0,0,0,0,0,0,0,0,10,34,0
23668,306,457932,3,147,14,66,4,36,0,51,26,21,0.2,0,48,0,29,0,0,0,0,0,0,40,1,49
23684,81,334927,4,12,3,5,0,2,0,4,2,7,0.066666667,10,0,0,0,0,0,0,0,0,0,6,12,0
23707,821,250865,15,249,13,126,0,34,6,179,2,34,0.2,0,0,0,0,20,0,0,0,0,0,15,176,26
23710,593,127749,3,44,10,19,0,9,0,8,6,102,0.266666667,0,0,0,0,0,0,0,0,0,0,14,6,13
23716,13,346877,2,4,2,2,0,0,0,1,0,9,0.033333333,0,0,0,0,0,0,0,0,0,0,4,4,0
23722,4,110497,3,2,2,0,0,0,0,0,0,24,0.066666667,0,0,0,0,0,0,0,0,0,0,1,1,0
23723,51,346877,2,34,9,14,0,7,0,7,4,9,0.1,0,0,8,0,0,0,0,0,0,0,10,7,0
23736,73,188602,4,1,1,0,0,0,0,0,0,96,0.033333333,0,0,0,0,0,0,0,0,0,0,1,1,0
23740,4324,346877,21,144,16,39,20,28,14,38,6,9,0.3,0,0,16,0,0,0,0,5,0,0,35,55,31
23744,553,399092,3,33,10,10,0,8,1,7,2,101,0.033333333,0,33,0,0,0,0,0,0,0,0,15,33,0
23758,592,260769,4,14,2,6,0,4,0,3,2,0,0.066666667,0,0,0,0,0,0,0,0,0,0,6,5,0
23771,16,85576,1,16,4,11,0,0,0,5,0,54,0.033333333,0,0,0,0,0,0,0,0,0,0,6,16,0
23783,74,502584,6,4,2,2,0,0,0,1,0,143,0.033333333,0,0,0,0,0,0,0,0,0,0,4,4,0
23799,284,250865,1,284,14,60,96,3,4,130,2,34,0.166666667,0,96,4,0,0,0,0,0,0,0,44,71,0
23809,332,457932,2,72,9,30,5,11,8,21,6,21,0.066666667,0,0,0,0,0,0,0,0,0,0,19,68,0
23812,264,127749,2,94,6,13,56,8,0,9,0,102,0.1,0,0,0,0,0,0,0,0,0,0,29,78,5
23816,53,334927,1,53,5,17,3,16,0,15,11,7,0.1,0,0,0,0,0,0,0,0,0,0,21,38,0
23823,63,260769,1,63,6,19,0,17,2,17,16,0,0.1,0,0,0,0,0,0,0,0,0,0,12,60,2
23833,117,250865,2,107,3,17,18,14,2,47,6,34,0.1,0,0,0,0,0,0,0,0,0,0,18,59,44
23835,117,334927,2,10,1,4,0,3,0,3,2,7,0.033333333,0,0,0,0,0,0,0,0,0,0,5,10,0
23849,61,399092,1,61,14,33,0,9,0,22,5,101,0.233333333,19,2,0,0,0,0,0,0,0,6,20,8,6
23863,106,85576,4,66,16,19,5,3,9,13,4,54,0.1,0,0,0,0,0,0,0,0,0,0,14,8,0
23876,420,502584,5,1,1,0,0,0,0,0,0,143,0.033333333,0,0,0,0,0,0,0,0,0,0,1,1,0
23881,73,250865,1,73,15,26,5,8,6,15,3,34,0.133333333,0,0,0,0,0,0,0,0,0,0,12,42,0
23882,162,110497,4,8,4,2,0,1,0,1,1,24,0.033333333,0,0,0,0,0,0,0,0,0,0,5,8,0
23891,940,127749,8,337,15,68,168,32,1,50,14,102,0.233333333,0,116,0,0,0,0,0,0,0,0,68,114,5
23893,162,346877,2,149,9,30,44,25,9,35,15,9,0.133333333,1,0,0,0,0,0,0,0,61,0,45,85,2
23894,242,457932,2,87,29,12,10,8,8,7,4,21,0.133333333,0,0,0,0,0,0,0,0,0,0,20,45,8
23895,2,346877,1,2,2,0,0,0,0,0,0,9,0.033333333,0,0,0,0,0,0,0,0,0,0,2,2,0
23902,820,42723,9,173,10,38,0,26,0,66,16,6,0.266666667,0,11,0,0,0,0,23,0,7,0,34,2,0
23903,192,247683,1,192,16,133,28,11,0,106,4,23,0.266666667,0,0,12,0,23,0,0,0,0,0,55,11,42
23927,1577,261579,5,16,7,0,0,0,9,0,0,5,0.133333333,0,0,0,0,0,7,0,7,0,0,3,1,0
23930,229,334927,3,150,20,31,7,25,12,20,15,7,0.066666667,0,0,0,0,0,0,0,0,0,0,23,40,0
23934,229,502584,3,1,1,0,0,0,0,0,0,143,0.033333333,0,0,0,0,0,0,0,0,0,0,1,1,0
23943,79,334927,1,79,12,24,6,19,3,15,12,7,0.1,0,0,0,0,0,0,0,0,0,0,32,61,0
23944,200,86829,4,138,16,32,27,25,17,26,15,63,0.2,0,0,0,0,0,0,0,0,1,0,39,77,24
23959,41,399092,2,13,7,4,0,2,0,0,0,101,0.033333333,0,13,0,0,0,0,0,0,0,0,4,13,0
23967,26,334927,2,12,2,3,0,2,3,2,2,7,0.033333333,0,0,0,0,0,0,0,0,0,0,7,12,0
23972,17,457932,1,17,2,4,4,3,0,4,2,21,0.033333333,0,0,0,0,0,0,0,0,0,0,9,17,0
23978,41,457932,2,28,4,10,4,5,0,7,3,21,0.066666667,0,0,0,0,0,0,0,0,0,0,10,21,0
23979,24,140022,3,22,4,4,2,3,0,6,3,232,0.033333333,0,0,0,0,0,0,0,0,0,0,10,22,0
23996,271,457932,7,93,6,29,18,21,6,22,11,21,0.066666667,0,0,0,0,0,0,0,0,7,0,28,86,0
23997,1672,502584,3,1283,57,338,262,167,50,501,50,143,0.633333333,0,45,54,93,4,0,0,40,104,44,150,242,118
24004,187,334927,2,8,3,5,0,0,0,2,0,7,0.033333333,0,0,0,0,0,0,0,0,0,0,5,8,0
24022,166,247683,1,166,16,81,21,25,7,66,14,23,0.3,0,0,42,0,0,0,0,3,0,0,59,68,50
24030,144,247683,1,144,16,46,20,42,0,41,20,23,0.166666667,26,0,0,0,0,0,0,44,0,0,68,74,44
24033,214,399092,2,1,1,0,0,0,0,0,0,101,0.033333333,0,1,0,0,0,0,0,0,0,0,1,1,0
24050,18,346877,1,18,2,7,0,5,0,4,4,9,0.033333333,0,0,0,0,0,0,0,0,0,0,9,18,0
24058,250,502584,2,247,19,60,64,43,10,80,16,143,0.2,0,0,0,15,0,2,0,0,0,0,64,14,2
24063,93,457932,3,76,16,22,4,15,6,13,11,21,0.1,0,0,0,0,0,0,0,0,0,0,24,51,10
24073,476,334927,3,81,8,32,18,19,0,13,0,7,0.233333333,0,29,0,8,9,0,0,0,0,0,16,10,29
24089,58,110497,2,47,5,15,0,12,0,15,7,24,0.133333333,0,0,0,0,0,0,0,0,0,0,15,9,0
24091,7,334927,1,7,1,4,0,1,0,2,1,7,0.033333333,0,0,0,0,0,0,0,0,0,0,4,7,0
24105,60,346877,2,44,25,10,0,5,0,3,2,9,0.033333333,0,0,0,0,0,0,0,0,0,0,11,44,0
24115,400,250865,1,400,30,81,79,63,47,110,28,34,0.266666667,0,0,0,0,0,0,0,0,0,0,43,94,100
24116,66,188602,1,66,16,23,0,13,8,8,5,96,0.066666667,0,0,0,0,0,0,0,0,0,0,15,39,0
24126,451,457932,1,451,41,130,50,102,40,102,77,21,0.433333333,1,23,0,0,0,157,0,0,13,62,101,197,27
24136,236,457932,3,45,2,19,5,10,0,14,7,21,0.033333333,0,0,0,0,0,0,0,0,0,0,18,45,0
24145,683,42723,10,118,21,36,0,23,0,31,11,6,0.233333333,6,0,0,0,0,0,0,0,0,0,24,58,0
24146,248,86829,3,132,25,37,13,31,0,29,16,63,0.2,36,0,0,9,0,0,0,0,0,0,33,8,0
24150,614,85576,3,460,26,97,189,22,54,90,10,54,0.433333333,0,48,21,25,15,12,68,11,0,0,70,46,15
24156,591,399092,2,590,37,100,86,79,23,234,27,101,0.2,246,13,0,0,0,0,0,174,40,0,63,273,58
24158,11,502584,1,11,3,2,0,1,1,3,1,143,0.066666667,0,0,0,0,0,0,0,0,0,0,5,10,0
24160,234,260769,3,129,7,22,51,18,4,24,12,0,0.066666667,0,0,0,0,0,0,0,0,0,0,42,68,0
24190,147,502584,2,111,23,23,11,17,7,20,13,143,0.2,14,0,0,0,0,0,0,33,13,28,27,14,0
24194,295,502584,1,295,8,34,106,21,1,116,12,143,0.033333333,0,0,0,0,0,0,0,0,0,0,75,295,0
24197,12,457932,3,1,1,0,0,0,0,0,0,21,0.033333333,0,0,0,0,0,0,0,0,0,0,1,1,0
24200,43,457932,4,2,2,0,0,0,0,0,0,21,0.033333333,0,0,0,0,0,0,0,0,0,0,2,2,0
24203,39,260769,1,39,1,10,0,8,0,16,8,0,0.033333333,0,0,0,0,0,0,0,0,0,0,12,39,0
24210,6,346877,1,6,2,2,0,1,0,1,1,9,0.033333333,0,0,0,0,0,0,0,0,0,0,4,6,0
24212,60,42723,2,16,4,6,0,3,0,3,3,6,0.033333333,0,0,0,0,0,0,0,0,0,0,8,16,0
24224,108,334927,1,108,20,46,20,4,8,35,3,7,0.233333333,0,5,0,0,0,0,0,0,0,0,26,10,5
24229,3,502584,1,3,3,0,0,0,0,0,0,143,0.066666667,0,0,0,0,0,0,0,0,0,0,2,2,0
24235,120,502584,1,120,10,34,30,5,4,37,4,143,0.233333333,0,0,0,0,0,0,1,0,0,0,18,76,8
24239,809,250865,9,79,4,16,22,3,4,27,1,34,0.066666667,0,0,0,0,0,0,0,0,0,0,17,71,0
24278,27,250865,1,27,14,8,0,3,0,8,2,34,0.1,0,0,0,0,0,0,0,0,0,0,6,9,10
24284,67,399092,4,56,16,17,0,10,7,6,4,101,0.233333333,0,1,0,0,0,10,0,16,4,0,14,5,11
24289,41,85576,2,6,2,2,0,1,0,1,1,54,0.033333333,0,0,0,0,0,0,0,0,0,0,5,6,0
24300,140,247683,1,140,11,42,20,39,6,39,19,23,0.133333333,0,0,0,0,0,0,41,0,0,0,69,64,75
24326,41,46603,4,13,5,3,0,2,1,2,1,5,0.033333333,0,0,0,0,0,0,0,0,0,0,9,13,0
24344,381,247683,13,37,4,2,0,1,29,1,1,23,0.066666667,0,0,0,0,0,0,0,0,0,0,5,27,0
24353,101,260769,3,52,17,14,0,8,7,5,4,0,0.033333333,0,0,0,0,0,0,0,0,0,0,11,52,0
24356,2,346877,1,2,2,0,0,0,0,0,0,9,0.033333333,0,0,0,0,0,0,0,0,0,0,1,2,0
24359,101,346877,3,34,8,10,7,5,0,6,1,9,0.033333333,0,0,0,0,0,0,0,0,0,0,10,34,0
24369,11,346877,2,3,3,0,0,0,0,0,0,9,0.033333333,0,0,0,0,0,0,0,0,0,0,1,3,0
24371,15,346877,1,15,6,5,0,1,1,2,1,9,0.066666667,0,0,0,0,0,0,0,0,0,0,8,7,0
24382,15,261579,1,15,5,7,0,2,0,6,1,5,0.066666667,0,0,0,0,0,7,0,0,0,0,9,8,0
24392,11,334927,2,8,3,4,0,0,1,2,0,7,0.033333333,0,0,0,0,0,0,0,0,0,0,5,8,0
24397,632,346877,4,127,9,30,25,18,2,54,8,9,0.166666667,0,0,0,0,0,0,0,0,0,0,31,6,70
24404,470,110497,7,7,3,2,0,1,0,1,1,24,0.033333333,0,0,0,0,0,0,0,0,0,0,5,7,0
24419,79,140022,1,79,7,6,48,0,2,11,0,232,0.033333333,0,0,0,0,0,0,0,0,0,0,33,79,0
24420,175,457932,1,175,20,57,57,10,6,58,12,21,0.166666667,0,47,0,0,0,0,62,0,0,0,63,1,0
24443,16,188602,1,16,3,8,0,3,0,5,2,96,0.1,0,0,0,0,0,0,0,0,0,0,7,3,0
24449,528,110497,7,71,11,17,2,2,28,18,0,24,0.166666667,0,0,0,0,0,0,0,0,0,0,11,1,4
24454,20,260769,1,20,3,7,0,5,0,6,2,0,0.066666667,0,0,0,0,0,0,0,0,0,0,8,11,9
24456,81,346877,2,75,13,13,11,10,2,23,5,9,0.066666667,0,0,0,0,0,0,0,0,0,0,19,55,0
24469,1773,188602,5,596,43,112,166,91,16,143,50,96,0.5,0,126,91,20,63,0,0,0,0,0,122,83,202
24479,57,457932,3,54,12,20,4,2,15,6,1,21,0.233333333,0,0,3,3,0,0,0,0,0,0,10,5,3
24485,53,457932,1,53,8,19,5,7,8,6,4,21,0.1,0,0,0,0,0,0,0,0,0,0,13,52,1
24493,11,260769,1,11,2,6,0,1,0,6,0,0,0.066666667,0,0,0,0,0,0,0,0,0,0,7,8,3
24502,832,261579,6,224,16,152,8,24,0,112,19,5,0.3,0,0,12,0,10,27,0,0,0,15,64,36,63
24507,821,140022,15,4,4,0,0,0,0,0,0,232,0.066666667,0,0,0,0,0,0,0,0,0,0,2,2,0
24510,55,260769,5,24,6,8,2,1,4,8,0,0,0.033333333,0,0,0,0,0,0,0,0,0,0,12,24,0
24528,206,110497,4,163,8,33,3,24,66,31,14,24,0.133333333,105,0,0,0,0,0,0,0,0,0,23,34,24
24531,14,110497,1,14,3,3,0,2,4,2,2,24,0.033333333,0,0,0,0,0,0,0,0,0,0,7,14,0
24534,1739,457932,4,104,12,37,9,27,2,22,16,21,0.2,0,0,0,0,0,0,10,0,0,0,29,36,4
24551,579,85168,2,428,19,126,162,58,0,89,39,139,0.366666667,0,0,0,0,0,0,3,5,147,0,86,154,10
24557,9,502584,1,9,3,2,0,1,2,1,1,143,0.033333333,0,0,0,0,0,0,0,0,0,0,5,9,0
24569,65,127749,4,23,6,11,0,4,0,6,2,102,0.133333333,0,0,0,0,0,0,0,0,5,0,9,9,0
24577,3,334927,1,3,3,0,0,0,0,0,0,7,0.033333333,0,0,0,0,0,0,0,0,0,0,3,3,0
24592,268,502584,1,268,59,102,6,63,1,47,33,143,0.433333333,0,0,0,0,0,0,0,12,0,0,51,79,23
24595,1,502584,1,1,1,0,0,0,0,0,0,143,0.033333333,0,0,0,0,0,0,0,0,0,0,1,1,0
24618,805,878119,3,797,79,66,29,53,529,53,17,20,0.233333333,0,0,0,0,0,0,0,35,0,0,63,363,257
24619,280,148500,3,139,15,31,28,17,9,37,14,29,0.133333333,0,0,0,0,0,0,0,0,0,0,38,1,28
24622,57,457932,2,30,9,9,6,2,0,11,2,21,0.166666667,0,2,0,12,2,0,0,0,0,0,15,8,0
24626,233,878119,3,209,28,120,10,29,0,100,17,20,0.233333333,0,31,0,0,0,0,41,0,6,0,58,34,38
24632,1179,85576,11,4,4,0,0,0,0,0,0,54,0.066666667,0,0,0,0,0,2,0,0,0,0,2,4,0
24634,83,247683,3,66,15,19,12,12,0,21,4,23,0.166666667,0,0,0,0,0,15,0,0,0,0,26,7,0
24640,815,127749,2,814,19,203,189,142,139,135,79,102,0.333333333,98,156,7,12,10,9,0,0,0,0,104,156,108
24646,110,878119,2,109,16,58,11,5,9,41,1,20,0.233333333,0,6,5,0,0,0,0,0,0,0,30,65,15
24647,34,346877,1,34,1,22,9,0,0,21,0,9,0.1,0,0,0,0,6,4,0,24,0,0,12,6,4
24665,196,878119,1,196,33,90,20,22,12,73,11,20,0.366666667,0,17,0,16,2,0,0,0,0,0,49,15,40
24699,202,334927,3,57,3,30,20,0,0,29,0,7,0.066666667,42,0,0,0,0,0,0,0,0,0,17,15,42
24705,20,21560,2,3,2,1,0,0,0,1,0,9,0.033333333,0,0,0,0,0,0,0,0,0,0,3,3,0
24714,11,250865,2,10,3,7,0,0,0,6,0,34,0.166666667,0,0,2,2,1,2,0,0,0,0,3,3,2
24724,1,247683,1,1,1,0,0,0,0,0,0,23,0.033333333,0,0,0,0,0,1,0,0,0,0,1,1,0
24731,120,110497,2,13,4,7,0,1,0,6,1,24,0.066666667,0,0,0,0,0,1,0,0,0,0,8,12,0
24734,120,878119,2,107,25,51,6,1,11,37,1,20,0.133333333,0,0,0,0,0,0,0,0,0,0,29,73,0
24740,125,878119,2,82,10,26,8,21,1,21,13,20,0.1,0,0,0,0,0,0,0,0,0,0,33,50,31
24741,567,457932,2,317,31,172,57,13,3,130,11,21,0.333333333,0,0,1,17,63,0,50,0,26,0,53,104,0
24749,12,878119,1,12,2,5,0,4,0,4,1,20,0.033333333,0,0,0,0,0,0,0,0,0,0,7,12,0
24754,1059,878119,7,174,39,79,5,30,1,79,16,20,0.333333333,0,46,45,0,0,0,0,0,0,0,41,62,19
24770,87,148500,1,87,9,29,14,17,0,19,10,29,0.166666667,0,0,0,0,0,0,0,0,0,0,20,18,3
24790,423,457932,1,423,39,222,36,44,34,167,35,21,0.466666667,12,16,23,61,22,27,10,0,0,0,76,51,43
24796,196,346877,2,117,15,29,40,1,15,27,0,9,0.166666667,0,0,0,0,0,0,24,0,0,0,33,13,0
24797,36,878119,2,35,4,13,0,10,0,9,7,20,0.033333333,0,0,0,0,0,0,0,0,0,0,16,35,0
24799,496,457932,2,247,37,129,47,5,20,81,5,21,0.3,0,0,0,9,7,70,74,0,62,2,50,19,62
24803,195,457932,2,16,2,4,4,3,0,3,1,21,0.033333333,0,0,0,0,16,0,0,0,0,0,7,16,0
24807,298,247683,1,298,28,89,39,86,3,99,35,23,0.266666667,0,0,66,0,1,2,0,0,0,76,105,23,1
24813,48,110497,2,24,7,11,0,5,0,2,1,24,0.066666667,0,0,0,0,0,0,8,0,0,0,7,24,0
24830,1085,457932,14,220,27,80,12,59,3,43,38,21,0.566666667,5,4,4,44,10,7,1,0,7,7,44,24,33
24839,37,878119,2,29,5,20,0,2,0,13,2,20,0.1,11,0,0,0,0,0,0,0,0,0,12,5,13
24850,854,878119,2,47,12,17,5,11,0,6,1,20,0.133333333,0,0,0,0,0,0,0,0,0,0,15,20,0
24856,628,334927,3,125,11,55,15,27,3,38,10,7,0.233333333,24,0,0,0,0,0,0,0,0,1,34,63,13
24862,215,250865,1,215,23,46,32,31,32,50,6,34,0.066666667,0,0,0,99,0,0,0,0,0,0,24,116,0
24868,170,346877,1,170,14,56,29,37,0,41,17,9,0.2,0,0,0,0,9,41,45,47,7,21,49,9,41
24869,83,346877,4,6,2,2,0,1,0,1,1,9,0.033333333,0,0,0,0,0,0,6,0,0,0,5,6,0
24873,2,110497,1,2,2,0,0,0,0,0,0,24,0.033333333,0,0,0,0,0,0,2,0,0,0,2,2,0
24881,33,110497,4,11,7,1,0,1,0,1,1,24,0.033333333,0,0,0,0,0,0,11,0,0,0,7,11,0
24888,102,457932,2,82,7,43,17,5,1,32,4,21,0.2,0,0,0,0,20,0,13,4,0,0,27,21,13
24892,417,247683,4,216,24,109,8,62,4,70,5,23,0.266666667,0,0,0,0,0,9,0,54,12,0,47,119,6
24895,280,878119,2,279,55,145,20,1,39,104,9,20,0.333333333,4,0,72,0,0,0,0,0,0,0,49,35,140
24904,1006,250865,4,499,27,91,152,12,72,148,23,34,0.2,0,23,0,232,0,0,0,0,98,67,75,307,0
24905,303,878119,2,250,15,59,51,46,23,69,24,20,0.333333333,0,0,23,2,0,0,33,70,0,0,58,39,84
24908,2,878119,1,2,2,0,0,0,0,0,0,20,0.033333333,0,0,0,0,0,0,0,0,0,0,2,2,0
24918,66,878119,1,66,11,22,0,17,2,14,11,20,0.066666667,0,17,0,0,0,0,0,0,0,0,20,49,0
24936,323,42723,2,121,15,29,0,24,0,46,10,6,0.166666667,0,0,0,1,0,31,31,0,0,0,22,7,51
24966,123,188602,3,82,10,24,14,17,1,23,11,96,0.066666667,0,0,0,0,0,0,39,0,0,0,33,43,0
24970,64,878119,1,64,5,21,4,18,4,18,9,20,0.1,0,0,0,0,0,0,0,0,0,0,28,38,23
24971,426,260769,7,177,15,65,25,40,0,47,25,0,0.166666667,0,0,0,50,0,0,0,0,0,0,56,84,39
24973,574,27035,12,20,10,8,0,2,0,5,0,60,0.133333333,0,0,0,3,4,0,9,4,0,0,8,3,4
24979,574,457932,12,20,11,7,0,2,0,4,0,21,0.133333333,0,0,0,6,2,0,4,8,0,0,8,6,2
25012,899,457932,5,39,5,14,0,12,0,11,8,21,0.1,0,0,2,0,6,0,0,0,0,0,14,31,6
25017,87,878119,1,87,9,28,5,24,1,22,15,20,0.133333333,0,0,0,0,0,0,0,0,0,0,30,31,25
25020,614,34988,2,40,4,5,16,2,0,11,2,108,0.1,0,0,0,0,0,0,0,0,0,0,13,9,28
25031,133,878119,2,132,16,60,4,34,0,37,18,20,0.233333333,0,0,0,0,0,11,0,0,0,0,40,18,34
25041,309,878119,1,309,32,85,44,76,5,97,41,20,0.3,0,0,4,69,0,0,0,0,0,0,77,35,165
25074,338,878119,2,337,16,105,58,77,2,115,39,20,0.366666667,0,0,65,71,62,8,22,0,0,0,78,1,129
25075,511,148500,5,144,5,19,39,17,10,45,10,29,0.066666667,0,0,0,0,0,0,0,0,0,0,32,2,0
25097,61,250865,1,61,16,21,0,3,5,13,2,34,0.1,0,0,0,4,33,0,0,0,0,0,12,24,4
25110,1099,457932,5,337,24,98,47,65,43,57,36,21,0.233333333,0,73,37,0,40,0,0,0,0,19,76,82,142
25115,27,878119,2,18,9,7,0,1,0,2,0,20,0.066666667,0,0,0,0,0,0,0,0,0,0,6,18,0
25131,66,188602,1,66,7,24,8,17,0,18,6,96,0.033333333,0,0,0,0,0,0,66,0,0,0,18,66,0
25142,680,878119,2,366,16,100,57,86,18,108,57,20,0.3,10,120,4,0,0,0,0,68,0,0,78,62,181
25157,567,878119,2,250,36,165,13,18,0,97,16,20,0.566666667,0,0,30,4,0,4,5,7,0,0,59,16,26
25161,184,260769,2,178,16,50,65,4,1,57,3,0,0.2,0,0,0,14,0,0,5,0,0,0,41,29,0
25163,1711,457932,5,888,54,245,35,200,190,213,152,21,0.333333333,85,0,0,137,234,13,0,0,101,0,97,428,19
25179,60,346877,1,60,9,12,11,8,0,22,4,9,0.066666667,0,0,0,0,0,0,13,0,47,0,16,13,0
25189,110,127749,6,9,4,5,0,0,0,4,0,102,0.033333333,0,0,0,9,0,0,0,0,0,0,9,9,0
25214,141,878119,1,141,15,80,34,0,0,83,0,20,0.1,0,0,39,0,0,0,0,0,0,0,49,141,0
25217,111,260769,1,111,7,9,77,4,2,10,1,0,0.066666667,0,0,0,28,0,0,0,0,0,0,36,83,0
25227,2,34988,1,2,2,0,0,0,0,0,0,108,0.033333333,0,0,0,0,0,0,0,0,0,0,2,2,0
25248,181,250865,2,154,13,28,36,13,3,61,3,34,0.2,6,0,0,26,16,46,0,0,6,0,33,22,46
25250,2,43183,1,2,2,0,0,0,0,0,0,24,0.033333333,0,0,0,0,0,0,0,0,0,0,2,2,0
25258,3,34988,2,1,1,0,0,0,0,0,0,108,0.033333333,0,0,0,0,0,0,0,0,0,0,1,1,0
25283,168,878119,1,168,37,77,8,24,7,26,0,20,0.233333333,0,0,0,0,0,0,0,0,0,0,20,48,29
25298,201,346877,3,115,6,40,12,34,0,30,20,9,0.133333333,0,0,0,17,0,44,27,0,27,0,49,17,0
25302,34,878119,1,34,9,14,0,7,0,8,2,20,0.1,0,0,0,0,0,0,0,0,0,0,13,26,0
25303,1,34988,1,1,1,0,0,0,0,0,0,108,0.033333333,0,0,0,0,0,0,0,0,0,0,1,1,0
25328,411,247683,6,68,4,28,0,22,0,21,12,23,0.1,0,0,12,0,44,0,12,0,0,0,33,12,0
25330,160,346877,1,160,18,56,45,4,10,60,3,9,0.133333333,0,0,0,0,0,0,44,0,34,0,43,53,63
25331,2,878119,1,2,2,0,0,0,0,0,0,20,0.033333333,0,0,0,0,0,0,0,0,0,0,2,2,0
25332,157,46603,5,57,8,23,0,16,0,14,10,5,0.066666667,0,0,47,10,0,0,0,0,0,0,26,47,10
25339,326,878119,6,207,24,82,18,46,6,67,18,20,0.333333333,24,52,0,0,0,0,0,0,0,0,54,26,93
25344,673,457932,1,673,47,172,67,26,319,120,24,21,0.466666667,83,30,0,0,45,95,0,7,0,6,72,147,118
25350,25,878119,1,25,3,11,0,7,0,6,4,20,0.1,0,0,0,0,0,0,0,0,0,0,10,11,7
25351,390,334927,1,390,44,154,42,21,114,86,10,7,0.3,65,0,34,0,44,0,0,0,0,0,43,13,11
25361,33,334927,1,33,3,16,0,7,1,6,6,7,0.033333333,33,0,0,0,0,0,0,0,0,0,14,33,0
25383,67,250865,2,65,5,26,19,3,0,21,5,34,0.066666667,0,0,0,34,0,0,31,0,0,0,23,34,0
25384,451,42723,7,11,4,7,0,0,0,4,0,6,0.033333333,0,0,0,0,0,0,11,0,0,0,8,11,0
25385,245,260769,2,117,3,62,5,27,0,43,15,0,0.1,0,0,0,7,0,3,0,0,0,0,33,107,7
25396,87,334927,1,87,36,16,0,14,3,16,13,7,0.1,12,0,0,0,0,0,0,0,0,0,17,85,2
25401,157,346877,5,12,4,4,0,3,0,3,1,9,0.066666667,0,0,0,0,0,0,3,9,0,0,6,3,9
25406,843,85168,3,591,35,111,194,89,48,102,49,139,0.3,0,0,0,0,0,32,111,63,59,0,139,254,30
25418,41,110497,2,27,3,13,0,7,0,11,3,24,0.066666667,0,0,0,0,0,0,17,0,0,0,12,27,0
25419,77,878119,1,77,30,33,6,4,3,25,0,20,0.066666667,0,0,0,0,0,0,0,0,0,0,15,25,0
25422,177,878119,3,52,13,16,2,10,2,17,0,20,0.2,0,0,0,0,0,0,0,0,0,0,13,1,2
25429,3,334927,2,2,2,0,0,0,0,0,0,7,0.033333333,2,0,0,0,0,0,0,0,0,0,2,2,0
25436,3,334927,1,3,3,0,0,0,0,0,0,7,0.033333333,3,0,0,0,0,0,0,0,0,0,2,3,0
25454,243,457932,1,243,12,60,39,51,31,53,39,21,0.233333333,0,0,34,0,75,0,0,0,11,39,97,86,73
25469,1,334927,1,1,1,0,0,0,0,0,0,7,0.033333333,1,0,0,0,0,0,0,0,0,0,1,1,0
25471,47,127749,2,7,3,2,0,1,0,1,1,102,0.033333333,0,0,0,7,0,0,0,0,0,0,6,7,0
25472,2,878119,1,2,2,0,0,0,0,0,0,20,0.033333333,0,0,0,0,0,0,0,0,0,0,2,2,0
25479,4,878119,1,4,3,1,0,0,0,1,0,20,0.033333333,0,0,0,0,0,0,0,0,0,0,4,4,0
25480,209,188602,3,95,30,30,0,21,1,13,11,96,0.233333333,7,0,0,10,0,0,6,0,0,0,29,35,24
25482,91,148500,4,25,8,9,0,6,0,4,2,29,0.1,0,0,0,0,0,0,0,0,0,0,10,9,8
25494,188,346877,3,8,3,3,0,1,0,1,1,9,0.033333333,0,0,0,0,0,0,8,0,0,0,4,8,0
25495,6,334927,1,6,2,2,0,1,0,1,1,7,0.033333333,6,0,0,0,0,0,0,0,0,0,5,6,0
25503,962,85168,4,259,17,68,72,50,0,69,23,139,0.1,0,0,0,0,0,0,120,124,0,0,53,135,124
25505,465,334927,6,91,9,41,3,24,0,18,13,7,0.166666667,20,0,0,0,0,0,0,0,0,0,31,25,35
25512,1005,42723,4,29,6,11,0,7,0,6,5,6,0.066666667,0,16,0,0,0,0,13,0,0,0,13,16,13
25519,167,878119,4,128,13,93,7,4,0,86,1,20,0.166666667,0,0,0,0,0,0,0,0,0,0,23,57,63
25521,167,457932,4,37,10,15,7,2,0,10,2,21,0.066666667,0,0,0,0,30,0,7,0,0,0,20,30,0
25535,514,188602,13,167,12,68,12,3,68,56,2,96,0.2,0,62,0,0,0,6,21,0,0,0,45,51,0
25556,57,878119,2,17,5,10,0,1,0,7,1,20,0.066666667,0,0,0,0,0,0,0,0,0,0,9,8,9
25560,340,878119,1,340,21,101,44,85,4,116,53,20,0.2,0,16,0,0,0,71,176,0,0,0,78,31,44
25567,720,247683,8,9,3,3,0,2,0,2,1,23,0.066666667,0,0,0,0,2,0,7,0,0,0,6,2,0
25573,3,878119,3,1,1,0,0,0,0,0,0,20,0.033333333,0,0,0,0,0,0,0,0,0,0,1,1,0
25583,95,188602,2,42,10,24,0,0,1,18,0,96,0.133333333,0,0,0,0,0,0,6,0,0,0,11,22,0
25609,458,334927,5,76,4,28,16,21,0,23,3,7,0.1,16,0,0,0,0,0,0,0,0,0,15,26,0
25610,2070,878119,10,352,37,150,55,1,86,141,1,20,0.433333333,1,6,89,0,50,0,1,0,15,0,60,34,51
25621,27,334927,6,1,1,0,0,0,0,0,0,7,0.033333333,1,0,0,0,0,0,0,0,0,0,1,1,0
25622,458,878119,5,99,6,30,15,19,22,17,1,20,0.133333333,0,0,0,0,0,24,0,0,0,0,18,28,0
25651,36,878119,1,36,8,17,3,3,1,13,1,20,0.1,0,0,0,0,0,0,0,0,0,0,16,8,0
25654,1025,250865,5,445,34,159,132,17,1,207,6,34,0.2,111,0,96,220,0,14,0,3,0,0,57,111,14
25674,171,46603,2,68,11,41,6,5,0,26,3,5,0.1,0,0,26,0,0,0,0,0,6,0,26,36,0
25695,2,127749,1,2,2,0,0,0,0,0,0,102,0.033333333,0,0,0,2,0,0,0,0,0,0,2,2,0
25696,192,148500,3,25,4,17,0,2,0,10,2,29,0.066666667,0,0,0,0,0,0,0,0,0,0,11,12,13
25708,34,188602,2,23,10,6,0,4,0,3,3,96,0.033333333,0,0,0,0,0,0,23,0,0,0,10,23,0
25718,65,188602,1,65,11,16,21,6,2,14,2,96,0.066666667,0,0,13,0,0,0,52,0,0,0,21,13,0
25719,429,260769,2,359,10,74,70,60,21,106,48,0,0.333333333,4,2,0,32,0,1,0,0,0,0,81,53,23
25725,23,457932,2,22,4,7,4,4,0,4,2,21,0.066666667,0,0,0,0,8,0,0,0,0,0,7,14,0
25727,33,878119,2,21,10,7,0,3,1,2,0,20,0.133333333,0,0,0,0,0,0,0,0,0,0,5,8,0
25729,4,334927,3,1,1,0,0,0,0,0,0,7,0.033333333,1,0,0,0,0,0,0,0,0,0,1,1,0
25746,552,140022,2,546,20,62,290,2,9,122,5,232,0.266666667,104,12,0,139,51,0,0,0,0,0,129,84,193
25748,292,247683,1,292,25,208,22,10,20,137,7,23,0.3,0,0,0,0,0,0,58,0,0,0,55,21,4
25755,104,878119,2,87,22,41,15,3,2,36,1,20,0.1,53,0,0,0,0,0,0,0,0,0,34,34,0
25764,140,457932,1,140,16,30,30,25,4,35,21,21,0.133333333,0,0,0,32,62,5,41,0,0,0,52,32,62
25768,171,247683,2,46,3,37,0,1,0,38,1,23,0.066666667,0,0,0,0,6,0,40,0,0,0,24,6,0
25780,201,247683,1,201,39,111,20,15,7,70,7,23,0.366666667,0,0,2,4,0,0,6,44,0,0,59,32,150
25783,16,457932,1,16,2,14,0,0,0,11,0,21,0.033333333,0,0,0,0,16,0,0,0,0,0,8,16,0
25786,2,334927,1,2,2,0,0,0,0,0,0,7,0.033333333,2,0,0,0,0,0,0,0,0,0,2,2,0
25788,6,46603,1,6,4,1,0,1,0,1,0,5,0.033333333,0,0,6,0,0,0,0,0,0,0,6,6,0
25797,51,457932,1,51,8,23,3,14,1,14,0,21,0.066666667,0,0,0,0,21,0,0,30,0,0,16,21,0
25804,251,148500,4,34,9,13,0,6,0,8,2,29,0.166666667,0,0,0,11,0,0,0,0,0,0,9,5,19
25808,1451,457932,5,66,8,35,13,3,3,22,3,21,0.2,0,0,0,3,25,0,0,0,0,16,29,26,3
25821,107,346877,2,6,2,2,0,1,0,1,1,9,0.033333333,0,0,0,0,0,0,6,0,0,0,5,6,0
25838,26,878119,1,26,5,9,0,7,0,6,5,20,0.033333333,0,0,0,0,0,0,0,0,0,0,12,26,0
25854,138,334927,2,110,43,20,8,19,3,20,8,7,0.133333333,4,0,0,0,0,0,0,0,0,0,27,60,39
25856,138,457932,2,28,13,5,0,4,1,3,3,21,0.1,0,0,1,8,19,0,0,0,0,0,12,1,8
25871,10,27035,1,10,4,5,0,0,0,5,0,60,0.033333333,0,0,0,0,10,0,0,0,0,0,8,10,0
25879,13,878119,1,13,7,3,0,2,0,1,1,20,0.033333333,0,0,0,0,0,0,0,0,0,0,9,13,0
25896,118,878119,2,110,23,58,8,4,1,59,0,20,0.166666667,0,0,0,0,0,0,0,0,0,0,36,96,6
25926,678,334927,2,240,23,75,21,54,45,38,21,7,0.5,3,43,7,4,35,0,0,1,0,0,44,50,106
25928,36,878119,1,36,13,19,1,1,1,12,0,20,0.066666667,0,0,0,0,0,0,0,0,0,0,19,23,13
25932,3,878119,1,3,3,0,0,0,0,0,0,20,0.033333333,0,0,0,0,0,0,0,0,0,0,2,3,0
25947,184,878119,3,91,4,50,28,1,0,47,0,20,0.166666667,0,0,0,0,0,0,0,0,0,0,36,72,1
25948,111,457932,3,62,2,18,12,16,0,14,12,21,0.1,0,0,54,0,6,2,0,0,0,0,27,54,0
25956,173,346877,2,160,33,59,14,25,4,33,9,9,0.333333333,0,0,0,0,0,0,5,0,0,0,24,87,17
25958,40,878119,1,40,9,15,4,5,1,13,0,20,0.1,0,0,0,0,0,0,0,0,0,0,15,19,6
25960,3,878119,1,3,3,0,0,0,0,0,0,20,0.066666667,0,0,0,0,0,0,0,0,0,0,2,2,0
25969,628,878119,2,627,37,240,57,121,40,195,98,20,0.3,0,20,288,0,0,0,0,0,0,0,81,142,5
25972,2,140022,2,1,1,0,0,0,0,0,0,232,0.033333333,0,0,0,1,0,0,0,0,0,0,1,1,0
25981,323,43183,2,1,1,0,0,0,0,0,0,24,0.033333333,0,0,0,0,0,0,0,0,0,0,1,1,0
25987,102,878119,1,102,12,34,12,24,3,26,10,20,0.133333333,8,0,0,0,0,0,0,0,0,0,28,60,19
25993,3,34988,2,2,2,0,0,0,0,0,0,108,0.033333333,0,0,0,0,0,0,0,0,0,0,2,2,0
25996,49,346877,1,49,4,11,15,2,1,19,1,9,0.1,0,0,0,0,0,0,43,4,2,0,15,43,4
25997,50,334927,1,50,4,27,0,11,0,24,6,7,0.033333333,50,0,0,0,0,0,0,0,0,0,9,50,0
26001,18,878119,1,18,11,6,0,0,0,4,0,20,0.033333333,0,0,0,0,0,0,0,0,0,0,9,18,0
26009,26,127749,1,26,5,15,0,3,0,7,3,102,0.166666667,1,4,0,4,0,0,0,0,0,0,13,13,0
26014,4,334927,1,4,2,2,0,0,0,1,0,7,0.033333333,4,0,0,0,0,0,0,0,0,0,4,4,0
26017,220,334927,2,199,30,74,18,43,11,46,16,7,0.266666667,30,0,11,0,0,0,19,0,0,0,40,75,30
26024,370,148500,8,58,10,17,6,10,1,15,5,29,0.166666667,0,0,0,0,12,0,0,0,0,0,15,15,0
26037,96,457932,2,95,8,23,11,20,13,20,11,21,0.066666667,0,0,0,0,61,0,0,0,0,0,27,34,0
26039,83,334927,2,1,1,0,0,0,0,0,0,7,0.033333333,1,0,0,0,0,0,0,0,0,0,1,1,0
26043,200,878119,1,200,16,59,31,51,2,54,25,20,0.2,0,58,0,0,0,13,73,0,0,0,59,10,0
26048,38,878119,6,33,4,23,4,1,0,22,0,20,0.033333333,0,0,0,0,0,0,0,0,0,0,16,33,0
26053,380,878119,2,340,35,100,51,85,15,90,24,20,0.4,0,0,0,0,0,0,13,10,128,0,61,173,69
26054,51,260769,1,51,11,29,0,9,0,10,2,0,0.066666667,0,0,0,42,9,0,0,0,0,0,10,42,9
26059,38,110497,6,1,1,0,0,0,0,0,0,24,0.033333333,0,0,0,0,0,0,1,0,0,0,1,1,0
26061,1764,21560,9,44,8,9,5,5,5,11,4,9,0.066666667,0,0,0,0,0,0,0,0,0,0,11,39,0
26077,21,457932,3,1,1,0,0,0,0,0,0,21,0.033333333,0,0,0,0,1,0,0,0,0,0,1,1,0
26089,393,247683,2,187,11,68,18,57,0,56,26,23,0.3,0,0,0,0,3,2,1,3,0,0,49,109,54
26102,24,878119,1,24,3,18,0,1,0,15,1,20,0.033333333,0,0,0,0,0,0,0,0,0,0,17,24,0
26104,3,457932,2,1,1,0,0,0,0,0,0,21,0.033333333,0,0,0,0,1,0,0,0,0,0,1,1,0
26120,236,878119,1,236,28,55,40,40,38,40,12,20,0.233333333,3,0,46,0,45,0,0,20,0,0,45,164,0
26133,81,457932,1,81,5,22,20,17,0,18,14,21,0.1,0,47,0,0,14,20,0,0,0,0,43,67,0
26139,90,878119,4,86,26,25,4,18,3,19,6,20,0.166666667,0,0,0,0,0,0,0,0,0,0,27,51,16
26153,151,148500,1,151,10,13,66,11,2,40,7,29,0.133333333,0,0,0,0,0,0,0,0,0,0,31,6,0
26159,413,250865,4,1,1,0,0,0,0,0,0,34,0.033333333,0,0,0,1,0,0,0,0,0,0,1,1,0
26185,115,457932,1,115,7,51,25,29,0,42,2,21,0.033333333,0,0,0,0,115,0,0,0,0,0,38,115,0
26197,512,188602,8,7,2,3,0,1,0,2,1,96,0.033333333,0,0,0,0,0,0,7,0,0,0,6,7,0
26199,278,878119,1,278,32,118,37,49,0,105,21,20,0.5,0,0,6,17,1,51,35,9,0,0,65,73,45
26204,6,334927,1,6,2,2,0,1,0,1,1,7,0.033333333,6,0,0,0,0,0,0,0,0,0,5,6,0
26227,378,878119,4,104,9,48,0,26,0,50,16,20,0.1,0,0,0,0,0,0,0,0,0,0,41,6,0
26230,266,250865,4,22,7,9,0,4,0,4,2,34,0.1,0,0,0,6,0,0,0,0,0,0,9,16,0
26247,57,457932,1,57,8,15,2,10,15,10,5,21,0.066666667,0,0,0,0,41,0,0,16,0,0,14,41,0
26272,362,878119,3,3,3,0,0,0,0,0,0,20,0.066666667,0,0,0,0,0,0,0,0,0,0,2,1,2
26273,634,334927,3,315,36,210,30,1,36,152,0,7,0.166666667,42,41,0,0,117,0,0,0,0,0,35,17,0
26279,17,334927,2,13,6,2,0,1,3,1,1,7,0.066666667,1,0,0,0,0,0,0,0,0,0,5,12,1
26296,252,43183,1,252,11,58,0,54,10,109,40,24,0.233333333,0,0,8,0,0,0,0,0,0,0,52,91,4
26300,169,85168,3,91,14,25,27,10,1,18,5,139,0.1,65,0,0,0,0,0,14,0,0,0,16,12,14
26301,216,334927,3,184,20,64,25,45,8,45,18,7,0.233333333,8,48,9,0,0,0,4,0,0,0,42,70,60
26305,42,878119,1,42,17,13,0,2,8,12,1,20,0.066666667,0,0,0,0,0,0,0,0,0,0,14,20,0
26308,67,878119,2,47,4,19,4,13,0,12,5,20,0.066666667,0,0,0,4,0,0,0,0,0,0,18,43,4
26309,22,878119,1,22,5,8,0,5,0,5,3,20,0.066666667,0,0,0,0,0,0,0,0,0,0,12,19,3
26320,1764,250865,9,318,14,43,74,24,42,111,6,34,0.166666667,0,0,0,10,0,0,0,0,0,0,49,113,0
26327,93,148500,3,8,4,3,0,1,0,2,0,29,0.066666667,0,0,0,0,0,0,0,0,0,0,5,1,7
26331,121,346877,2,75,5,14,22,12,2,24,8,9,0.033333333,0,0,0,0,0,0,75,0,0,0,31,75,0
26349,327,878119,2,181,27,59,34,43,2,35,0,20,0.233333333,0,0,0,42,0,0,0,0,0,0,36,63,14
26361,448,878119,2,245,34,97,70,2,12,83,2,20,0.333333333,7,68,0,51,0,0,0,0,41,0,71,50,19
26365,231,878119,2,230,33,101,23,5,36,99,4,20,0.233333333,0,0,0,57,0,0,33,0,0,0,52,74,40
26380,313,878119,4,24,3,10,0,6,3,5,2,20,0.066666667,0,0,0,0,0,0,0,0,0,0,10,9,15
26384,59,140022,1,59,9,19,3,12,2,15,6,232,0.066666667,0,0,0,51,0,0,0,0,0,0,17,8,51
26399,320,127749,5,47,8,13,14,8,0,5,3,102,0.166666667,0,0,0,5,0,0,0,0,0,0,14,32,0
26402,495,878119,4,344,57,92,53,77,17,86,23,20,0.166666667,0,0,69,0,0,0,0,0,0,0,80,202,132
26405,264,110497,6,2,2,0,0,0,0,0,0,24,0.066666667,0,0,0,0,0,0,1,1,0,0,1,1,1
26412,8,260769,2,7,3,3,0,1,0,2,0,0,0.033333333,0,0,0,7,0,0,0,0,0,0,6,7,0
26424,20,148500,2,14,8,3,0,1,1,1,1,29,0.033333333,0,0,0,0,0,0,0,0,0,0,8,14,0
26430,110,346877,1,110,9,32,35,3,4,44,1,9,0.166666667,0,0,0,0,0,28,9,0,0,0,34,6,37
26447,375,878119,4,176,17,72,20,33,7,56,15,20,0.266666667,0,9,23,0,0,0,0,0,0,0,42,50,59
26454,613,43183,6,347,46,66,47,45,17,82,51,24,0.433333333,8,0,37,0,0,78,0,0,0,7,72,154,33
26461,1714,260769,7,290,8,61,38,54,10,92,39,0,0.133333333,0,0,0,177,0,0,0,8,0,0,78,9,177
26462,178,346877,2,74,8,22,13,1,6,35,1,9,0.066666667,0,0,0,0,8,0,66,0,0,0,18,8,0
26471,114,457932,3,9,5,3,0,1,0,2,0,21,0.033333333,0,0,0,0,9,0,0,0,0,0,7,9,0
26478,40,878119,1,40,5,15,0,8,0,22,2,20,0.233333333,0,0,0,0,0,0,0,0,0,0,10,31,1
26490,231,878119,1,231,55,66,61,21,8,72,0,20,0.366666667,0,0,0,0,2,1,1,111,0,0,57,44,19
26513,382,110497,3,41,6,28,0,3,0,19,4,24,0.133333333,0,0,0,0,0,0,11,0,28,1,16,1,28
26519,87,878119,2,86,18,26,5,21,4,17,7,20,0.133333333,0,0,0,0,0,0,0,0,0,0,24,42,16
26543,3,457932,1,3,3,0,0,0,0,0,0,21,0.066666667,0,0,0,0,2,0,0,0,0,1,2,2,0
26554,178,878119,2,104,26,55,8,4,2,42,3,20,0.2,28,0,0,0,0,0,0,0,0,0,27,35,21
26558,41,878119,2,17,7,6,0,1,1,3,1,20,0.033333333,0,0,0,0,0,0,0,0,0,0,11,17,0
26564,27,457932,2,26,8,12,0,1,4,5,1,21,0.066666667,0,0,0,0,6,20,0,0,0,0,11,6,20
26566,27,457932,2,9,1,5,0,2,0,4,1,21,0.033333333,0,0,0,0,9,0,0,0,0,0,5,9,0
26574,151,346877,1,151,26,73,21,4,15,45,2,9,0.166666667,5,0,0,0,0,0,11,0,0,0,29,96,34
26588,126,334927,2,125,25,40,7,28,2,44,11,7,0.233333333,21,0,1,0,0,0,27,0,0,0,30,16,0
26589,262,457932,1,262,21,74,23,67,15,64,54,21,0.3,0,0,90,6,7,0,0,7,43,65,62,24,24
26612,426,878119,3,111,23,51,14,8,6,34,3,20,0.2,0,0,0,44,0,0,0,30,0,0,38,7,53
26614,100,346877,2,42,8,17,0,13,0,14,0,9,0.033333333,0,0,0,0,0,0,42,0,0,0,8,42,0
26630,413,878119,4,2,2,0,0,0,0,0,0,20,0.066666667,1,0,0,0,0,0,0,0,0,0,1,1,0
26644,26,457932,2,10,2,3,2,1,0,3,1,21,0.033333333,0,0,0,0,10,0,0,0,0,0,7,10,0
26664,367,140022,1,367,19,50,149,0,2,98,0,232,0.233333333,0,0,0,43,39,0,0,0,0,0,69,87,43
26667,169,878119,1,169,22,60,12,45,4,39,20,20,0.233333333,0,0,0,0,0,0,0,0,0,0,40,26,60
26668,75,334927,1,75,10,30,3,19,0,21,13,7,0.1,7,0,0,0,0,0,0,0,0,0,27,50,18
26669,159,247683,3,1,1,0,0,0,0,0,0,23,0.033333333,0,0,0,0,0,0,1,0,0,0,1,1,0
26672,81,85168,2,79,12,45,6,3,0,38,3,139,0.166666667,0,0,0,0,0,0,6,0,0,0,25,38,22
26674,17,878119,1,17,11,3,0,2,1,2,0,20,0.033333333,0,0,0,0,0,0,0,0,0,0,7,17,0
26680,56,334927,4,1,1,0,0,0,0,0,0,7,0.033333333,1,0,0,0,0,0,0,0,0,0,1,1,0
26684,48,457932,1,48,8,23,0,12,0,10,5,21,0.1,0,0,0,17,6,0,0,0,25,0,14,17,6
26698,174,250865,5,5,1,2,0,1,0,1,1,34,0.033333333,0,0,0,5,0,0,0,0,0,0,4,5,0
26709,442,140022,4,426,23,73,197,29,26,93,7,232,0.166666667,245,18,0,82,67,0,0,0,0,0,100,326,18
26711,1528,250865,4,715,42,123,210,99,30,213,26,34,0.333333333,53,58,0,1,0,0,0,0,0,0,69,448,0
26747,409,457932,3,33,2,13,5,7,0,10,5,21,0.033333333,0,0,0,0,33,0,0,0,0,0,14,33,0
26760,239,250865,3,64,15,38,0,6,5,10,0,34,0.3,0,0,4,4,0,0,0,0,5,0,6,16,7
26761,259,457932,2,233,19,91,36,1,80,62,2,21,0.166666667,120,0,0,0,28,0,0,0,0,17,54,38,0
26763,424,86829,4,244,11,77,107,14,0,65,8,63,0.3,0,3,5,0,0,0,6,2,0,0,63,11,134
26776,62,334927,2,61,16,14,0,13,5,12,12,7,0.033333333,61,0,0,0,0,0,0,0,0,0,23,61,0
26801,292,346877,3,128,11,40,28,29,0,30,5,9,0.266666667,0,0,0,0,0,0,6,16,34,0,36,27,3
26808,622,260769,1,622,36,143,98,93,14,200,72,0,0.5,0,0,0,37,53,0,43,65,10,14,129,143,108
26812,261,127749,3,166,8,27,78,18,3,24,16,102,0.133333333,0,0,0,10,0,12,0,0,0,0,45,147,7
26814,8,127749,4,1,1,0,0,0,0,0,0,102,0.033333333,0,0,0,1,0,0,0,0,0,0,1,1,0
26822,28,878119,3,15,1,7,0,5,0,8,0,20,0.133333333,0,0,0,0,0,0,0,0,0,0,6,11,0
26823,96,148500,2,44,4,18,0,12,0,16,7,29,0.133333333,0,0,0,0,0,0,0,0,0,0,19,35,2
26851,42,878119,2,15,3,5,0,4,0,4,3,20,0.033333333,0,0,0,0,0,0,0,0,0,0,11,15,0
26861,181,878119,1,181,33,48,5,30,50,24,11,20,0.133333333,0,0,0,0,0,0,0,0,0,0,27,9,172
26877,445,85576,5,49,8,28,0,3,10,2,0,54,0.5,1,0,1,0,0,0,1,2,1,1,7,20,5
26882,463,878119,3,300,22,107,18,76,44,71,24,20,0.333333333,0,0,0,51,0,0,1,0,0,0,38,86,16
26884,68,334927,1,68,8,20,3,17,5,17,11,7,0.033333333,68,0,0,0,0,0,0,0,0,0,26,68,0
26889,803,457932,4,198,31,67,15,45,15,27,21,21,0.166666667,0,0,0,0,39,1,0,2,0,0,31,55,103
26898,375,457932,1,375,43,94,0,41,170,75,27,21,0.4,0,46,11,17,1,0,0,0,0,0,47,138,28
26903,120,148500,2,25,7,12,0,3,2,3,1,29,0.066666667,0,0,0,0,0,0,0,0,0,0,6,25,0
26921,109,247683,3,6,2,2,0,1,0,1,1,23,0.033333333,0,0,0,0,0,0,6,0,0,0,5,6,0
26930,286,334927,2,285,38,66,34,43,56,43,16,7,0.166666667,108,58,0,0,0,19,69,0,0,0,47,108,77
26949,633,457932,6,39,7,21,5,1,0,11,1,21,0.2,0,0,0,0,20,0,0,0,0,0,13,15,2
26958,7,346877,1,7,2,3,0,2,0,2,0,9,0.033333333,0,0,0,0,0,0,7,0,0,0,4,7,0
26964,287,457932,1,287,5,96,36,84,7,89,55,21,0.133333333,117,0,58,0,106,6,0,0,0,0,76,223,6
26982,1485,260769,6,476,19,103,60,85,0,180,54,0,0.266666667,12,0,0,102,0,0,0,0,4,0,113,159,97
27017,4,457932,1,4,4,0,0,0,0,0,0,21,0.066666667,0,0,0,0,2,0,0,0,0,0,2,4,0
27019,414,85168,1,414,22,48,234,29,13,37,7,139,0.266666667,0,0,4,0,8,108,106,16,0,0,108,121,166
27020,95,334927,1,95,28,52,6,6,0,39,1,7,0.3,7,0,0,0,0,0,12,9,0,0,33,9,0
27034,16,85576,1,16,2,6,0,4,0,5,4,54,0.033333333,0,0,0,0,0,0,16,0,0,0,9,16,0
27043,561,110497,2,277,17,147,4,7,71,149,3,24,0.2,0,0,0,0,0,0,50,14,0,0,35,51,109
27062,555,334927,3,447,45,180,40,70,49,124,46,7,0.3,4,0,24,0,21,0,0,0,0,49,62,185,23
27067,120,188602,1,120,16,39,21,29,0,24,11,96,0.266666667,0,0,0,0,8,0,18,35,8,0,19,7,38
27073,395,878119,1,395,83,94,65,75,5,108,50,20,0.466666667,0,0,1,0,0,0,0,5,0,0,77,168,184
27084,48,457932,1,48,10,28,5,0,1,19,3,21,0.066666667,0,0,0,0,17,0,0,31,0,0,20,17,0
27087,780,85168,4,346,15,83,148,44,0,70,16,139,0.3,0,0,13,0,0,0,10,0,0,0,54,43,22
27093,16,878119,2,9,7,2,0,0,0,1,0,20,0.066666667,0,0,0,0,0,0,0,0,0,0,5,3,6
27110,95,334927,1,95,17,38,11,19,0,29,8,7,0.133333333,65,0,0,16,0,0,0,0,0,0,27,7,0
27117,16,878119,1,16,8,4,0,2,1,1,0,20,0.033333333,0,0,0,0,0,0,0,0,0,0,8,16,0
27119,680,21560,4,8,4,2,0,1,0,1,1,9,0.033333333,0,0,0,0,0,0,0,0,0,0,6,8,0
27167,1211,260769,6,440,30,119,106,87,7,132,28,0,0.3,35,0,0,16,94,0,0,0,87,0,96,20,129
27171,633,85168,14,78,15,57,0,3,0,48,3,139,0.1,0,7,0,0,0,0,35,36,0,0,20,7,35
27183,279,878119,2,278,36,92,3,69,39,55,36,20,0.133333333,0,0,0,0,0,0,0,0,0,0,35,48,91
27204,57,260769,1,57,4,33,0,10,0,33,6,0,0.066666667,0,0,0,9,48,0,0,0,0,0,15,9,48
27207,5,878119,3,2,2,0,0,0,0,0,0,20,0.033333333,0,0,0,0,0,0,0,0,0,0,2,2,0
27209,46,85576,1,46,7,15,0,9,8,8,6,54,0.166666667,0,0,0,0,0,0,1,0,0,0,11,15,5
27216,89,878119,1,89,8,32,5,24,0,24,17,20,0.1,0,0,0,0,0,0,0,0,0,0,22,23,44
27221,2,878119,1,2,2,0,0,0,0,0,0,20,0.033333333,0,0,0,0,0,0,0,0,0,0,2,2,0
27228,141,457932,1,141,31,24,45,19,1,24,7,21,0.066666667,0,0,0,0,96,0,0,0,0,0,41,45,0
27240,115,878119,2,98,10,29,3,29,0,32,23,20,0.233333333,0,0,0,0,0,33,2,0,0,0,25,8,20
27243,491,878119,3,273,27,88,30,70,35,77,2,20,0.3,0,0,0,0,0,40,0,0,0,0,52,146,55
27245,146,86829,2,145,11,14,46,11,41,18,9,63,0.133333333,0,87,10,0,0,0,2,0,0,0,24,87,48
27250,66,334927,2,39,17,13,0,4,2,13,3,7,0.2,2,0,0,0,0,0,0,8,0,2,15,15,0
27257,214,148500,5,13,2,8,2,0,0,6,0,29,0.033333333,0,0,0,0,0,0,0,0,0,0,6,13,0
27258,51,85576,1,51,9,6,0,3,28,5,4,54,0.066666667,0,0,0,0,0,0,32,19,0,0,9,32,19
27263,813,346877,5,170,26,45,33,28,7,41,5,9,0.333333333,0,1,0,0,0,0,20,20,0,0,29,58,21
27270,3,110497,3,1,1,0,0,0,0,0,0,24,0.033333333,0,0,0,0,0,0,1,0,0,0,1,1,0
27283,17,43183,2,5,1,2,0,1,0,1,1,24,0.033333333,0,0,0,0,0,0,0,0,0,0,4,5,0
27285,773,250865,2,403,30,102,73,75,14,121,16,34,0.3,70,0,3,3,0,3,9,0,0,0,41,157,3
27302,11,457932,1,11,2,4,3,1,0,3,0,21,0.033333333,0,0,0,0,11,0,0,0,0,0,6,11,0
27303,20,110497,3,3,3,0,0,0,0,0,0,24,0.033333333,0,0,0,0,0,0,3,0,0,0,3,3,0
27328,30,85168,1,30,13,7,0,4,1,2,2,139,0.066666667,0,0,0,0,0,0,10,20,0,0,9,10,20
27330,35,334927,3,30,13,15,1,1,0,6,0,7,0.133333333,4,0,0,0,0,0,0,0,0,0,11,15,0
27344,65,878119,1,65,20,36,4,0,0,36,0,20,0.066666667,0,0,0,0,0,0,0,0,0,0,18,2,63
27345,362,27035,5,1,1,0,0,0,0,0,0,60,0.033333333,0,0,0,0,1,0,0,0,0,0,1,1,0
27351,432,110497,1,432,45,141,87,60,46,124,0,24,0.566666667,13,5,0,11,42,36,47,38,16,42,52,112,87
27358,116,878119,2,113,13,38,5,29,10,26,14,20,0.166666667,16,0,0,0,0,0,0,0,7,0,39,9,68
27359,53,110497,7,1,1,0,0,0,0,0,0,24,0.033333333,0,0,0,0,0,0,1,0,0,0,1,1,0
27360,137,21560,2,69,7,15,10,7,3,23,3,9,0.133333333,0,0,0,0,0,0,0,0,0,0,11,46,11
27380,81,188602,6,5,3,2,0,0,0,1,0,96,0.066666667,0,0,0,0,0,0,0,4,0,0,4,1,0
27390,14,878119,1,14,1,4,3,3,2,3,1,20,0.033333333,0,0,0,0,0,0,0,0,0,0,7,14,0
27395,4,110497,3,1,1,0,0,0,0,0,0,24,0.033333333,0,0,0,0,0,0,1,0,0,0,1,1,0
27412,198,346877,2,102,8,40,0,31,0,27,23,9,0.2,17,0,0,0,19,0,17,13,17,0,32,36,0
27422,251,188602,1,251,20,70,39,56,2,63,48,96,0.133333333,0,0,0,0,20,2,0,118,111,0,45,20,2
27431,817,110497,6,260,24,84,43,43,21,71,4,24,0.4,15,0,21,46,0,0,4,13,0,0,32,1,33
27439,134,188602,2,25,8,13,0,2,1,6,1,96,0.066666667,0,0,0,0,0,0,0,2,23,0,11,2,23
27441,145,148500,1,145,6,45,36,22,0,60,11,29,0.066666667,0,0,0,0,0,0,0,0,0,0,31,144,1
27446,148,878119,2,132,28,71,21,2,0,53,1,20,0.266666667,37,0,0,0,28,0,0,0,0,0,46,10,8
27455,75,346877,3,61,2,50,0,2,0,50,2,9,0.233333333,0,0,20,2,8,0,4,10,0,6,19,11,26
27457,12,86829,9,1,1,0,0,0,0,0,0,63,0.033333333,0,0,0,0,0,0,0,1,0,0,1,1,0
27460,12,85576,9,2,2,0,0,0,0,0,0,54,0.033333333,0,0,0,0,0,0,2,0,0,0,1,2,0
27465,284,878119,4,225,34,88,23,21,21,76,8,20,0.3,0,0,0,0,0,0,0,0,32,0,33,137,22
27473,50,148500,1,50,2,3,0,2,42,2,0,29,0.066666667,0,0,0,0,0,0,0,0,0,0,4,8,42
27480,273,878119,2,217,20,106,31,27,3,103,11,20,0.233333333,0,33,28,90,0,0,0,0,0,0,61,29,130
27487,178,188602,1,178,19,64,4,38,17,60,10,96,0.2,0,0,0,3,0,0,0,38,0,0,22,120,0
27491,130,148500,6,1,1,0,0,0,0,0,0,29,0.033333333,0,0,0,0,0,0,0,0,0,0,1,1,0
27498,37,457932,3,1,1,0,0,0,0,0,0,21,0.033333333,0,0,0,0,1,0,0,0,0,0,1,1,0
27506,148,457932,2,147,12,45,36,37,2,32,15,21,0.133333333,0,0,0,0,36,0,0,0,0,97,59,12,36
27517,243,346877,2,197,9,57,53,32,7,61,18,9,0.166666667,0,0,0,0,0,16,5,0,0,77,57,121,55
27519,29,250865,3,1,1,0,0,0,0,0,0,34,0.033333333,0,0,0,1,0,0,0,0,0,0,1,1,0
27528,38,878119,1,38,5,15,0,10,0,12,8,20,0.066666667,0,0,0,0,0,0,0,1,0,0,16,37,0
27541,1158,127749,5,306,20,64,129,46,3,41,20,102,0.266666667,0,0,0,0,47,39,74,0,45,0,67,48,0
27554,114,652701,1,114,16,19,1,14,38,0,0,3,0.133333333,0,0,0,0,0,0,0,0,0,0,14,91,0
27559,641,221833,4,1,1,0,0,0,0,0,0,58,0.033333333,0,0,0,0,0,0,0,0,0,0,1,1,0
27563,235,652701,1,235,44,68,3,39,22,23,13,3,0.233333333,30,67,41,0,38,8,0,0,0,0,37,21,68
27565,46,652701,6,9,5,2,0,1,0,0,0,3,0.133333333,0,0,0,0,0,1,0,0,0,0,5,1,0
27568,1260,221833,6,378,16,81,72,53,35,144,21,58,0.4,0,0,0,0,1,0,0,4,4,0,63,78,1
27573,173,652701,1,173,26,57,26,31,13,7,0,3,0.2,0,0,0,13,0,0,0,14,0,0,21,67,0
27576,162,652701,2,161,20,31,6,24,37,9,3,3,0.133333333,0,0,54,0,0,0,0,0,0,0,29,1,54
27586,95,652701,2,1,1,0,0,0,0,0,0,3,0.033333333,0,0,0,0,0,0,0,0,0,0,1,1,0
27606,1993,148039,9,467,41,134,80,93,46,106,12,18,0.266666667,93,0,3,0,0,0,0,0,0,0,38,196,108
27609,580,221833,16,1,1,0,0,0,0,0,0,58,0.033333333,0,0,0,0,0,0,0,0,0,0,1,1,0
27613,58,652701,6,16,3,6,0,4,0,0,0,3,0.1,0,0,0,0,0,0,0,0,0,0,8,6,0
27614,1547,221833,5,717,58,105,88,64,269,118,26,58,0.533333333,15,26,0,0,0,0,0,0,0,0,74,292,100
27624,49,652701,1,49,12,20,0,11,0,0,0,3,0.133333333,0,0,0,0,0,0,0,0,0,0,10,6,0
27631,244,652701,1,244,21,52,12,36,28,0,0,3,0.1,0,0,0,0,0,0,0,0,0,0,20,40,195
27642,52,652701,1,52,12,20,0,8,6,1,0,3,0.2,0,0,0,0,0,7,0,0,0,0,12,1,0
27645,190,652701,1,190,23,45,13,24,61,19,4,3,0.166666667,0,0,0,0,0,52,0,0,0,0,30,26,0
27666,183,652701,1,183,22,36,14,27,20,0,0,3,0.133333333,0,0,0,0,0,0,0,0,0,0,17,162,0
27679,1260,41550,6,23,8,8,0,5,0,3,1,21,0.266666667,0,0,4,4,0,1,0,0,0,0,6,11,4
27686,518,652701,3,507,57,98,9,53,129,21,13,3,0.4,59,61,0,0,0,0,0,139,28,0,36,34,93
27690,15,652701,1,15,3,5,0,4,0,0,0,3,0.033333333,0,0,0,0,0,0,0,0,0,0,6,15,0
27692,505,652701,8,94,16,41,0,21,0,0,0,3,0.233333333,0,1,0,0,0,0,0,0,0,0,6,10,75
27727,60,652701,2,19,8,5,0,0,5,0,0,3,0.133333333,0,0,0,0,0,0,0,0,0,0,6,15,0
27734,11,652701,1,11,2,5,0,1,1,0,0,3,0.033333333,0,0,0,0,0,0,0,0,0,0,7,11,0
27746,39,221833,2,38,9,14,0,9,1,6,3,58,0.066666667,0,0,0,0,0,0,0,0,0,0,12,36,0
27753,11,652701,1,11,2,5,0,2,0,0,0,3,0.033333333,0,0,0,0,0,0,0,0,0,0,8,11,0
27778,373,652701,4,130,21,41,21,23,8,10,8,3,0.3,0,0,0,0,0,30,0,16,0,0,26,10,35
27805,68,652701,3,44,2,10,22,4,0,0,0,3,0.066666667,0,0,0,0,0,0,0,0,0,0,9,1,0
27809,23,652701,1,23,6,11,0,2,2,0,0,3,0.033333333,0,0,0,0,0,0,0,0,0,0,9,23,0
27814,375,652701,3,42,4,16,0,7,0,0,0,3,0.1,0,0,0,0,0,0,0,0,0,0,10,32,0
27835,992,156596,1,992,80,218,215,54,57,311,107,224,0.7,42,0,78,20,4,61,0,59,55,0,206,191,210
27854,117,652701,1,117,14,24,13,17,5,0,0,3,0.066666667,108,0,0,0,0,0,0,0,0,0,17,9,108
27863,642,221833,1,642,29,124,83,92,44,260,45,58,0.266666667,0,0,12,42,0,47,0,0,0,0,109,336,62
27889,107,652701,1,107,6,41,7,27,4,15,9,3,0.3,0,20,0,0,0,41,0,0,0,0,31,22,3
27893,168,652701,1,168,23,41,7,27,43,0,0,3,0.233333333,0,0,0,0,0,0,0,0,0,0,18,55,37
27898,133,652701,1,133,37,38,1,17,8,0,0,3,0.2,0,0,0,0,0,0,0,0,0,0,15,43,60
27902,181,41550,2,64,5,26,0,22,0,22,7,21,0.1,0,0,0,0,0,0,0,0,0,0,17,20,0
27935,76,148039,1,76,10,26,4,16,0,22,5,18,0.2,15,0,0,0,0,0,0,0,0,0,16,27,22
27941,137,652701,1,137,51,22,2,8,24,0,0,3,0.1,0,0,0,0,0,0,0,0,0,0,11,96,35
27944,255,652701,1,255,38,61,15,43,50,22,18,3,0.333333333,0,0,78,0,0,0,0,0,0,0,38,2,105
27958,90,652701,1,90,14,22,16,7,7,0,0,3,0.1,0,0,0,0,0,0,0,0,0,0,15,34,0
27963,72,652701,2,71,13,33,0,14,3,0,0,3,0.166666667,0,0,0,0,0,0,0,0,0,0,10,14,8
27967,55,652701,2,38,12,10,0,5,0,0,0,3,0.1,0,0,0,0,0,0,0,0,0,0,10,33,5
27973,10,652701,1,10,3,3,0,2,0,0,0,3,0.033333333,0,0,0,0,0,0,0,0,0,0,7,10,0
27978,269,652701,3,174,32,43,24,17,25,9,1,3,0.166666667,0,0,40,0,0,0,0,0,0,0,24,92,8
27980,73,652701,1,73,18,18,5,10,4,0,0,3,0.1,0,0,0,0,0,0,0,0,0,0,16,24,26
27984,214,652701,2,193,27,39,28,27,15,0,0,3,0.133333333,0,0,0,0,0,0,0,0,0,0,17,176,5
27985,80,148039,3,31,5,10,0,6,0,10,7,18,0.1,8,0,0,0,0,0,0,0,0,0,15,9,22
28002,861,148039,5,1,1,0,0,0,0,0,0,18,0.033333333,1,0,0,0,0,0,0,0,0,0,1,1,0
28014,32,652701,2,25,9,9,0,4,0,0,0,3,0.033333333,0,0,0,0,0,0,0,0,0,0,8,25,0
28023,2,148039,2,1,1,0,0,0,0,0,0,18,0.033333333,1,0,0,0,0,0,0,0,0,0,1,1,0
28031,169,652701,5,48,21,5,1,4,0,0,0,3,0.233333333,0,0,0,0,0,0,0,0,0,0,12,6,0
28048,198,221833,2,196,23,54,10,37,5,72,22,58,0.333333333,0,0,5,0,0,0,0,0,0,0,39,45,28
28054,258,652701,6,174,20,58,10,22,5,12,4,3,0.2,0,0,0,43,0,0,0,0,0,0,24,135,8
28081,252,148039,4,66,14,25,2,14,1,14,7,18,0.133333333,9,0,0,0,0,0,0,0,0,0,14,32,16
28090,6,652701,1,6,2,2,0,1,0,0,0,3,0.033333333,0,0,0,0,0,0,0,0,0,0,5,6,0
28096,113,652701,1,113,19,29,15,16,19,3,1,3,0.333333333,0,0,39,0,0,0,0,0,0,0,23,10,52
28100,7,652701,1,7,3,2,0,1,0,0,0,3,0.033333333,0,0,0,0,0,0,0,0,0,0,5,7,0
28101,323,221833,1,323,36,57,53,27,47,99,16,58,0.133333333,0,0,0,0,0,0,0,0,0,0,47,93,14
28116,54,156596,3,47,10,14,4,9,0,11,6,224,0.133333333,0,0,0,0,0,11,0,0,0,0,16,30,11
28119,141,652701,1,141,23,33,16,19,11,0,0,3,0.133333333,0,0,0,0,0,0,0,0,0,0,18,94,39
28121,42,652701,1,42,9,13,0,6,0,0,0,3,0.133333333,0,0,0,0,0,0,0,0,0,0,9,1,0
28153,9,221833,1,9,6,1,0,1,0,1,1,58,0.1,0,0,5,0,0,0,0,0,0,0,6,2,0
28159,79,652701,1,79,11,23,8,18,2,9,4,3,0.1,0,4,0,27,0,0,0,0,0,0,21,75,0
28162,270,652701,3,268,34,46,18,31,114,5,1,3,0.466666667,36,7,0,12,16,9,0,0,0,0,25,2,23
28169,207,652701,2,203,41,78,12,30,14,3,1,3,0.6,4,0,0,14,0,0,0,0,0,0,21,39,82
28185,761,221833,7,213,11,60,36,38,22,56,8,58,0.466666667,0,0,0,0,0,1,0,0,4,0,35,112,8
28191,2311,156596,5,2066,170,366,373,157,369,475,140,224,0.866666667,60,200,58,34,22,0,152,56,102,25,277,470,520
28205,40,652701,1,40,9,12,0,9,1,0,0,3,0.066666667,0,0,0,0,0,0,0,0,0,0,10,33,0
28207,168,652701,2,129,23,41,2,32,10,13,3,3,0.3,0,0,0,0,0,0,0,0,35,0,24,35,11
28211,50,652701,1,50,14,20,0,4,1,0,0,3,0.1,0,0,0,0,0,0,0,0,0,0,11,23,11
28212,401,652701,7,141,15,33,41,24,10,5,0,3,0.166666667,0,0,29,0,0,0,0,0,0,0,21,40,0
28214,301,148039,3,1,1,0,0,0,0,0,0,18,0.033333333,1,0,0,0,0,0,0,0,0,0,1,1,0
28223,54,652701,1,54,7,25,0,14,1,1,1,3,0.133333333,0,0,0,7,0,0,0,0,0,0,11,13,27
28225,214,156596,2,21,2,5,1,4,0,8,4,224,0.033333333,0,0,0,0,0,0,21,0,0,0,12,21,0
28244,341,156596,1,341,20,42,116,27,0,83,34,224,0.333333333,0,0,0,7,0,1,10,91,16,0,120,130,112
28246,4,41550,1,4,4,0,0,0,0,0,0,21,0.1,0,0,0,1,0,0,0,0,0,1,2,2,0
28254,158,652701,1,158,31,54,5,28,7,6,3,3,0.266666667,0,0,0,22,0,0,0,0,0,0,22,2,38
28257,118,652701,2,15,2,6,0,3,0,0,0,3,0.033333333,0,0,0,0,0,0,0,0,0,0,9,15,0
28258,81,652701,1,81,14,23,0,15,3,0,0,3,0.133333333,0,0,0,0,0,0,0,0,0,0,15,10,17
28269,228,221833,3,135,15,27,19,21,2,39,8,58,0.1,0,0,0,32,0,0,0,0,0,0,43,19,0
28275,683,652701,10,111,24,71,0,3,0,17,1,3,0.3,14,0,14,0,0,0,0,0,0,0,19,12,62
28284,72,652701,1,72,11,16,18,9,2,0,0,3,0.1,0,0,0,0,0,0,0,0,0,0,14,50,0
28292,118,652701,1,118,8,37,9,20,0,0,0,3,0.133333333,0,0,0,0,0,0,0,0,0,0,15,9,4
28300,6,148039,1,6,3,1,0,1,0,1,1,18,0.033333333,6,0,0,0,0,0,0,0,0,0,6,6,0
28312,282,652701,2,168,28,26,4,22,25,13,12,3,0.066666667,0,0,0,0,0,85,0,0,0,0,30,83,0
28351,446,652701,3,49,13,17,2,7,0,0,0,3,0.166666667,5,0,0,0,0,6,0,0,0,0,14,31,5
28360,385,221833,4,376,1,62,52,47,36,171,31,58,0.3,0,30,0,0,17,10,0,0,0,0,74,118,7
28369,98,652701,2,73,14,31,1,9,2,0,0,3,0.1,0,0,0,0,0,0,0,0,0,0,13,4,0
28390,332,652701,2,158,19,43,14,27,2,0,0,3,0.166666667,5,0,0,0,0,0,0,0,0,0,18,11,101
28417,92,652701,1,92,15,20,12,9,3,0,0,3,0.133333333,0,0,0,0,0,0,0,0,0,0,16,28,0
28421,609,156596,1,609,22,99,264,39,4,191,34,224,0.266666667,0,0,42,80,0,0,7,0,0,0,157,151,80
28422,140,652701,1,140,33,27,19,20,16,0,0,3,0.166666667,0,0,0,0,0,0,0,0,0,0,16,68,14
28423,772,652701,4,180,17,53,17,40,3,15,11,3,0.233333333,0,78,71,0,4,0,0,0,0,0,33,1,71
28425,449,148039,8,101,10,37,9,22,8,21,3,18,0.266666667,6,6,0,0,0,4,0,0,0,0,17,22,5
28431,26,148039,1,26,9,7,0,4,2,3,1,18,0.1,19,0,0,0,0,0,0,0,0,0,10,2,0
28452,1,652701,1,1,1,0,0,0,0,0,0,3,0.033333333,0,0,0,0,0,0,0,0,0,0,1,1,0
28454,23,652701,2,15,9,4,0,2,0,2,0,3,0.133333333,0,0,0,2,6,0,0,0,0,0,6,3,6
28457,51,156596,1,51,14,12,0,10,0,15,11,224,0.2,0,0,6,13,0,11,11,0,5,5,20,11,13
28467,99,652701,1,99,34,28,0,17,4,0,0,3,0.133333333,11,0,0,0,0,0,0,0,0,0,8,42,2
28469,300,652701,5,31,7,11,2,3,0,0,0,3,0.1,8,0,0,0,0,0,0,0,0,0,12,23,8
28476,70,652701,2,24,3,5,9,2,0,0,0,3,0.033333333,0,0,0,0,0,0,0,0,0,0,10,24,0
28501,157,652701,2,156,26,38,3,23,34,3,2,3,0.3,0,0,0,17,0,0,0,0,0,0,22,4,9
28508,188,652701,1,188,24,46,11,37,27,18,12,3,0.266666667,10,4,0,70,0,0,0,0,0,0,37,42,20
28527,214,652701,1,214,29,49,14,30,20,22,16,3,0.166666667,0,0,0,0,0,76,0,0,0,0,34,150,0
28529,31,652701,1,31,4,8,5,6,0,0,0,3,0.066666667,0,3,0,0,0,0,0,0,0,0,12,28,0
28554,212,652701,4,143,17,45,9,30,7,5,4,3,0.233333333,0,0,0,0,0,0,0,0,19,0,24,16,71
28581,124,148039,6,87,2,25,0,18,0,40,13,18,0.133333333,13,53,0,7,0,0,0,0,0,0,19,13,53
28583,44,652701,1,44,4,37,0,1,0,21,1,3,0.166666667,6,2,0,0,29,0,0,0,0,0,15,5,2
28584,166,652701,1,166,31,61,0,29,12,0,0,3,0.233333333,12,0,0,0,0,0,0,0,0,0,15,102,12
28589,21,652701,1,21,4,8,4,2,0,0,0,3,0.066666667,0,0,0,0,0,0,0,0,0,0,12,11,0
28594,462,652701,3,50,9,20,2,12,0,0,0,3,0.2,0,0,0,0,0,0,0,0,0,0,9,18,18
28595,332,156596,2,227,30,45,43,27,0,59,20,224,0.166666667,0,11,0,31,0,0,5,0,0,0,32,173,18
28598,17,148039,3,10,5,3,0,1,0,2,1,18,0.066666667,4,0,0,0,6,0,0,0,0,0,6,10,0
28612,231,652701,2,51,5,11,12,8,0,0,0,3,0.133333333,0,0,0,0,0,0,0,0,0,0,14,18,25
28614,71,652701,1,71,12,28,0,10,5,2,2,3,0.166666667,0,0,0,0,0,0,0,10,0,0,19,12,1
28623,232,652701,2,231,65,58,15,40,18,4,0,3,0.466666667,0,0,0,0,10,7,1,0,0,0,17,33,101
28628,121,652701,5,97,9,37,2,18,0,0,0,3,0.133333333,39,0,0,0,0,0,0,4,0,0,14,43,39
28644,1,148039,1,1,1,0,0,0,0,0,0,18,0.033333333,1,0,0,0,0,0,0,0,0,0,1,1,0
28652,73,652701,1,73,6,23,16,0,9,0,0,3,0.066666667,64,0,0,0,0,0,0,0,0,0,11,9,64
28657,417,221833,6,161,7,21,38,16,3,54,18,58,0.133333333,0,0,0,0,0,0,0,0,0,0,32,8,0
28658,1,652701,1,1,1,0,0,0,0,0,0,3,0.033333333,0,0,0,0,0,0,0,0,0,0,1,1,0
28659,36,652701,1,36,2,17,0,5,0,0,0,3,0.066666667,29,0,0,0,0,0,0,0,0,0,9,7,29
28677,29,652701,1,29,7,12,0,8,1,0,0,3,0.066666667,10,0,0,0,0,0,0,0,0,0,8,19,10
28684,515,221833,4,371,24,75,100,45,12,118,31,58,0.166666667,16,23,0,0,0,0,0,0,0,0,70,140,208
28685,104,652701,1,104,17,22,0,15,7,0,0,3,0.133333333,21,19,0,0,0,0,0,0,0,0,15,46,21
28694,52,652701,1,52,16,22,0,6,3,0,0,3,0.3,6,0,0,0,0,0,0,0,0,0,10,14,15
28697,30,156596,1,30,4,5,2,4,0,13,3,224,0.033333333,0,0,0,0,0,0,30,0,0,0,11,30,0
28699,187,652701,2,185,45,24,9,17,22,6,2,3,0.166666667,62,0,37,0,0,0,0,0,13,0,27,131,4
28700,232,221833,3,96,5,23,11,17,0,37,8,58,0.133333333,10,0,62,17,0,0,0,0,0,0,30,24,10
28702,643,652701,5,105,10,15,10,12,19,0,0,3,0.066666667,82,0,0,0,0,0,0,0,0,0,17,23,82
28708,107,652701,1,107,17,56,2,11,8,25,7,3,0.166666667,46,9,27,0,23,0,0,0,0,0,30,69,9
28722,93,148039,3,7,2,3,0,1,0,2,1,18,0.033333333,7,0,0,0,0,0,0,0,0,0,6,7,0
28724,93,221833,3,2,2,0,0,0,0,0,0,58,0.033333333,0,0,0,0,0,0,0,0,0,0,2,2,0
28727,550,652701,2,71,12,31,0,20,0,9,7,3,0.2,7,0,0,0,28,0,7,0,0,0,24,15,44
28744,433,148039,6,48,7,13,0,9,10,5,4,18,0.1,9,0,0,0,0,0,0,0,0,0,10,28,0
28761,1731,652701,9,171,28,44,26,31,18,3,1,3,0.266666667,9,30,0,31,0,0,0,0,0,0,26,76,0
28766,52,652701,1,52,3,9,14,7,0,0,0,3,0.066666667,32,20,0,0,0,0,0,0,0,0,13,32,20
28771,30,148039,1,30,2,10,2,7,0,9,3,18,0.066666667,0,21,0,0,0,0,0,0,0,0,10,9,0
28793,844,41550,3,607,12,84,54,68,38,251,76,21,0.3,0,0,0,142,150,36,0,4,0,82,108,17,82
28795,273,156596,2,1,1,0,0,0,0,0,0,224,0.033333333,0,0,0,0,0,0,1,0,0,0,1,1,0
28802,326,652701,3,25,6,5,0,3,2,0,0,3,0.066666667,20,0,0,0,0,0,0,0,0,0,8,5,0
28814,112,652701,1,112,19,35,8,25,7,12,10,3,0.266666667,8,0,53,0,0,0,0,0,0,0,34,2,5
28821,214,652701,3,112,24,30,0,15,8,0,0,3,0.233333333,32,0,0,0,0,0,0,0,0,0,14,1,6
28824,158,652701,1,158,24,45,32,30,1,12,7,3,0.2,19,2,8,0,0,29,0,0,0,0,21,98,2
28831,9,652701,2,1,1,0,0,0,0,0,0,3,0.033333333,1,0,0,0,0,0,0,0,0,0,1,1,0
28834,65,652701,1,65,16,19,4,11,8,0,0,3,0.166666667,28,0,0,0,0,0,0,0,0,0,15,29,8
28853,84,652701,2,81,12,33,5,14,3,6,0,3,0.166666667,12,0,0,0,0,0,0,0,0,17,15,40,5
28856,625,148039,3,110,8,38,8,20,3,41,14,18,0.166666667,0,5,0,0,0,0,0,0,0,0,21,29,0
28857,83,652701,1,83,19,30,0,15,2,0,0,3,0.233333333,15,0,0,0,0,0,0,0,0,0,13,27,12
28861,53,652701,1,53,18,18,3,3,1,0,0,3,0.066666667,45,0,0,0,0,0,0,0,0,0,15,45,0
28863,41,652701,1,41,4,9,9,5,0,0,0,3,0.1,17,0,0,0,0,0,0,0,0,0,11,18,0
28864,9,148039,1,9,2,3,0,2,0,2,2,18,0.033333333,0,9,0,0,0,0,0,0,0,0,7,9,0
28866,18,41550,1,18,9,4,0,3,1,3,1,21,0.033333333,0,0,0,0,0,0,0,0,0,0,9,18,0
28873,15,652701,1,15,3,5,0,3,0,0,0,3,0.033333333,15,0,0,0,0,0,0,0,0,0,8,15,0
28895,62,652701,2,51,20,12,4,7,0,0,0,3,0.1,22,0,0,0,0,0,0,0,0,0,15,15,14
28896,62,41550,2,11,4,1,0,1,0,3,3,21,0.066666667,0,0,0,0,0,0,0,0,0,0,7,9,0
28897,122,652701,1,122,19,28,19,17,7,2,0,3,0.3,6,0,0,9,0,0,0,0,0,0,20,47,4
28905,222,221833,3,42,3,23,0,10,0,15,4,58,0.033333333,42,0,0,0,0,0,0,0,0,0,16,42,0
28912,528,652701,6,70,11,6,5,5,28,0,0,3,0.066666667,69,0,0,0,0,0,0,0,0,0,14,1,0
28914,93,652701,1,93,16,24,2,16,10,0,0,3,0.2,46,0,0,0,0,0,0,0,0,0,16,21,6
28916,39,652701,1,39,3,19,5,6,0,0,0,3,0.066666667,25,0,0,0,0,0,0,0,0,0,9,39,0
28924,199,652701,1,199,24,45,37,27,17,0,0,3,0.2,30,0,0,0,0,0,0,0,0,0,18,103,4
28928,70,156596,1,70,10,9,19,7,0,16,6,224,0.033333333,0,0,0,0,0,0,70,0,0,0,21,70,0
28937,58,652701,1,58,12,14,4,10,3,0,0,3,0.066666667,43,0,0,0,0,0,0,0,0,0,15,15,0
28941,17,652701,1,17,5,8,0,3,0,0,0,3,0.066666667,7,0,0,0,0,0,0,0,0,0,6,10,0
28947,211,652701,1,211,27,27,7,16,16,0,0,3,0.1,63,0,0,0,0,0,0,0,0,0,15,39,0
28962,26,652701,1,26,6,12,0,3,3,0,0,3,0.233333333,3,0,0,0,0,0,0,0,0,0,8,9,0
28967,2311,652701,5,183,35,68,7,12,31,13,1,3,0.366666667,4,0,31,0,0,0,0,0,1,0,29,3,165
28973,156,652701,3,45,10,18,5,0,2,0,0,3,0.133333333,25,0,0,0,0,0,0,0,0,0,13,16,25
28981,196,652701,3,136,22,41,13,30,8,11,1,3,0.333333333,30,0,0,0,36,0,0,0,0,0,32,17,36
28994,1490,148039,4,1,1,0,0,0,0,0,0,18,0.033333333,0,1,0,0,0,0,0,0,0,0,1,1,0
28996,371,652701,5,91,16,26,7,18,13,12,9,3,0.2,3,0,0,0,0,64,0,0,0,0,28,8,4
28997,50,652701,3,7,1,3,0,1,0,0,0,3,0.033333333,7,0,0,0,0,0,0,0,0,0,5,7,0
28999,66,652701,1,66,12,18,9,11,3,0,0,3,0.1,31,0,0,0,0,0,0,0,0,0,15,26,9
29016,99,652701,1,99,14,28,19,13,10,0,0,3,0.1,22,0,0,0,0,0,0,0,0,0,12,68,0
29027,83,652701,1,83,18,17,12,9,5,0,0,3,0.2,23,0,0,0,0,0,0,0,0,0,13,38,39
29038,7,652701,2,1,1,0,0,0,0,0,0,3,0.033333333,1,0,0,0,0,0,0,0,0,0,1,1,0
29042,246,652701,3,244,29,41,51,26,57,9,5,3,0.233333333,46,0,0,27,0,29,0,0,0,0,28,73,27
29043,177,148039,4,6,3,2,0,1,0,1,0,18,0.066666667,0,1,0,0,0,0,0,0,0,0,4,1,5
29046,16,652701,1,16,2,5,1,3,0,0,0,3,0.033333333,16,0,0,0,0,0,0,0,0,0,9,16,0
29056,2,652701,1,2,2,0,0,0,0,0,0,3,0.033333333,2,0,0,0,0,0,0,0,0,0,1,2,0
29062,10,652701,1,10,4,3,0,1,0,0,0,3,0.033333333,10,0,0,0,0,0,0,0,0,0,5,10,0
29064,308,652701,2,115,19,33,4,23,3,6,3,3,0.133333333,8,0,0,25,0,0,0,0,0,0,24,49,0
29071,267,221833,1,267,18,55,41,40,10,96,21,58,0.2,9,0,0,0,0,0,0,0,8,0,56,12,11
29082,599,652701,7,48,11,23,0,10,0,0,0,3,0.266666667,11,0,0,0,0,0,0,0,0,0,9,6,16
29092,330,652701,1,330,56,55,27,35,58,0,0,3,0.166666667,69,0,0,0,0,0,0,0,0,0,13,33,24
29100,2172,221833,5,1608,120,298,77,228,449,451,91,58,0.333333333,329,213,163,209,0,0,0,0,0,0,126,213,226
29102,760,652701,7,92,8,31,11,16,0,0,0,3,0.1,78,0,0,0,0,0,0,0,0,0,15,92,0
29111,66,652701,1,66,12,13,8,7,1,0,0,3,0.133333333,16,0,0,0,0,0,0,0,0,0,12,37,0
29119,626,156596,1,626,24,142,129,35,47,261,51,224,0.266666667,0,150,10,0,44,40,80,0,0,0,137,190,222
29130,1795,221833,8,306,11,56,64,48,6,109,24,58,0.2,41,0,0,7,0,0,0,0,0,0,64,85,109
29139,47,652701,1,47,11,10,3,6,0,0,0,3,0.1,31,0,4,0,0,0,0,0,0,0,12,12,31
29148,8,652701,2,6,4,2,0,0,0,0,0,3,0.066666667,4,0,0,0,0,0,0,0,0,0,4,2,4
29150,59,652701,4,6,2,2,0,1,0,0,0,3,0.033333333,6,0,0,0,0,0,0,0,0,0,4,6,0
29165,1,652701,1,1,1,0,0,0,0,0,0,3,0.033333333,1,0,0,0,0,0,0,0,0,0,1,1,0
29170,56,652701,1,56,9,18,6,12,1,8,7,3,0.066666667,23,0,33,0,0,0,0,0,0,0,24,23,0
29172,27,652701,1,27,9,8,0,5,0,0,0,3,0.066666667,13,0,0,0,0,0,0,0,0,0,13,27,0
29175,123,652701,1,123,16,40,8,30,0,9,8,3,0.166666667,14,0,24,0,0,0,0,0,21,0,29,86,2
29198,2082,148039,15,208,22,56,5,42,29,51,27,18,0.3,0,5,0,0,0,5,0,0,0,0,31,97,30
29202,712,156596,5,146,23,52,3,33,0,35,15,224,0.433333333,0,0,2,0,0,0,0,5,0,0,16,27,14
29211,31,221833,2,24,5,3,4,2,1,6,3,58,0.133333333,1,0,0,0,0,0,0,0,0,0,10,21,1
29222,339,652701,2,93,10,17,11,13,8,0,0,3,0.133333333,47,0,0,0,0,0,0,0,0,0,15,29,0
29234,337,652701,1,337,36,105,24,60,17,12,7,3,0.466666667,57,0,0,0,0,39,0,0,0,0,30,41,49
29235,778,221833,10,206,9,57,21,26,2,91,17,58,0.2,17,0,0,0,5,0,0,0,0,0,51,156,0
29236,154,652701,2,144,24,28,14,18,9,0,0,3,0.166666667,35,69,0,0,0,0,0,0,0,0,18,5,0
29243,33,41550,3,1,1,0,0,0,0,0,0,21,0.033333333,0,0,0,0,0,0,0,0,0,0,1,1,0
29245,166,652701,1,166,24,43,8,30,4,8,6,3,0.2,42,0,0,0,0,26,0,0,0,0,30,2,0
29261,1754,156596,6,434,28,77,139,52,1,109,32,224,0.5,0,0,47,48,0,0,0,5,48,0,96,230,68
29264,10,652701,1,10,1,2,0,1,2,0,0,3,0.033333333,10,0,0,0,0,0,0,0,0,0,4,10,0
29279,63,652701,1,63,9,17,15,9,3,0,0,3,0.066666667,8,0,0,0,0,0,0,0,0,0,8,55,0
29282,125,148039,1,125,19,26,6,18,27,31,9,18,0.1,0,19,0,0,0,0,0,0,0,0,25,93,0
29291,195,652701,2,99,6,23,17,18,5,9,7,3,0.166666667,32,14,0,0,37,0,0,0,0,0,29,74,14
29292,316,652701,2,70,19,13,8,12,1,8,5,3,0.166666667,18,0,39,0,0,0,0,0,0,0,24,5,39
29299,76,652701,1,76,16,18,4,12,1,2,1,3,0.2,21,25,14,0,0,3,0,0,0,0,16,21,28
29312,96,652701,1,96,18,45,2,15,7,2,1,3,0.266666667,10,3,0,0,9,0,0,0,0,0,15,6,55
29313,294,652701,3,157,23,34,10,20,20,0,0,3,0.266666667,35,41,0,0,0,1,0,0,0,0,19,31,9
29314,166,652701,1,166,18,40,13,4,32,2,0,3,0.166666667,50,0,0,0,0,9,0,0,0,0,18,119,18
29328,118,652701,1,118,17,25,18,12,16,2,0,3,0.166666667,43,0,0,0,0,9,0,0,0,0,19,32,0
29338,412,221833,3,380,36,91,28,65,55,97,26,58,0.4,8,0,0,16,0,0,0,4,0,0,54,273,8
29339,6,221833,2,1,1,0,0,0,0,0,0,58,0.033333333,1,0,0,0,0,0,0,0,0,0,1,1,0
29342,15,652701,1,15,5,9,0,0,0,0,0,3,0.033333333,15,0,0,0,0,0,0,0,0,0,9,15,0
29344,747,652701,4,135,26,33,14,25,2,5,1,3,0.233333333,66,0,0,0,31,0,0,0,0,0,24,1,118
29371,380,148039,5,16,6,3,0,2,3,2,2,18,0.1,0,10,0,0,0,0,0,0,0,0,8,10,5
29379,94,652701,1,94,12,24,9,18,2,10,5,3,0.1,4,0,0,0,0,37,0,0,0,0,32,53,0
29382,14,148039,1,14,3,6,0,3,0,3,2,18,0.066666667,0,7,0,0,0,0,0,0,0,0,7,7,7
29387,458,652701,4,77,15,31,4,11,0,8,0,3,0.2,8,37,0,14,0,0,0,0,0,0,24,28,8
29391,1329,156596,3,1309,84,184,215,141,155,445,150,224,0.5,0,154,131,15,1,0,0,46,56,0,278,379,172
29401,229,652701,2,51,9,20,2,9,0,1,1,3,0.166666667,23,0,7,0,0,0,0,0,0,0,15,31,0
29403,178,221833,2,177,9,34,37,27,0,56,17,58,0.166666667,21,0,0,0,0,0,0,0,0,0,59,112,0
29409,51,652701,1,51,11,17,0,10,1,0,0,3,0.166666667,22,0,0,0,0,0,0,0,0,0,10,2,9
29410,114,652701,1,114,33,42,6,20,7,13,0,3,0.2,7,18,0,38,0,0,0,0,0,0,22,10,38
29420,667,652701,6,108,13,32,11,19,6,0,0,3,0.3,65,0,0,5,0,0,4,0,0,0,14,25,0
29443,5014,156596,5,318,50,76,46,36,37,63,18,224,0.5,0,0,4,4,0,0,0,2,46,0,44,102,5
29445,28,652701,3,19,4,3,1,2,0,0,0,3,0.066666667,18,0,0,0,0,0,0,0,0,0,8,1,0
29476,131,652701,1,131,17,34,19,20,22,13,6,3,0.166666667,33,0,25,0,0,0,0,0,0,0,27,47,26
29485,1362,41550,4,3,3,0,0,0,0,0,0,21,0.033333333,0,0,0,0,0,0,0,0,0,0,2,3,0
29491,86,652701,3,60,15,17,2,11,4,0,0,3,0.133333333,22,0,0,0,0,0,0,0,0,0,14,20,26
29519,1031,221833,8,14,3,5,1,2,0,4,1,58,0.066666667,4,0,0,0,0,0,0,0,0,0,8,10,4
29533,81,156596,3,55,10,13,6,8,0,19,6,224,0.133333333,0,0,0,0,0,0,0,2,0,0,15,43,0
29552,388,156596,6,221,17,46,25,37,0,74,38,224,0.233333333,0,0,0,0,0,0,0,25,0,0,51,26,12
29568,353,221833,6,221,19,90,15,42,12,65,14,58,0.266666667,41,0,0,15,0,0,0,0,0,0,32,35,98
29583,12,652701,1,12,2,4,0,2,0,0,0,3,0.033333333,0,12,0,0,0,0,0,0,0,0,6,12,0
29609,172,907118,1,172,18,74,2,50,1,55,21,19,0.366666667,0,0,3,32,16,0,0,0,0,0,44,41,21
29610,966,907118,3,435,50,160,32,111,5,120,41,19,0.666666667,0,0,0,0,0,31,38,4,4,33,84,127,37
29615,189,155579,2,169,11,22,30,4,7,74,33,17,0.1,0,0,147,8,0,0,0,0,0,0,30,14,147
29622,363,907118,1,363,56,193,28,12,28,179,11,19,0.433333333,0,0,59,3,0,0,0,0,0,0,68,55,76
29623,767,155579,5,624,69,277,49,50,28,316,39,17,0.6,0,0,5,80,21,41,16,7,0,15,71,208,296
29648,85,907118,1,85,23,41,0,13,0,20,5,19,0.066666667,0,0,0,0,0,0,0,0,0,0,13,42,43
29658,310,907118,1,310,75,128,3,66,0,59,25,19,0.333333333,39,0,0,0,14,21,0,0,13,48,40,95,18
29678,161,907118,2,155,22,60,4,40,1,44,20,19,0.2,0,0,0,0,0,0,0,0,0,0,40,54,7
29681,403,907118,2,340,46,161,15,92,0,115,18,19,0.333333333,0,68,0,0,6,0,0,0,64,19,61,13,73
29686,506,907118,1,506,8,129,55,98,140,119,36,19,0.4,0,0,0,0,34,38,0,0,0,13,67,71,86
29701,14,907118,1,14,4,3,0,3,0,4,3,19,0.066666667,0,0,0,0,0,0,0,0,0,0,10,12,2
29707,9,907118,2,7,4,2,0,1,0,1,0,19,0.066666667,0,0,0,0,0,0,0,0,0,0,4,3,0
29711,1028,155579,3,579,51,194,83,59,33,233,20,17,0.533333333,4,83,112,0,0,3,35,1,0,0,64,150,13
29718,111,89830,1,111,2,23,7,20,0,53,25,108,0.066666667,0,0,0,0,0,0,10,0,101,0,26,10,0
29744,192,907118,1,192,49,72,6,42,1,37,17,19,0.233333333,18,0,0,0,0,0,0,0,0,0,47,56,74
29746,122,907118,3,110,9,50,0,31,0,41,20,19,0.133333333,0,0,0,0,0,0,0,0,0,0,29,7,61
29748,487,91935,4,268,20,95,39,55,0,77,38,26,0.266666667,0,71,8,0,32,0,0,0,0,19,78,20,101
29751,148,907118,1,148,13,58,6,42,0,51,25,19,0.2,0,0,0,0,0,0,0,0,0,23,46,95,1
29755,137,907118,1,137,24,43,12,33,4,30,15,19,0.166666667,0,0,0,0,0,0,7,0,0,0,38,77,10
29772,417,907118,2,312,24,117,25,74,10,106,40,19,0.266666667,0,0,0,34,28,0,14,0,1,64,53,73,95
29773,626,155579,3,441,15,115,139,75,0,159,0,17,0.333333333,0,46,97,24,4,0,0,0,0,41,56,192,51
29774,221,907118,1,221,25,100,28,30,6,71,24,19,0.333333333,0,0,0,6,0,0,31,0,0,7,71,55,133
29779,327,155579,1,327,30,61,39,43,40,98,47,17,0.266666667,0,12,62,0,0,0,0,0,0,0,37,118,24
29783,402,907118,2,386,97,135,10,85,14,91,37,19,0.366666667,0,0,0,0,10,0,0,0,7,0,71,182,16
29785,146,907118,2,118,13,42,8,33,2,26,16,19,0.2,10,0,0,13,0,0,0,0,0,0,43,8,13
29791,2,907118,1,2,2,0,0,0,0,0,0,19,0.033333333,0,0,0,0,0,0,0,0,0,0,2,2,0
29811,154,907118,1,154,8,57,11,49,0,46,27,19,0.133333333,0,0,0,0,0,0,28,0,0,0,66,103,47
29839,707,155579,1,707,96,245,87,80,9,327,45,17,0.4,0,0,187,0,0,0,14,0,45,0,83,28,155
29845,220,907118,2,165,28,76,8,26,10,56,9,19,0.2,0,0,13,0,0,0,0,0,0,0,36,76,0
29849,13,89830,1,13,5,4,0,2,0,3,2,108,0.066666667,0,0,0,0,0,0,1,0,0,0,7,12,0
29857,75,907118,1,75,25,13,0,9,21,9,0,19,0.066666667,0,0,0,0,0,0,0,0,0,0,10,67,8
29860,1135,907118,8,143,21,64,6,45,0,38,7,19,0.333333333,0,0,0,25,11,7,0,0,0,0,33,38,45
29866,281,907118,2,207,21,110,6,48,0,74,15,19,0.2,0,0,0,0,0,0,0,8,34,0,42,12,0
29871,247,907118,1,247,55,76,8,36,34,65,11,19,0.2,0,0,0,0,0,10,0,0,0,0,31,160,60
29884,52,91935,2,16,3,8,0,3,0,3,2,26,0.033333333,0,0,0,0,16,0,0,0,0,0,5,16,0
29885,163,907118,1,163,13,63,8,47,7,54,18,19,0.2,0,0,13,0,0,0,0,0,63,0,41,31,0
29905,538,155579,8,365,18,55,65,45,3,142,69,17,0.2,0,32,12,0,44,0,0,0,112,0,89,98,0
29913,1444,89830,9,1192,76,248,170,160,91,402,128,108,0.8,0,84,0,44,94,115,42,119,75,10,183,252,94
29916,123,907118,1,123,14,51,12,37,0,37,0,19,0.266666667,0,37,0,0,0,0,12,0,5,0,24,12,10
29925,221,907118,4,115,21,39,0,22,16,24,5,19,0.1,0,0,0,0,0,0,0,0,0,0,16,68,47
29926,247,907118,3,155,28,73,0,44,0,41,0,19,0.2,0,0,12,0,0,0,0,0,0,0,20,73,12
29938,278,907118,2,160,21,61,3,45,2,46,18,19,0.1,0,0,0,0,0,0,0,0,0,0,35,45,0
29940,447,91935,3,90,13,28,30,15,0,19,0,26,0.1,0,0,0,77,3,10,0,0,0,0,18,77,3
29945,13,907118,1,13,1,5,0,4,0,4,3,19,0.033333333,0,0,0,0,0,0,0,0,0,0,9,13,0
29957,373,907118,2,244,15,122,4,62,16,93,17,19,0.3,0,0,0,0,0,0,0,0,4,0,39,1,59
29971,103,907118,1,103,17,44,0,20,2,36,4,19,0.1,0,0,0,0,0,0,0,0,0,0,16,31,21
29985,477,907118,2,243,38,96,11,53,12,62,27,19,0.266666667,0,43,0,0,0,0,0,0,0,35,69,63,79
29993,163,907118,1,163,20,78,2,37,6,51,18,19,0.066666667,0,0,0,0,0,0,0,0,0,0,34,82,0
30003,3,89830,1,3,3,0,0,0,0,0,0,108,0.033333333,0,0,0,0,0,0,3,0,0,0,2,3,0
30004,974,91935,7,406,30,141,36,101,29,91,49,26,0.433333333,0,0,0,6,7,0,7,10,4,0,74,242,0
30008,222,91935,1,222,9,73,78,39,1,55,19,26,0.166666667,0,0,0,0,106,0,0,5,0,0,55,101,10
30022,374,907118,2,363,51,64,20,48,131,61,23,19,0.266666667,0,0,0,0,0,0,0,0,0,0,58,17,49
30033,1337,907118,2,1267,85,376,59,295,242,303,137,19,0.633333333,35,89,23,48,22,44,312,253,52,83,82,113,126
30036,9,155579,2,8,5,1,0,1,0,1,1,17,0.033333333,0,0,8,0,0,0,0,0,0,0,6,8,0
30037,9,89830,2,1,1,0,0,0,0,0,0,108,0.033333333,0,0,0,0,0,0,1,0,0,0,1,1,0
30051,103,907118,1,103,7,38,8,25,13,31,10,19,0.066666667,0,0,0,0,0,0,0,0,0,0,34,69,0
30052,627,907118,4,122,9,37,17,29,5,36,6,19,0.233333333,0,0,0,0,0,0,0,37,0,0,27,21,0
30068,888,907118,6,220,36,90,14,45,4,76,12,19,0.2,0,0,0,0,0,0,0,0,0,0,47,29,36
30073,547,907118,2,251,40,75,19,55,23,61,16,19,0.3,0,0,0,0,0,0,0,0,0,0,53,25,18
30074,462,907118,1,462,31,152,59,103,14,166,49,19,0.666666667,0,0,15,0,12,3,0,6,8,47,96,84,127
30089,413,91935,2,368,22,117,104,59,0,97,42,26,0.333333333,0,0,0,7,56,0,0,0,0,0,74,201,145
30094,345,907118,1,345,31,162,34,72,2,151,10,19,0.4,33,0,39,0,0,0,0,12,38,0,73,27,76
30100,133,907118,1,133,19,55,3,27,7,45,17,19,0.2,0,0,0,0,0,0,0,0,0,0,33,10,63
30124,974,907118,7,290,31,88,32,59,23,69,24,19,0.366666667,0,0,52,18,0,0,0,0,0,64,68,46,162
30134,951,91935,4,200,13,55,42,47,1,48,35,26,0.166666667,0,0,0,0,33,24,0,0,0,0,76,141,24
30139,101,907118,1,101,9,45,6,21,2,30,11,19,0.166666667,0,0,0,0,0,0,0,0,0,0,34,35,0
30141,1336,89830,4,2,2,0,0,0,0,0,0,108,0.033333333,0,0,0,0,0,0,2,0,0,0,2,2,0
30144,193,907118,1,193,37,56,10,45,13,41,19,19,0.133333333,0,0,0,0,0,0,0,0,0,0,39,24,62
30145,68,907118,1,68,13,27,10,14,1,18,1,19,0.133333333,0,0,0,0,9,0,0,0,0,0,19,2,16
30157,502,155579,1,502,65,123,50,85,30,145,55,17,0.733333333,0,63,20,0,0,0,0,4,67,10,94,136,93
30163,41,907118,1,41,5,16,0,12,0,13,6,19,0.1,0,0,0,0,0,0,0,0,0,0,12,14,0
30168,366,907118,1,366,21,125,31,101,12,134,41,19,0.266666667,0,0,83,22,70,0,0,0,0,81,76,53,10
30173,257,907118,1,257,14,84,36,64,10,92,25,19,0.133333333,0,0,0,0,0,0,0,0,99,0,69,47,111
30186,316,907118,2,307,15,82,60,59,22,85,36,19,0.3,0,0,0,66,0,0,0,0,41,0,90,23,24
30209,146,155579,3,62,9,14,2,10,9,16,8,17,0.1,0,0,20,0,0,0,0,0,0,0,10,13,29
30211,245,91935,2,1,1,0,0,0,0,0,0,26,0.033333333,0,0,0,0,1,0,0,0,0,0,1,1,0
30238,232,907118,1,232,28,77,8,40,48,53,14,19,0.4,0,18,0,0,0,6,0,4,22,0,44,50,0
30240,145,907118,1,145,17,56,10,40,0,29,20,19,0.1,0,0,0,0,0,0,0,0,0,0,31,52,93
30245,135,907118,1,135,13,48,11,35,3,35,15,19,0.133333333,0,0,0,0,0,0,0,0,0,0,35,34,44
30272,858,155579,5,779,57,260,38,133,44,324,86,17,0.6,0,71,52,36,110,1,9,0,83,0,89,223,176
30273,35,907118,1,35,11,13,0,5,0,8,3,19,0.066666667,0,0,0,0,0,0,0,0,0,0,13,5,30
30275,1039,907118,5,203,18,97,7,54,0,74,20,19,0.233333333,0,0,24,0,0,0,0,0,0,0,39,63,49
30278,23,91935,1,23,3,10,4,5,0,3,1,26,0.033333333,0,0,0,0,23,0,0,0,0,0,9,23,0
30288,62,907118,2,27,10,7,0,4,2,3,0,19,0.1,2,0,0,0,0,0,0,0,0,0,6,17,2
30301,281,907118,1,281,28,75,28,61,31,74,28,19,0.266666667,0,0,0,0,0,0,0,75,16,0,70,10,59
30302,164,907118,2,157,26,73,7,26,2,55,14,19,0.133333333,0,0,0,0,0,0,0,0,0,0,39,45,59
30309,82,907118,1,82,7,33,3,21,0,32,11,19,0.066666667,0,0,0,0,0,0,0,0,0,0,28,55,27
30325,2899,155579,9,411,76,97,83,48,37,98,31,17,0.4,0,0,54,0,0,0,5,0,5,0,81,57,65
30332,53,907118,1,53,7,16,6,10,0,18,4,19,0.1,0,0,0,0,0,0,0,0,0,0,13,24,6
30334,262,907118,1,262,8,80,30,75,7,86,39,19,0.166666667,0,0,6,0,0,0,0,0,0,0,62,64,32
30335,24,89830,2,7,3,3,0,1,0,2,0,108,0.033333333,0,0,0,0,0,0,7,0,0,0,4,7,0
30341,75,907118,2,58,11,18,5,17,1,20,0,19,0.033333333,0,0,0,0,0,0,0,0,0,0,20,58,0
30342,93,907118,1,93,9,41,6,24,0,37,8,19,0.1,0,0,0,0,0,0,0,0,0,8,27,36,49
30345,1090,907118,7,503,27,186,41,136,2,192,73,19,0.466666667,0,91,0,6,27,0,0,15,0,44,86,81,27
30346,627,91935,4,465,68,135,64,81,69,51,28,26,0.766666667,0,16,0,0,17,16,0,13,11,12,80,103,24
30355,1,89830,1,1,1,0,0,0,0,0,0,108,0.033333333,0,0,0,0,0,0,1,0,0,0,1,1,0
30362,83,907118,1,83,24,44,0,13,0,41,0,19,0.1,0,0,0,0,0,0,0,0,0,0,14,42,0
30365,826,91935,2,182,26,53,5,37,17,43,27,26,0.266666667,0,0,0,0,4,0,0,0,0,0,26,12,58
30369,25,907118,1,25,12,4,0,3,5,3,0,19,0.033333333,0,0,0,0,0,0,0,0,0,0,10,25,0
30380,791,155579,4,536,72,131,48,100,44,131,66,17,0.533333333,0,2,34,66,0,0,0,0,29,0,85,183,151
30401,607,91935,5,181,17,104,22,22,0,78,9,26,0.533333333,4,0,9,40,2,0,0,7,5,2,57,30,116
30429,1662,89830,3,1244,73,209,164,127,92,482,134,108,0.433333333,0,0,222,60,0,0,65,217,0,0,183,183,118
30434,641,91935,6,20,5,8,0,4,2,1,1,26,0.133333333,4,0,0,0,5,0,0,0,0,0,5,5,0
30436,106,907118,1,106,9,44,16,27,0,31,2,19,0.166666667,0,0,0,0,19,0,0,0,16,0,25,41,0
30453,188,907118,1,188,17,98,8,37,2,66,21,19,0.266666667,2,0,17,0,0,0,0,0,0,0,47,93,46
30456,297,907118,1,297,44,89,35,72,2,72,30,19,0.4,12,0,0,0,0,0,4,43,87,18,65,126,38
30457,11,907118,1,11,3,5,0,2,0,4,1,19,0.033333333,0,0,0,0,0,0,0,0,0,0,7,11,0
30458,537,907118,2,396,28,141,59,89,23,124,27,19,0.4,0,0,0,95,0,0,0,0,0,75,87,79,152
30459,185,155579,4,25,9,9,0,5,0,2,2,17,0.133333333,0,0,5,0,0,0,0,0,0,0,7,6,11
30465,243,91935,3,41,4,15,0,7,0,17,8,26,0.066666667,0,0,0,0,25,0,0,16,0,0,14,25,0
30468,55,907118,2,42,18,12,0,7,1,8,3,19,0.1,0,0,0,0,0,0,0,0,0,0,14,2,0
30478,1417,91935,10,47,4,16,7,13,0,13,7,26,0.033333333,0,0,0,0,47,0,0,0,0,0,19,47,0
30484,446,907118,1,446,55,166,24,113,9,130,38,19,0.433333333,0,0,0,8,0,0,0,0,132,0,61,207,6
30512,297,907118,2,296,37,98,33,59,12,73,20,19,0.333333333,11,0,0,0,0,0,5,49,0,0,59,31,97
30514,175,907118,1,175,13,55,23,43,0,52,22,19,0.2,0,0,0,0,0,0,0,9,94,0,58,21,6
30536,105,907118,1,105,10,52,8,23,0,32,9,19,0.1,0,0,0,0,0,0,0,0,0,0,29,18,0
30539,1,907118,1,1,1,0,0,0,0,0,0,19,0.033333333,0,0,0,0,0,0,0,0,0,0,1,1,0
30547,21,907118,1,21,10,3,0,2,3,3,1,19,0.033333333,0,0,0,0,0,0,0,0,0,0,8,21,0
30552,361,907118,2,298,21,110,24,86,10,100,36,19,0.233333333,0,0,0,0,0,0,0,2,0,0,55,23,61
30556,12,907118,1,12,3,6,0,3,0,1,0,19,0.1,0,0,4,0,0,0,4,0,0,0,4,8,0
30572,38,155579,3,8,4,2,0,1,0,1,1,17,0.033333333,0,0,8,0,0,0,0,0,0,0,5,8,0
30590,56,907118,1,56,9,28,0,12,1,16,3,19,0.1,0,0,0,0,0,0,0,0,0,0,13,14,26
30593,710,907118,6,336,31,123,21,85,6,114,37,19,0.566666667,6,0,38,0,0,29,50,0,0,36,77,39,93
30594,188,907118,8,15,2,8,0,5,0,5,0,19,0.066666667,0,0,0,0,0,0,0,0,0,0,7,10,0
30608,246,907118,1,246,2,98,23,71,0,103,32,19,0.366666667,0,0,1,0,1,0,0,87,4,0,52,74,17
30619,1705,155579,5,832,139,232,71,136,73,240,79,17,0.4,0,0,73,21,65,81,0,116,59,116,93,42,65
30632,2501,91935,16,281,33,84,40,59,11,51,38,26,0.5,0,0,0,0,4,1,4,0,37,0,96,183,40
30654,6,21216,1,6,2,2,0,1,0,1,1,19,0.033333333,0,0,0,0,0,0,0,0,0,0,5,6,0
30655,188,148500,1,188,6,42,30,36,3,71,32,29,0.033333333,0,0,0,0,0,0,0,0,0,188,38,188,0
30672,1,21216,1,1,1,0,0,0,0,0,0,19,0.033333333,0,0,0,0,0,0,0,0,0,0,1,1,0
30674,1,148500,1,1,1,0,0,0,0,0,0,29,0.033333333,0,0,0,0,0,0,0,0,0,1,1,1,0
30687,16,21216,2,15,5,6,0,3,0,1,1,19,0.133333333,0,0,0,0,0,0,0,0,0,0,6,1,0
30698,415,21216,5,138,20,29,0,2,62,23,11,19,0.3,14,0,0,0,0,0,0,0,0,0,16,58,24
30704,376,21216,3,22,6,10,0,1,0,6,2,19,0.166666667,0,5,0,0,0,0,0,0,0,0,8,4,0
30719,85,148500,4,1,1,0,0,0,0,0,0,29,0.033333333,0,0,0,0,0,0,0,0,0,1,1,1,0
30731,110,148500,1,110,25,21,6,16,0,38,19,29,0.133333333,0,0,0,0,34,25,0,31,0,20,26,34,25
30739,16,21216,2,10,2,4,0,3,0,3,1,19,0.033333333,0,0,0,0,0,0,0,0,0,0,7,10,0
30742,1117,148500,4,559,30,140,99,91,50,197,28,29,0.433333333,0,0,0,66,23,0,0,0,0,4,75,87,82
30750,638,148500,3,636,27,92,198,27,34,221,50,29,0.333333333,51,0,0,0,67,0,0,4,0,29,93,82,161
30761,25,140022,1,25,4,19,0,0,1,13,0,232,0.066666667,0,0,0,0,9,0,0,0,16,0,10,9,0
30770,395,247683,1,395,35,127,26,112,45,103,39,23,0.3,0,0,0,0,0,21,0,90,83,10,104,93,21
30777,404,457932,1,404,32,127,78,30,87,115,25,21,0.133333333,0,243,0,0,0,15,73,0,73,0,80,258,73
30784,680,346877,13,235,21,89,35,35,5,94,19,9,0.133333333,0,79,0,62,0,0,0,10,84,0,56,79,0
30797,4153,85576,8,475,40,88,169,55,61,48,16,54,0.333333333,0,8,0,0,14,0,0,4,78,0,94,332,0
30800,460,878119,1,460,57,188,56,68,32,140,30,20,0.366666667,0,0,63,0,38,0,0,32,0,0,74,123,80
30801,140,334927,1,140,12,49,18,32,3,38,16,7,0.166666667,0,18,0,0,0,0,0,10,0,0,36,57,0
30824,744,86829,3,704,35,150,268,82,64,143,35,63,0.266666667,0,229,0,0,0,197,9,0,14,0,100,7,0
30828,43,346877,2,8,2,4,0,1,0,3,1,9,0.066666667,0,0,0,0,0,0,0,1,0,0,5,7,0
30829,6,334927,1,6,2,0,0,0,4,0,0,7,0.033333333,0,6,0,0,0,0,0,0,0,0,3,6,0
30836,30,878119,2,10,2,4,0,4,0,4,0,20,0.033333333,0,0,0,0,0,0,0,0,0,0,4,10,0
30839,82,34988,2,71,4,33,0,11,0,41,5,108,0.1,0,0,0,0,0,0,0,0,0,0,12,57,14
30851,551,148500,2,411,12,136,82,70,5,180,23,29,0.5,0,0,0,0,64,0,0,0,12,0,66,84,173
30865,55,260769,1,55,2,22,5,11,0,21,10,0,0.066666667,0,0,0,0,5,50,0,0,0,0,27,5,50
30868,1,250865,1,1,1,0,0,0,0,0,0,34,0.033333333,0,0,0,0,1,0,0,0,0,0,1,1,0
30871,2899,148500,9,395,19,66,86,40,64,108,24,29,0.2,0,0,0,0,0,0,0,0,0,0,62,110,156
30874,7,878119,1,7,2,3,0,1,0,2,1,20,0.033333333,0,0,0,0,0,0,0,0,0,0,6,7,0
30878,2234,334927,4,431,88,159,33,54,72,82,16,7,0.4,0,17,12,0,0,0,0,0,8,53,61,198,185
30879,82,110497,2,11,7,3,0,1,0,2,0,24,0.033333333,0,0,0,0,0,0,0,11,0,0,4,11,0
30888,261,457932,1,261,16,80,54,57,3,63,40,21,0.133333333,0,0,0,0,0,0,11,0,0,116,79,23,116
30902,1127,334927,2,356,67,55,14,39,155,27,14,7,0.533333333,17,8,7,0,1,0,1,0,0,0,40,12,114
30905,2167,85168,4,500,58,123,125,82,40,87,11,139,0.5,0,20,19,25,101,65,10,0,35,0,96,153,19
30924,1037,346877,5,248,36,59,66,1,11,94,0,9,0.2,0,0,31,6,2,0,0,0,5,43,34,166,74
30928,1,86829,1,1,1,0,0,0,0,0,0,63,0.033333333,0,0,0,0,0,0,0,0,1,0,1,1,0
30930,1037,457932,5,339,53,125,80,2,62,64,2,21,0.266666667,0,0,2,0,0,2,7,2,53,0,67,8,76
30933,1101,334927,4,149,11,54,17,43,0,39,19,7,0.2,0,0,27,0,0,0,4,28,17,0,53,55,28
30934,165,878119,1,165,25,66,35,6,8,67,4,20,0.166666667,0,0,0,0,0,42,0,0,0,0,42,29,34
30953,114,334927,1,114,9,34,17,26,5,25,16,7,0.1,0,0,0,0,18,0,0,0,0,0,40,67,29
30971,1194,334927,3,299,44,92,28,65,35,42,22,7,0.5,0,48,5,0,0,0,0,0,8,0,41,124,30
30979,74,86829,2,56,8,22,0,15,0,14,11,63,0.1,0,0,10,0,0,0,0,35,11,0,16,10,0
30987,63,148500,5,22,6,8,0,2,4,7,1,29,0.066666667,0,0,0,0,0,0,0,0,0,0,6,16,6
31007,275,34988,5,11,10,0,0,0,0,0,0,108,0.1,0,0,2,0,0,0,0,0,0,0,5,7,2
31020,44,346877,2,4,4,0,0,0,0,0,0,9,0.066666667,0,0,0,0,0,0,0,0,2,2,2,2,2
31024,358,878119,2,288,36,122,7,59,36,64,22,20,0.333333333,0,0,0,0,0,0,0,6,0,0,22,106,22
31040,127,878119,1,127,17,51,8,40,0,51,0,20,0.133333333,33,0,0,0,0,0,0,0,0,0,33,85,0
31047,21,34988,2,6,2,2,0,1,0,1,1,108,0.033333333,0,0,0,0,0,0,0,0,0,0,4,6,0
31053,33,250865,3,22,6,9,0,4,0,6,3,34,0.033333333,0,0,0,0,0,22,0,0,0,0,6,22,0
31070,1232,85168,4,1227,105,181,365,109,158,182,49,139,0.2,0,0,21,67,19,266,0,0,118,0,162,854,21
31072,196,878119,2,187,26,60,9,42,9,52,23,20,0.133333333,0,0,0,0,0,0,0,0,0,0,37,74,0
31096,436,346877,4,17,4,6,0,4,0,3,3,9,0.066666667,0,0,0,0,0,0,0,0,11,0,8,17,0
31108,3,43183,1,3,3,0,0,0,0,0,0,24,0.033333333,0,0,0,0,0,0,0,0,0,0,2,3,0
31113,93,878119,1,93,9,57,16,3,0,49,0,20,0.2,0,0,0,0,22,0,18,0,0,0,45,13,3
31121,466,85168,1,466,17,169,78,55,12,208,35,139,0.133333333,0,0,0,0,0,103,16,164,183,0,58,103,16
31122,113,85576,5,5,3,2,0,0,0,1,0,54,0.066666667,0,0,0,0,0,0,0,0,2,3,4,2,3
31124,113,127749,5,3,3,0,0,0,0,0,0,102,0.033333333,0,0,0,0,0,3,0,0,0,0,2,3,0
31125,164,878119,1,164,9,66,2,55,1,59,29,20,0.133333333,0,60,0,0,0,0,0,0,0,0,22,82,60
31142,877,21560,4,3,1,2,0,0,0,1,0,9,0.033333333,0,0,0,0,0,0,0,0,0,0,3,3,0
31162,445,148500,3,17,7,5,0,3,0,2,2,29,0.033333333,0,0,0,0,0,0,0,0,0,0,9,17,0
31165,34,110497,3,32,10,10,0,7,0,5,5,24,0.066666667,0,0,0,0,0,0,0,0,11,21,11,11,21
31181,7,878119,1,7,5,2,0,0,0,1,0,20,0.033333333,0,0,0,0,0,0,0,0,0,0,6,7,0
31187,3209,85168,25,72,18,18,0,10,22,7,2,139,0.133333333,0,0,9,0,0,0,0,0,22,0,15,63,9
31197,165,878119,2,161,18,51,9,49,0,46,25,20,0.366666667,45,20,0,8,0,7,2,11,0,0,48,23,0
31213,371,250865,2,144,14,32,0,26,0,53,15,34,0.233333333,0,4,0,0,0,32,0,0,0,0,26,37,0
31225,848,346877,7,96,25,31,2,0,24,25,1,9,0.133333333,3,0,0,0,0,0,0,0,6,0,16,92,0
31231,380,878119,7,75,10,31,10,16,0,22,6,20,0.133333333,0,2,0,0,0,0,0,0,0,0,24,16,0
31251,140,334927,1,140,20,50,7,35,3,29,21,7,0.166666667,0,0,0,0,0,0,0,0,0,0,38,43,20
31265,226,457932,2,207,20,67,9,53,4,52,43,21,0.2,0,0,0,0,0,0,43,0,0,0,51,62,26
31274,296,457932,3,294,39,90,41,65,1,62,41,21,0.3,45,42,70,0,0,5,10,0,0,0,80,51,70
31278,73,878119,2,72,21,24,4,12,1,17,8,20,0.1,0,0,0,0,0,0,0,0,0,0,25,20,3
31281,230,878119,3,217,34,110,7,42,0,66,18,20,0.2,0,0,0,0,0,0,0,0,0,0,33,24,111
31282,458,346877,16,191,13,66,46,34,4,54,14,9,0.2,0,0,0,0,67,0,0,0,19,43,53,55,43
31298,3209,21560,25,83,19,23,0,15,18,8,7,9,0.166666667,0,0,0,0,0,0,0,0,0,0,18,68,14
31306,184,247683,1,184,9,69,20,60,0,59,25,23,0.2,8,0,54,0,0,0,0,17,39,5,66,8,0
31309,2,247683,1,2,2,0,0,0,0,0,0,23,0.033333333,0,0,0,0,0,0,0,2,0,0,2,2,0
31315,478,346877,2,374,48,94,59,68,7,97,32,9,0.5,11,4,0,0,60,8,0,6,47,0,62,214,0
31317,8,334927,1,8,2,4,0,1,0,3,1,7,0.033333333,0,0,0,0,0,0,0,0,0,0,6,8,0
31320,267,188602,2,176,18,88,0,46,0,54,24,96,0.4,0,5,0,0,0,0,0,0,17,0,53,96,15
31324,99,878119,1,99,21,26,7,21,10,22,4,20,0.1,0,0,0,0,0,0,0,0,0,0,22,17,37
31338,122,346877,3,110,4,22,37,18,0,30,13,9,0.1,0,0,0,0,0,0,0,74,32,4,37,74,32
31351,287,878119,1,287,22,69,21,47,96,46,17,20,0.3,27,2,0,0,9,0,0,21,0,0,43,45,0
31372,114,127749,2,7,2,3,0,1,0,2,1,102,0.066666667,0,0,0,0,0,6,1,0,0,0,5,6,1
31381,1,334927,1,1,1,0,0,0,0,0,0,7,0.033333333,0,0,0,0,0,0,0,0,0,0,1,1,0
31391,40,878119,1,40,11,17,0,5,2,16,3,20,0.133333333,0,0,0,0,0,0,0,0,0,0,14,25,2
31395,439,457932,5,398,61,142,51,47,44,75,29,21,0.5,0,0,0,16,0,28,86,29,30,20,87,72,26
31396,38,457932,3,30,8,21,0,1,0,18,0,21,0.133333333,0,0,0,0,0,22,6,1,0,1,21,22,6
31405,13,878119,1,13,4,5,0,2,0,4,1,20,0.066666667,0,0,0,0,0,0,0,0,0,0,9,4,0
31411,485,334927,3,2,2,0,0,0,0,0,0,7,0.066666667,0,0,0,0,0,0,0,0,0,0,1,1,0
31419,190,346877,2,65,5,15,23,10,0,19,5,9,0.166666667,0,0,0,29,0,0,0,0,11,0,30,28,0
31425,474,457932,3,391,67,200,45,6,14,132,8,21,0.566666667,14,9,28,0,27,44,5,21,0,6,65,54,129
31457,240,43183,2,219,22,35,38,20,11,64,31,24,0.3,1,0,5,0,0,80,0,0,6,0,68,89,5
31458,20,127749,1,20,13,4,0,2,0,1,1,102,0.1,0,0,0,0,11,1,0,0,8,0,7,11,1
31472,914,878119,6,41,7,14,4,11,0,12,0,20,0.1,0,0,0,0,0,0,0,0,0,0,13,12,0
31479,289,85576,5,160,6,13,116,9,4,11,3,54,0.066666667,0,0,0,0,0,0,0,0,159,0,16,1,159
31480,339,457932,1,339,32,110,30,86,19,81,55,21,0.266666667,0,0,27,19,125,21,62,15,0,0,57,39,27
31486,294,85576,2,271,30,76,89,37,2,45,11,54,0.266666667,0,0,111,12,8,0,0,13,10,51,52,69,20
31492,64,878119,1,64,17,22,4,6,5,25,3,20,0.166666667,0,0,0,0,3,17,0,0,0,0,28,36,0
31507,47,878119,1,47,13,21,0,6,1,20,2,20,0.233333333,0,7,0,3,0,0,0,0,0,0,11,33,3
31513,240,148500,3,22,4,7,0,3,0,8,2,29,0.066666667,0,0,0,6,0,0,0,0,0,0,9,16,0
31537,608,878119,6,486,73,124,91,97,47,106,17,20,0.466666667,0,0,6,0,0,2,0,0,6,0,75,303,11
31538,209,334927,1,209,13,82,21,56,2,67,24,7,0.166666667,0,0,17,0,0,0,44,14,0,0,47,30,0
31554,63,346877,1,63,4,23,0,19,0,18,17,9,0.1,0,0,0,13,10,0,0,0,40,0,37,13,10
31555,214,878119,1,214,27,95,9,59,2,59,18,20,0.3,37,13,0,0,37,10,0,0,0,0,58,46,0
31562,153,21560,1,153,25,26,15,22,32,36,9,9,0.1,0,0,0,0,0,0,0,0,0,0,22,68,10
31574,6,85576,1,6,2,2,0,1,0,1,1,54,0.033333333,0,0,0,0,0,0,0,0,6,0,5,6,0
31588,187,110497,1,187,25,66,2,12,16,94,3,24,0.066666667,0,0,0,0,0,0,0,0,163,24,15,163,24
31589,63,34988,2,44,5,8,2,6,11,14,2,108,0.033333333,0,0,0,0,0,0,0,0,0,0,14,44,0
31615,86,27035,2,1,1,0,0,0,0,0,0,60,0.033333333,0,0,0,0,0,0,1,0,0,0,1,1,0
31619,2,110497,2,1,1,0,0,0,0,0,0,24,0.033333333,0,0,0,0,0,0,0,0,1,0,1,1,0
31621,547,247683,4,536,39,120,19,90,224,84,38,23,0.4,20,10,0,0,0,28,0,0,70,0,67,323,0
31634,1489,140022,2,918,49,199,285,82,55,267,42,232,0.366666667,0,0,0,0,0,268,0,0,0,0,191,15,86
31637,354,86829,2,327,22,59,132,43,2,56,18,63,0.166666667,0,0,0,0,0,0,0,0,63,0,63,95,0
31638,74,334927,2,73,11,23,4,18,13,15,2,7,0.133333333,0,0,12,0,0,0,0,0,0,0,11,19,37
31643,313,457932,2,249,21,83,35,57,2,64,43,21,0.233333333,29,0,56,0,0,0,10,0,0,54,79,137,73
31645,62,878119,1,62,16,30,3,5,1,20,3,20,0.133333333,0,0,0,0,0,0,0,0,0,0,24,41,10
31646,81,878119,1,81,10,33,0,23,0,21,13,20,0.233333333,8,0,0,0,0,0,0,0,0,0,17,15,16
31653,227,250865,4,2,2,0,0,0,0,0,0,34,0.033333333,0,0,0,0,0,2,0,0,0,0,2,2,0
31657,224,247683,1,224,15,141,27,20,7,98,12,23,0.266666667,0,0,0,11,0,0,0,0,28,0,69,180,0
31659,79,334927,1,79,12,57,8,0,0,36,0,7,0.133333333,0,0,11,0,0,6,0,0,0,0,22,26,36
31670,8,346877,1,8,4,2,0,1,0,1,1,9,0.033333333,0,0,0,0,0,0,0,0,8,0,6,8,0
31674,77,878119,1,77,19,43,4,1,5,31,1,20,0.2,0,0,0,0,0,0,0,0,0,0,24,23,0
31698,65,878119,2,47,9,24,0,11,0,17,0,20,0.066666667,0,0,0,0,0,0,0,0,0,0,14,45,0
31701,28,110497,2,2,2,0,0,0,0,0,0,24,0.033333333,0,0,0,0,0,0,0,0,2,0,1,2,0
31702,130,878119,2,17,5,4,5,3,0,3,0,20,0.033333333,0,0,0,0,0,0,0,0,0,0,10,17,0
31706,530,42723,5,228,14,71,12,47,8,70,25,6,0.366666667,1,0,37,23,1,0,0,1,10,0,45,8,117
31707,424,85576,3,84,1,11,43,8,0,15,7,54,0.033333333,0,0,0,0,0,0,0,0,84,0,14,84,0
31723,12,260769,2,4,1,2,0,1,0,1,0,0,0.033333333,0,0,0,0,0,4,0,0,0,0,3,4,0
31735,429,878119,4,247,55,58,61,34,0,75,18,20,0.366666667,0,2,0,0,0,0,0,0,0,0,56,16,4
31741,73,260769,3,12,4,4,0,3,0,3,1,0,0.066666667,0,0,0,0,0,10,0,0,0,0,6,2,0
31758,495,247683,3,489,47,120,48,98,133,79,40,23,0.333333333,0,0,0,19,0,0,0,26,95,14,104,367,14
31763,7,878119,2,1,1,0,0,0,0,0,0,20,0.033333333,0,0,0,0,0,0,0,0,0,0,1,1,0
31770,197,346877,2,196,44,83,0,44,1,42,19,9,0.066666667,0,0,0,0,0,0,0,180,16,0,14,180,16
31780,14,148500,2,8,4,0,0,0,4,0,0,29,0.033333333,0,0,0,0,0,0,0,0,0,0,3,8,0
31784,302,86829,1,302,24,93,0,63,83,71,27,63,0.133333333,0,0,0,0,0,79,0,0,19,0,52,63,160
31789,5009,21560,9,39,2,12,0,10,0,13,8,9,0.066666667,0,0,0,0,0,0,0,0,0,0,15,39,0
31792,5009,127749,9,203,10,63,33,53,1,46,42,102,0.233333333,60,0,0,0,5,73,0,0,0,0,81,6,75
31801,193,127749,7,9,5,2,0,1,0,1,1,102,0.066666667,0,0,0,0,0,4,0,0,0,5,5,4,0
31802,193,42723,7,2,2,0,0,0,0,0,0,6,0.033333333,0,0,0,0,0,0,0,0,2,0,2,2,0
31825,406,27035,4,48,17,7,3,1,2,12,1,60,0.1,0,0,0,0,0,0,1,0,0,0,11,47,0
31827,1326,346877,5,50,9,18,0,11,2,13,6,9,0.133333333,0,0,0,0,0,0,0,0,9,10,16,36,14
31829,82,346877,1,82,6,31,25,5,0,30,4,9,0.133333333,0,0,0,31,0,0,0,0,9,21,26,21,0
31830,69,878119,1,69,20,19,0,16,1,15,12,20,0.1,0,0,0,0,0,0,0,0,0,0,23,30,21
31832,15,457932,1,15,2,4,3,3,0,3,2,21,0.033333333,0,0,0,0,0,0,15,0,0,0,9,15,0
31838,257,334927,2,6,2,2,0,1,0,1,1,7,0.033333333,0,0,0,0,0,0,0,0,0,0,5,6,0
31840,65,878119,1,65,20,17,7,10,0,20,6,20,0.2,0,0,0,0,0,0,0,0,0,0,20,17,11
31854,565,148500,3,457,15,52,157,45,13,134,52,29,0.1,0,0,0,0,0,0,0,0,0,0,130,142,0
31865,60,878119,2,59,6,31,7,2,4,27,2,20,0.1,0,0,0,0,0,0,0,0,0,0,19,26,0
31869,991,346877,8,50,11,9,14,8,0,11,4,9,0.166666667,0,0,2,0,0,0,0,0,2,0,21,30,0
31870,6,34988,3,2,2,0,0,0,0,0,0,108,0.033333333,0,0,0,0,0,0,0,0,0,0,2,2,0
31874,100,878119,1,100,25,51,5,8,2,37,3,20,0.166666667,0,14,0,0,0,0,0,0,0,0,32,27,52
31884,70,188602,1,70,12,18,11,9,0,24,9,96,0.1,0,0,47,2,0,0,0,0,21,0,29,47,2
31886,841,457932,2,210,26,98,52,7,12,66,2,21,0.333333333,0,7,0,0,8,38,38,0,33,7,70,107,7
31897,8,878119,1,8,2,3,0,2,0,2,1,20,0.033333333,0,0,0,0,0,0,0,0,0,0,6,8,0
31911,11,250865,2,10,4,3,0,1,2,2,0,34,0.033333333,0,0,0,0,0,10,0,0,0,0,4,10,0
31919,11,878119,2,1,1,0,0,0,0,0,0,20,0.033333333,0,0,0,0,0,0,0,0,0,0,1,1,0
31948,158,334927,2,71,11,13,3,9,20,10,7,7,0.033333333,0,0,0,0,0,0,0,0,0,0,22,71,0
31949,264,878119,1,264,36,134,25,35,9,98,0,20,0.333333333,12,0,0,0,9,0,0,82,0,0,36,17,0
31970,264,86829,3,92,2,19,31,18,0,25,13,63,0.1,0,0,0,0,0,0,0,0,88,3,23,89,3
31978,312,878119,4,23,3,13,5,1,0,10,0,20,0.066666667,0,0,0,0,0,0,0,0,0,0,15,23,0
31980,168,878119,2,152,11,40,7,30,45,29,10,20,0.166666667,0,0,0,0,0,0,0,0,0,0,22,103,13
31985,8,878119,1,8,2,4,0,1,0,3,1,20,0.033333333,0,0,0,0,0,0,0,0,0,0,6,8,0
32001,56,334927,2,14,3,7,0,3,0,4,1,7,0.066666667,0,0,0,0,0,0,0,0,0,0,6,10,4
32003,293,457932,1,293,36,88,68,0,86,62,2,21,0.333333333,0,0,24,10,0,0,34,16,27,0,69,148,61
32017,3,878119,3,1,1,0,0,0,0,0,0,20,0.033333333,0,0,0,0,0,0,0,0,0,0,1,1,0
32024,8,457932,1,8,2,3,0,2,0,2,1,21,0.033333333,0,0,0,0,0,0,8,0,0,0,6,8,0
32025,78,334927,1,78,12,27,16,12,1,12,0,7,0.133333333,0,0,0,0,0,0,0,0,0,18,16,9,0
32034,217,334927,2,216,22,92,12,8,70,68,7,7,0.3,17,27,0,0,0,0,0,0,0,12,30,23,27
32042,98,334927,3,89,14,39,0,30,6,21,0,7,0.2,0,0,20,2,0,0,0,0,0,0,16,4,57
32048,10,260769,1,10,6,3,0,0,0,3,0,0,0.033333333,0,0,0,0,0,10,0,0,0,0,8,10,0
32076,166,878119,2,158,25,94,8,7,14,70,3,20,0.266666667,0,13,0,22,0,0,0,14,0,0,42,41,13
32078,96,878119,1,96,15,33,2,25,4,24,13,20,0.133333333,0,0,0,0,0,0,0,0,0,0,26,41,0
32080,55,127749,2,38,25,8,0,3,1,1,1,102,0.2,0,0,0,1,1,1,1,0,0,0,7,20,14
32082,26,878119,2,12,3,5,0,3,0,2,1,20,0.033333333,0,0,0,0,0,0,0,0,0,0,8,12,0
32103,45,334927,2,21,9,7,0,2,0,4,3,7,0.133333333,0,0,0,0,0,3,0,0,0,0,10,5,0
32110,18,457932,1,18,6,4,0,4,0,4,2,21,0.033333333,0,0,0,0,0,0,18,0,0,0,10,18,0
32130,17,85576,2,6,3,1,0,1,0,1,1,54,0.066666667,0,0,0,0,0,0,0,0,5,0,6,6,0
32134,55,247683,1,55,4,20,0,18,0,17,13,23,0.066666667,0,0,40,0,0,0,0,0,15,0,24,40,0
32143,183,85168,1,183,8,11,100,11,1,33,5,139,0.033333333,0,0,0,0,0,0,0,0,183,0,35,183,0
32146,12,346877,2,11,5,3,0,2,0,1,1,9,0.066666667,0,0,0,0,0,0,0,0,10,1,7,10,1
32154,189,346877,3,147,18,80,28,3,1,48,1,9,0.233333333,4,0,0,0,0,0,0,0,34,0,28,87,8
32172,16,346877,2,5,1,2,0,1,0,1,1,9,0.033333333,0,0,0,0,0,0,0,0,5,0,4,5,0
32177,347,148500,6,12,1,3,0,2,0,5,2,29,0.066666667,0,0,0,0,0,0,0,0,0,0,6,6,6
32179,6,334927,2,5,2,3,0,0,0,2,0,7,0.033333333,0,0,0,0,0,0,0,0,0,0,4,5,0
32180,20,457932,3,6,3,2,0,1,0,1,0,21,0.033333333,0,0,0,0,0,0,6,0,0,0,4,6,0
32181,287,346877,2,85,11,27,14,20,0,20,4,9,0.133333333,0,0,0,0,0,0,0,0,13,0,19,48,8
32184,51,878119,1,51,13,22,0,13,0,14,3,20,0.133333333,22,0,0,0,0,0,0,0,0,0,13,37,0
32190,9,346877,1,9,2,5,0,2,0,4,0,9,0.033333333,0,0,0,0,0,0,0,0,9,0,5,9,0
32197,42,878119,1,42,3,25,7,4,0,23,1,20,0.066666667,0,0,0,0,0,0,0,0,0,0,20,10,32
32210,93,878119,2,62,8,30,2,16,0,23,6,20,0.133333333,0,0,0,0,7,0,0,0,0,0,21,1,12
32213,24,34988,2,1,1,0,0,0,0,0,0,108,0.033333333,0,0,0,0,0,0,0,0,0,0,1,1,0
32216,159,878119,1,159,46,78,3,8,3,74,2,20,0.3,0,0,0,0,0,0,0,0,4,0,28,113,11
32220,231,346877,3,116,14,31,36,10,4,32,6,9,0.266666667,1,1,0,0,0,0,0,0,7,0,41,44,1
32233,133,878119,4,1,1,0,0,0,0,0,0,20,0.033333333,0,0,0,0,0,0,0,0,0,0,1,1,0
32238,231,878119,2,230,54,85,3,54,7,44,21,20,0.2,0,0,0,0,0,27,0,0,0,0,36,69,44
32248,171,346877,2,166,8,48,40,34,0,46,22,9,0.2,0,0,0,0,0,26,0,0,28,27,44,85,0
32249,31,878119,1,31,5,21,0,4,0,12,1,20,0.066666667,0,0,0,0,21,0,0,0,0,0,7,31,0
32271,745,457932,5,270,31,93,40,61,3,49,34,21,0.3,0,0,0,0,0,0,58,26,0,0,75,53,35
32281,278,148500,2,263,8,40,131,6,6,63,15,29,0.233333333,0,0,0,0,0,0,0,0,0,0,50,7,65
32283,529,140022,2,439,15,31,224,22,2,83,12,232,0.166666667,194,0,0,0,0,10,0,0,0,0,97,59,98
32287,141,334927,1,141,17,52,9,31,6,43,21,7,0.2,0,0,0,0,0,0,0,0,0,0,26,14,6
32308,319,247683,1,319,48,132,31,72,8,95,21,23,0.233333333,0,0,0,0,0,0,0,0,32,0,87,290,0
32310,22,878119,1,22,6,9,0,4,0,6,2,20,0.066666667,0,0,0,0,0,0,0,0,0,0,12,19,3
32315,30,878119,2,23,3,9,0,7,0,9,4,20,0.033333333,0,0,0,0,0,0,0,0,0,0,12,23,0
32328,9,878119,2,7,3,2,0,1,0,2,0,20,0.033333333,0,0,0,0,0,0,0,0,0,0,5,7,0
32329,78,334927,1,78,17,28,14,1,15,14,0,7,0.233333333,0,5,0,0,0,0,4,15,0,0,22,45,0
32366,13,188602,1,13,8,2,0,1,0,1,1,96,0.033333333,0,0,0,0,0,0,0,0,13,0,6,13,0
32369,68,127749,6,2,2,0,0,0,0,0,0,102,0.033333333,0,0,0,0,0,2,0,0,0,0,1,2,0
32376,68,878119,6,2,2,0,0,0,0,0,0,20,0.033333333,0,0,0,0,0,0,0,0,0,0,2,2,0
32378,344,346877,3,133,11,31,34,27,10,30,14,9,0.166666667,0,0,66,0,46,0,0,0,2,0,42,5,0
32387,237,346877,2,139,8,23,59,19,2,30,1,9,0.2,0,0,0,0,0,0,0,0,26,0,24,31,81
32400,465,188602,6,184,9,51,53,34,5,39,12,96,0.2,0,6,102,0,28,0,0,0,30,0,39,35,17
32413,1,250865,1,1,1,0,0,0,0,0,0,34,0.033333333,0,0,0,0,0,1,0,0,0,0,1,1,0
32416,237,334927,2,98,6,24,26,19,10,15,8,7,0.2,0,0,0,0,0,0,11,0,0,0,30,51,0
32423,702,127749,6,26,5,11,0,7,0,4,3,102,0.066666667,0,0,0,0,0,9,0,0,0,0,11,17,0
32435,3729,148500,21,363,38,69,77,8,68,129,10,29,0.366666667,0,0,0,0,0,0,3,0,0,0,43,220,69
32439,117,86829,1,117,9,53,22,5,12,51,5,63,0.166666667,0,0,0,0,49,0,0,0,7,0,29,62,0
32444,715,188602,2,708,28,119,252,95,92,121,47,96,0.266666667,0,0,0,32,0,0,0,120,66,0,140,366,78
32446,108,878119,1,108,14,40,6,25,3,33,17,20,0.1,0,0,0,0,0,0,0,0,0,0,34,56,0
32460,467,260769,1,467,33,106,78,91,41,110,63,0,0.2,0,6,0,0,0,89,0,0,0,0,90,324,0
32462,37,86829,3,1,1,0,0,0,0,0,0,63,0.033333333,0,0,0,0,0,0,0,0,1,0,1,1,0
32468,955,457932,3,326,34,124,31,68,22,83,38,21,0.2,0,0,39,0,31,78,9,0,25,0,63,169,39
32471,371,346877,2,204,42,80,38,8,7,63,2,9,0.233333333,31,0,0,0,0,0,0,0,32,0,37,121,12
32476,30,878119,1,30,11,8,0,6,0,7,5,20,0.1,0,0,0,0,0,0,0,0,0,0,10,14,0
32485,282,334927,4,178,17,45,13,29,62,21,8,7,0.066666667,0,0,0,0,0,0,0,0,0,0,29,150,0
32499,126,127749,3,33,8,9,0,7,5,6,4,102,0.066666667,0,0,0,0,32,1,0,0,0,0,15,32,1
32517,54,140022,3,29,12,12,0,2,0,9,1,232,0.066666667,0,0,0,0,0,22,0,0,0,0,12,7,0
32537,15,457932,1,15,7,6,0,1,0,3,1,21,0.033333333,0,0,0,0,0,0,15,0,0,0,8,15,0
32545,136,346877,3,134,17,47,11,41,0,52,0,9,0.066666667,0,0,0,0,0,0,0,70,64,0,15,70,64
32547,1417,346877,10,268,32,101,29,10,71,73,6,9,0.466666667,8,51,4,11,0,1,8,41,13,8,47,19,8
32554,917,457932,9,122,21,45,22,11,10,28,4,21,0.166666667,0,0,0,0,0,31,52,0,0,0,27,32,52
32561,429,247683,1,429,34,78,9,34,242,51,6,23,0.333333333,0,0,1,0,5,0,0,0,4,0,29,240,158
32562,153,457932,1,153,13,48,11,41,2,40,25,21,0.133333333,0,0,0,0,0,0,4,42,74,0,43,107,0
32571,59,878119,1,59,2,22,3,16,0,24,12,20,0.133333333,0,0,0,0,0,0,0,0,0,0,22,28,24
32573,847,250865,2,450,31,73,67,49,19,173,16,34,0.3,50,0,0,0,0,59,0,33,0,0,54,59,169
32575,7,334927,1,7,3,2,0,1,0,1,1,7,0.033333333,0,0,0,0,0,0,0,0,0,0,5,7,0
32581,17,334927,1,17,9,3,0,3,0,3,2,7,0.066666667,0,0,0,0,0,0,0,0,0,0,10,16,1
32599,31,260769,1,31,11,7,0,5,2,4,3,0,0.066666667,0,0,0,0,0,26,5,0,0,0,12,26,5
32610,9633,247683,11,208,37,30,0,16,115,19,8,23,0.466666667,3,0,0,19,0,0,0,0,3,0,19,72,40
32617,333,346877,2,332,48,58,32,27,124,53,12,9,0.366666667,0,0,0,0,0,0,0,13,52,0,45,177,98
32618,9633,188602,11,151,33,7,0,3,104,5,1,96,0.566666667,2,0,0,8,0,0,0,0,13,0,8,39,25
32621,22,346877,1,22,10,6,0,2,0,5,3,9,0.033333333,0,0,0,0,0,0,0,0,22,0,9,22,0
32646,7,346877,1,7,3,2,0,1,0,1,1,9,0.033333333,0,0,0,0,0,0,0,0,7,0,5,7,0
32648,301,878119,2,286,18,96,46,71,0,77,35,20,0.233333333,0,0,0,0,0,27,120,55,0,0,78,49,27
32669,4,334927,1,4,4,0,0,0,0,0,0,7,0.033333333,0,0,0,0,0,0,0,0,0,0,2,4,0
32676,101,878119,1,101,11,57,20,3,0,44,2,20,0.266666667,0,0,35,8,0,0,0,0,0,0,38,38,15
32677,231,334927,1,231,59,57,22,34,21,55,29,7,0.233333333,0,0,19,33,0,0,0,0,0,0,50,46,89
32701,45,148500,1,45,14,11,0,8,1,11,6,29,0.066666667,24,0,0,0,0,0,0,0,0,0,17,21,0
32712,157,250865,2,41,7,18,5,0,1,15,0,34,0.166666667,0,0,0,0,1,1,0,5,0,0,9,37,2
32715,369,148500,3,50,2,17,0,14,0,18,11,29,0.033333333,0,0,0,0,0,0,0,0,0,0,16,50,0
32720,38,346877,2,36,6,17,0,6,1,15,5,9,0.1,0,0,0,17,0,0,0,0,15,4,9,17,0
32721,1435,127749,9,159,5,76,0,41,0,69,37,102,0.133333333,0,0,0,0,0,130,0,0,0,0,58,17,7
32732,1183,127749,3,762,55,136,441,77,3,85,31,102,0.633333333,10,0,0,0,0,8,0,13,0,0,134,415,215
32733,12,46603,1,12,5,4,0,1,1,2,1,5,0.033333333,0,0,0,0,12,0,0,0,0,0,7,12,0
32744,74,878119,2,73,33,31,0,2,3,22,2,20,0.1,0,0,0,0,0,0,0,0,0,0,17,2,24
32754,5,878119,1,5,2,2,0,1,0,1,0,20,0.033333333,0,0,0,0,0,0,0,0,0,0,4,5,0
32756,264,334927,3,14,3,10,0,1,0,7,0,7,0.066666667,0,0,0,0,0,0,0,0,0,0,10,11,3
32758,130,457932,2,129,8,43,14,35,8,35,20,21,0.133333333,0,8,0,0,0,0,58,0,53,0,40,10,8
32766,27,878119,1,27,14,4,0,3,3,4,1,20,0.2,0,0,0,0,0,0,0,0,0,0,10,2,19
32775,181,878119,1,181,9,69,17,56,1,51,23,20,0.266666667,37,41,4,55,0,0,0,0,0,0,54,17,8
32778,540,260769,1,540,31,152,73,111,22,152,93,0,0.266666667,0,0,94,0,0,11,11,0,117,61,131,50,0
32781,39,85576,2,35,8,22,0,1,0,21,1,54,0.033333333,0,0,0,0,0,0,0,0,35,0,12,35,0
32796,288,250865,2,272,3,24,170,20,0,50,0,34,0.066666667,0,0,0,0,103,169,0,0,0,0,40,103,169
32799,225,878119,2,212,16,92,10,58,0,65,30,20,0.3,0,0,0,52,0,0,0,0,0,0,36,22,29
32802,12,878119,1,12,2,6,0,3,0,5,1,20,0.066666667,0,0,0,0,0,0,0,0,0,0,7,11,1
32807,38,878119,1,38,4,15,4,10,1,10,4,20,0.1,0,0,0,0,0,0,0,11,0,0,21,8,0
32820,291,878119,2,247,58,54,70,16,16,61,12,20,0.366666667,0,0,13,41,86,1,0,0,0,0,55,99,118
32826,160,346877,3,38,4,13,5,8,0,11,5,9,0.066666667,0,0,0,0,0,0,0,0,9,0,15,29,9
32839,30,457932,1,30,12,10,4,1,0,5,2,21,0.066666667,0,0,0,0,0,0,6,0,0,0,12,24,0
32842,2,878119,1,2,2,0,0,0,0,0,0,20,0.033333333,0,0,0,0,0,0,0,0,0,0,2,2,0
32852,385,457932,1,385,30,123,48,107,7,90,61,21,0.133333333,0,0,0,0,0,25,127,118,115,0,102,25,127
32864,186,878119,1,186,20,117,13,10,4,101,0,20,0.266666667,0,11,0,0,0,0,0,0,27,0,46,39,28
32868,6,127749,3,2,2,0,0,0,0,0,0,102,0.033333333,0,0,0,0,0,2,0,0,0,0,1,2,0
32871,215,334927,2,26,2,9,0,8,0,8,7,7,0.066666667,0,1,0,0,0,0,0,0,0,0,18,1,25
32884,181,346877,1,181,26,43,34,22,26,42,10,9,0.133333333,0,0,0,0,66,0,0,0,18,0,36,154,0
32885,190,250865,2,35,4,10,0,6,0,12,6,34,0.1,0,0,0,0,0,5,0,0,10,20,8,5,0
32887,500,346877,5,301,41,61,35,53,32,88,42,9,0.4,0,0,0,71,0,41,0,6,39,7,48,95,28
32889,214,878119,2,66,15,22,10,2,6,20,1,20,0.066666667,0,0,0,0,0,0,0,0,0,0,23,24,42
32899,28,878119,1,28,6,11,0,7,0,6,4,20,0.1,0,0,0,7,0,0,0,0,0,0,13,12,0
32900,952,250865,3,471,54,109,118,48,21,164,10,34,0.166666667,0,0,0,0,0,18,0,0,0,0,38,5,371
32904,203,46603,3,22,5,7,5,4,0,4,0,5,0.066666667,0,0,0,0,19,3,0,0,0,0,8,19,3
32912,226,85576,3,9,2,3,0,2,0,2,2,54,0.033333333,0,0,0,0,0,0,0,0,9,0,4,9,0
32927,226,86829,3,75,6,13,29,8,5,10,6,63,0.033333333,0,0,0,0,0,0,0,0,75,0,20,75,0
32936,128,85168,1,128,10,32,13,15,4,29,47,139,0.1,0,0,0,0,0,7,0,67,54,0,27,7,0
32939,1711,878119,5,1,1,0,0,0,0,0,0,20,0.033333333,0,0,0,0,0,0,0,0,0,0,1,1,0
32954,5,334927,1,5,3,2,0,0,0,1,0,7,0.033333333,0,0,0,0,0,0,0,0,0,0,4,5,0
32969,79,346877,1,79,2,24,10,18,0,30,14,9,0.133333333,0,0,0,0,0,0,0,0,6,0,16,11,0
32971,80,346877,2,1,1,0,0,0,0,0,0,9,0.033333333,0,0,0,0,0,0,0,0,1,0,1,1,0
32979,477,140022,3,178,12,26,63,12,0,50,4,232,0.2,0,10,0,0,0,27,0,0,0,0,35,6,37
32985,14,140022,1,14,3,7,0,3,0,6,1,232,0.033333333,0,0,0,0,0,14,0,0,0,0,8,14,0
32996,8,457932,1,8,2,3,1,1,0,2,1,21,0.033333333,0,0,0,0,0,0,8,0,0,0,7,8,0
32998,376,334927,3,185,19,63,13,47,9,46,27,7,0.3,0,47,0,0,0,6,0,16,0,0,41,27,72
33003,182,878119,2,172,32,38,32,31,5,39,9,20,0.166666667,0,0,0,0,0,0,0,0,0,0,42,68,6
33030,489,46603,7,1,1,0,0,0,0,0,0,5,0.033333333,0,0,0,0,1,0,0,0,0,0,1,1,0
33034,158,878119,1,158,7,54,7,46,8,53,28,20,0.2,0,0,0,0,25,0,13,0,0,0,47,50,0
33039,489,140022,7,1,1,0,0,0,0,0,0,232,0.033333333,0,0,0,0,0,1,0,0,0,0,1,1,0
33041,32,878119,1,32,8,9,0,7,2,8,3,20,0.033333333,0,0,0,0,0,0,0,0,0,0,15,32,0
33046,321,878119,1,321,62,128,45,7,39,88,4,20,0.366666667,32,0,4,0,11,80,0,9,4,0,47,81,170
33056,103,334927,1,103,9,26,2,14,42,16,9,7,0.2,0,0,5,0,0,0,0,0,0,0,27,48,46
33064,7,34988,3,1,1,0,0,0,0,0,0,108,0.033333333,0,0,0,0,0,0,0,0,0,0,1,1,0
33071,498,148500,3,96,35,20,15,8,7,11,3,29,0.166666667,0,0,0,0,0,0,0,0,0,0,19,10,7
33074,5,34988,1,5,3,0,0,0,1,0,0,108,0.033333333,0,0,0,0,0,0,0,0,0,0,4,5,0
33080,177,346877,1,177,62,42,39,7,1,56,5,9,0.533333333,8,0,1,4,2,10,0,8,6,23,36,83,13
33096,809,260769,2,621,17,219,46,113,4,273,78,0,0.3,0,0,0,0,0,31,70,0,0,0,91,171,273
33124,13,334927,1,13,6,2,0,1,1,2,1,7,0.033333333,0,0,0,0,0,0,0,0,0,0,8,13,0
33126,2,85168,1,2,2,0,0,0,0,0,0,139,0.066666667,0,0,1,0,0,0,0,0,1,0,1,1,0
33129,426,34988,2,64,12,12,16,8,8,10,1,108,0.133333333,14,0,0,0,0,0,10,0,0,0,16,53,0
33132,1394,188602,4,107,11,31,28,18,0,26,11,96,0.133333333,0,0,7,0,0,0,0,0,10,1,24,99,8
33139,17,878119,1,17,4,8,0,4,0,3,1,20,0.033333333,0,0,0,0,0,0,0,0,0,0,9,17,0
33147,48,878119,3,9,1,4,0,3,0,3,1,20,0.033333333,0,0,0,0,0,0,0,0,0,0,6,9,0
33166,614,260769,1,614,51,201,70,95,90,185,42,0,0.5,14,45,5,4,68,6,0,0,5,0,104,110,51
33189,348,346877,4,87,10,63,0,9,0,34,5,9,0.1,0,0,0,0,0,22,0,0,57,8,26,22,0
33200,131,457932,1,131,8,48,14,32,8,29,19,21,0.1,23,0,0,0,0,0,98,10,0,0,44,23,0
33205,10,140022,1,10,5,3,0,1,0,2,1,232,0.033333333,0,0,0,0,0,10,0,0,0,0,6,10,0
33224,286,85576,1,286,10,36,175,21,2,58,7,54,0.233333333,152,32,58,0,0,0,0,0,6,0,21,11,152
33231,2,346877,1,2,2,0,0,0,0,0,0,9,0.033333333,0,0,0,0,0,0,0,0,2,0,1,2,0
33243,229,878119,1,229,25,70,21,54,6,78,25,20,0.233333333,0,60,0,0,0,30,0,36,0,0,70,21,37
33260,279,878119,1,279,33,123,6,103,5,91,0,20,0.133333333,34,0,0,0,0,0,0,0,0,0,25,44,79
33262,30,188602,2,1,1,0,0,0,0,0,0,96,0.033333333,0,0,0,0,0,0,0,0,1,0,1,1,0
33265,93,457932,1,93,10,36,28,8,0,27,7,21,0.133333333,0,0,0,0,26,28,29,0,0,0,42,39,0
33287,23,334927,1,23,5,15,0,2,0,8,1,7,0.066666667,0,0,0,0,0,0,0,0,0,0,12,7,16
33329,111,878119,1,111,23,40,16,1,5,41,0,20,0.1,67,0,0,0,0,0,0,0,0,0,26,38,0
33331,484,346877,5,200,32,101,0,40,6,53,21,9,0.4,0,0,0,0,0,0,28,0,8,11,27,14,23
33336,110,878119,2,28,11,14,0,3,0,7,0,20,0.166666667,0,0,0,0,0,0,0,0,0,0,10,7,0
33343,93,457932,2,58,6,19,1,16,4,14,12,21,0.133333333,0,0,22,0,0,0,13,22,0,0,27,23,0
33346,14,334927,1,14,2,4,0,4,0,4,4,7,0.033333333,0,0,0,0,0,0,0,0,0,0,11,14,0
33350,1,250865,1,1,1,0,0,0,0,0,0,34,0.033333333,0,0,0,0,0,1,0,0,0,0,1,1,0
33351,86,878119,2,84,30,26,11,5,1,21,3,20,0.166666667,0,0,0,0,0,0,0,0,0,0,20,1,0
33353,2379,140022,6,1396,73,325,386,153,74,453,38,232,0.666666667,51,17,0,0,543,7,7,41,0,0,192,207,212
33361,2379,250865,6,587,53,190,49,103,47,225,26,34,0.533333333,0,0,16,0,0,9,0,0,0,0,47,314,40
33364,19,878119,1,19,7,7,0,1,3,4,0,20,0.033333333,0,0,0,0,0,0,0,0,0,0,12,19,0
33410,93,42723,2,3,3,0,0,0,0,0,0,6,0.1,0,0,0,0,1,1,0,0,1,0,1,1,1
33417,124,346877,3,1,1,0,0,0,0,0,0,9,0.033333333,0,0,0,0,0,0,0,0,1,0,1,1,0
33432,29,334927,2,8,3,3,0,1,0,2,1,7,0.033333333,0,0,0,0,0,0,0,0,0,0,5,8,0
33439,33,43183,2,1,1,0,0,0,0,0,0,24,0.033333333,0,0,0,0,0,0,0,0,0,0,1,1,0
33453,5,457932,4,1,1,0,0,0,0,0,0,21,0.033333333,0,0,0,0,0,0,1,0,0,0,1,1,0
33458,1,878119,1,1,1,0,0,0,0,0,0,20,0.033333333,0,0,0,0,0,0,0,0,0,0,1,1,0
33460,93,457932,1,93,4,40,13,21,0,34,13,21,0.133333333,0,0,0,0,0,0,6,0,0,0,27,28,0
33467,663,86829,3,57,9,14,0,8,21,9,3,63,0.066666667,0,0,0,0,5,0,0,0,52,0,13,5,0
33480,1245,878119,5,224,16,77,36,54,2,64,24,20,0.333333333,0,0,0,60,30,0,0,0,0,0,69,81,49
33490,574,346877,12,80,6,24,31,1,0,32,0,9,0.166666667,0,0,0,0,0,2,18,41,4,15,18,2,18
33509,393,878119,2,159,24,113,6,3,7,89,1,20,0.233333333,0,0,0,8,0,12,0,0,0,0,29,1,66
33526,19,334927,2,16,12,0,0,0,1,0,0,7,0.033333333,0,0,0,0,0,0,0,0,0,0,6,16,0
33536,412,457932,6,65,9,28,2,18,0,13,8,21,0.233333333,0,0,0,0,0,0,7,0,0,10,16,10,42
33545,29,110497,3,1,1,0,0,0,0,0,0,24,0.033333333,0,0,0,0,0,0,0,0,1,0,1,1,0
33558,150,260769,1,150,7,49,51,9,0,60,7,0,0.133333333,0,0,0,0,0,15,20,57,58,0,40,15,20
33578,11,27035,1,11,2,4,0,3,0,3,2,60,0.033333333,0,0,0,0,0,0,11,0,0,0,7,11,0
33582,202,110497,3,200,16,58,6,29,56,64,7,24,0.2,0,0,0,0,0,0,0,0,39,2,26,85,3
33593,245,878119,1,245,17,86,51,20,4,111,8,20,0.233333333,0,0,0,0,0,0,95,0,0,0,44,36,62
33595,986,250865,4,253,35,62,17,46,20,74,32,34,0.2,0,0,0,0,0,25,98,76,1,41,32,13,41
33615,2,346877,2,1,1,0,0,0,0,0,0,9,0.033333333,0,0,0,0,0,0,0,0,1,0,1,1,0
33618,271,878119,3,87,18,38,3,14,5,26,3,20,0.266666667,0,0,0,0,0,4,0,0,0,0,19,30,14
33620,392,457932,2,168,21,56,16,5,60,36,1,21,0.233333333,1,0,0,0,0,0,1,0,1,0,25,19,15
33655,2,878119,1,2,2,0,0,0,0,0,0,20,0.033333333,0,0,0,0,0,0,0,0,0,0,2,2,0
33668,113,334927,3,36,8,15,0,8,0,6,5,7,0.1,0,0,0,0,0,0,0,0,0,0,11,10,7
33673,74,457932,1,74,2,35,3,34,0,34,0,21,0.066666667,0,0,0,0,0,0,73,1,0,0,32,73,1
33675,702,188602,3,457,33,120,228,8,0,121,7,96,0.366666667,0,0,32,102,19,32,0,8,0,3,114,183,39
33682,806,91935,2,418,39,100,82,77,33,84,50,26,0.333333333,0,0,26,0,0,0,0,4,43,9,90,224,108
33696,19,907118,1,19,5,8,0,1,2,5,2,19,0.033333333,0,0,0,0,0,0,0,0,0,0,11,19,0
33705,898,91935,3,523,48,143,40,106,93,111,69,26,0.433333333,8,4,0,0,0,0,5,0,0,0,75,161,5
33713,74,907118,1,74,18,26,6,16,0,13,6,19,0.066666667,0,0,0,0,0,0,0,0,0,0,20,64,0
33748,512,907118,4,311,48,192,30,15,6,175,1,19,0.366666667,0,0,1,0,4,0,0,0,65,0,72,48,0
33757,655,907118,1,655,78,221,42,131,61,201,61,19,0.566666667,0,0,0,0,7,0,0,0,0,90,83,275,261
33759,899,907118,6,218,24,64,36,43,0,60,28,19,0.433333333,0,27,0,6,0,0,0,59,0,0,67,20,4
33760,1,155579,1,1,1,0,0,0,0,0,0,17,0.033333333,0,0,0,0,0,0,0,0,0,0,1,1,0
33765,65,907118,1,65,10,34,0,15,0,16,6,19,0.2,0,0,0,0,0,0,0,0,0,0,9,42,14
33798,32,907118,1,32,5,12,0,9,0,11,2,19,0.033333333,0,0,0,0,0,0,0,0,0,0,9,32,0
33801,2,91935,1,2,2,0,0,0,0,0,0,26,0.033333333,0,0,0,0,0,0,0,0,0,0,1,2,0
33803,184,155579,2,18,7,6,0,3,0,3,2,17,0.1,0,0,0,0,3,0,0,9,0,0,6,15,0
33808,158,907118,1,158,23,54,3,43,18,39,15,19,0.233333333,0,0,0,0,26,8,0,0,0,0,28,57,55
33809,3,907118,1,3,3,0,0,0,0,0,0,19,0.033333333,0,0,0,0,0,0,0,0,0,0,2,3,0
33826,2,91935,1,2,2,0,0,0,0,0,0,26,0.033333333,0,0,0,0,0,0,0,0,0,0,2,2,0
33830,1,907118,1,1,1,0,0,0,0,0,0,19,0.033333333,0,0,0,0,0,0,0,0,0,0,1,1,0
33837,2041,907118,7,479,69,257,46,34,9,208,4,19,0.766666667,0,55,14,12,9,0,31,15,42,66,74,155,86
33850,99,907118,1,99,32,30,5,17,2,16,6,19,0.033333333,0,0,0,0,0,0,0,0,0,0,22,99,0
33858,1471,91935,7,559,62,263,33,91,11,208,27,26,0.6,12,5,0,0,0,3,0,5,30,0,77,369,129
33861,10,907118,1,10,6,2,0,0,1,1,0,19,0.066666667,0,0,0,0,0,0,0,0,0,0,8,1,9
33866,43,907118,1,43,4,23,0,12,0,14,4,19,0.033333333,0,0,0,0,0,0,0,0,0,0,15,43,0
33868,110,91935,2,104,15,22,35,0,0,26,20,26,0.066666667,0,0,0,0,0,0,0,0,0,0,54,102,2
33872,839,155579,3,687,41,148,76,115,7,276,107,17,0.233333333,0,0,0,0,0,0,0,0,234,41,98,635,41
33873,380,907118,1,380,21,133,26,96,16,134,44,19,0.2,0,9,0,0,0,0,0,0,179,0,61,34,13
33879,109,907118,1,109,31,29,4,16,15,16,5,19,0.133333333,0,0,0,0,0,0,0,0,0,0,22,34,0
33885,230,907118,2,197,28,64,15,47,14,41,14,19,0.366666667,0,0,4,0,0,0,0,43,0,0,46,22,48
33897,452,155579,1,452,38,98,79,72,37,129,51,17,0.266666667,0,0,0,92,0,37,153,0,0,0,64,14,59
33898,1921,91935,6,381,46,151,30,78,3,109,47,26,0.433333333,0,5,0,0,0,0,0,0,15,35,80,106,25
33913,5,155579,1,5,2,2,0,1,0,2,0,17,0.033333333,0,0,0,0,0,0,0,0,0,0,4,5,0
33916,39,907118,2,22,13,4,2,3,0,3,0,19,0.066666667,0,0,0,0,0,0,0,0,0,0,8,2,20
33922,194,907118,1,194,73,49,8,38,1,38,13,19,0.266666667,0,0,9,6,0,0,0,0,0,0,40,13,45
33942,19,907118,1,19,4,8,0,4,0,5,3,19,0.1,0,0,0,0,0,0,0,0,0,0,9,10,0
33958,54,907118,1,54,10,19,4,14,0,10,5,19,0.1,0,0,0,0,0,0,0,0,0,0,19,47,7
33959,12,907118,1,12,4,5,0,2,0,5,0,19,0.033333333,0,0,0,0,0,0,0,0,0,0,5,12,0
33971,608,907118,2,530,35,171,47,128,48,159,44,19,0.533333333,0,0,14,27,0,8,61,0,7,23,88,89,77
33973,664,907118,3,290,33,91,52,62,5,65,27,19,0.433333333,23,0,0,0,0,0,0,4,49,0,73,78,5
33991,190,907118,1,190,134,28,0,15,0,19,9,19,0.066666667,0,0,0,0,0,0,0,0,0,0,14,180,0
33998,1,91935,1,1,1,0,0,0,0,0,0,26,0.033333333,0,0,0,0,0,0,0,0,0,0,1,1,0
34004,678,155579,4,249,34,58,63,40,18,55,0,17,0.266666667,5,0,0,0,0,0,0,0,0,0,45,90,4
34007,389,155579,4,265,32,59,26,38,42,67,26,17,0.2,84,69,0,0,0,0,0,0,0,0,63,51,4
34009,186,907118,1,186,27,62,16,44,0,49,25,19,0.366666667,0,0,0,28,0,0,0,0,0,0,69,94,9
34013,31,907118,1,31,8,12,0,8,0,5,3,19,0.033333333,0,0,0,0,0,0,0,0,0,0,11,31,0
34024,99,155579,2,79,6,23,6,14,9,27,9,17,0.1,0,0,0,0,0,0,0,0,0,0,12,63,1
34029,16,155579,1,16,5,2,0,1,5,4,0,17,0.033333333,0,0,0,0,0,0,0,0,0,0,5,16,0
34031,295,91935,1,295,33,105,24,80,3,82,27,26,0.433333333,0,0,24,0,0,0,21,0,0,0,62,156,89
34035,338,907118,1,338,37,112,15,91,37,83,38,19,0.266666667,0,0,36,0,0,0,0,0,0,36,81,150,158
34036,30,907118,3,21,5,7,3,5,0,4,0,19,0.033333333,0,0,0,0,0,0,0,0,0,0,9,21,0
34037,26,91935,2,2,2,0,0,0,0,0,0,26,0.033333333,0,0,0,0,0,0,0,0,0,0,2,2,0
34042,229,89830,1,229,24,24,98,20,8,63,0,108,0.133333333,6,0,0,0,0,0,0,0,0,0,38,1,74
34044,65,907118,1,65,18,25,0,11,4,17,0,19,0.066666667,0,0,0,0,0,0,0,0,0,0,11,60,0
34053,362,89830,1,362,17,48,68,33,2,149,69,108,0.333333333,4,0,62,60,43,0,0,19,53,0,102,71,0
34055,780,907118,4,211,30,80,11,53,20,52,10,19,0.3,0,21,0,0,0,0,0,0,0,0,31,40,0
34065,49,907118,1,49,8,17,0,13,2,12,8,19,0.066666667,0,0,0,0,0,0,0,0,0,0,16,41,8
34080,13,907118,1,13,2,6,0,3,0,5,2,19,0.066666667,0,0,0,0,0,0,0,0,0,0,9,12,0
34082,33,907118,1,33,1,12,2,9,4,10,4,19,0.066666667,0,0,0,0,0,0,0,0,0,0,14,31,2
34085,3,155579,2,1,1,0,0,0,0,0,0,17,0.033333333,0,0,0,0,0,0,0,0,0,0,1,1,0
34088,3,91935,2,2,2,0,0,0,0,0,0,26,0.033333333,0,0,0,0,0,0,0,0,0,0,1,2,0
34090,42,907118,1,42,12,17,0,8,1,4,3,19,0.033333333,0,0,0,0,0,0,0,0,0,0,14,42,0
34104,104,907118,1,104,22,35,6,26,1,36,0,19,0.1,0,0,0,0,0,0,0,0,0,0,18,22,74
34110,15,155579,1,15,3,5,0,2,0,5,2,17,0.033333333,0,0,0,0,0,0,0,0,0,0,8,15,0
34119,12,907118,1,12,6,3,0,2,0,2,0,19,0.033333333,0,0,0,0,0,0,0,0,0,0,8,12,0
34136,10,907118,1,10,3,3,0,2,2,2,0,19,0.033333333,0,0,0,0,0,0,0,0,0,0,5,10,0
34139,313,907118,2,302,36,91,31,72,18,80,27,19,0.366666667,0,0,0,0,0,0,28,42,0,0,72,25,5
34148,53,907118,2,45,3,17,4,13,0,12,7,19,0.1,0,0,0,0,0,0,0,0,0,0,19,41,0
34161,221,907118,1,221,19,92,15,52,6,79,20,19,0.2,0,0,0,0,104,0,0,0,0,10,53,68,27
34180,45,907118,1,45,3,18,3,13,0,15,7,19,0.066666667,0,0,0,0,0,0,0,0,0,0,16,40,5
34196,689,91935,3,359,62,106,35,82,20,76,43,26,0.533333333,0,0,0,0,0,0,6,4,57,3,96,98,147
34197,47,907118,1,47,6,25,0,11,0,14,5,19,0.233333333,0,4,0,0,0,0,0,0,0,8,12,5,18
34206,8,907118,1,8,3,4,0,1,0,3,0,19,0.033333333,0,0,0,0,0,0,0,0,0,0,6,8,0
34211,201,907118,2,95,11,42,7,23,3,21,7,19,0.3,0,0,0,0,0,0,0,0,0,0,28,14,32
34212,81,907118,1,81,8,28,6,21,2,29,6,19,0.066666667,0,0,0,0,0,0,0,0,0,0,18,13,0
34216,149,907118,2,137,27,59,5,26,3,50,11,19,0.2,0,0,0,0,0,0,0,0,0,0,31,8,21
34221,312,907118,2,299,24,117,23,80,11,92,24,19,0.366666667,0,0,11,63,0,0,0,0,71,32,54,100,56
34225,26,907118,1,26,10,8,0,4,0,6,2,19,0.033333333,0,0,0,0,0,0,0,0,0,0,12,26,0
34227,369,91935,1,369,31,128,66,67,25,92,41,26,0.266666667,0,0,0,52,0,0,0,0,28,84,92,225,88
34236,201,907118,1,201,45,68,6,44,15,41,16,19,0.133333333,0,47,0,0,0,0,0,0,0,0,27,24,0
34239,481,907118,1,481,41,127,50,54,113,133,46,19,0.333333333,0,0,8,205,10,0,0,0,16,17,84,104,40
34245,733,155579,3,557,25,202,120,90,5,202,59,17,0.533333333,4,0,0,4,79,4,4,0,34,0,91,199,33
34263,143,91935,1,143,14,35,14,29,24,32,19,26,0.1,0,0,0,0,0,0,0,0,0,0,40,70,0
34270,119,907118,1,119,14,37,0,33,3,43,16,19,0.066666667,0,0,0,0,0,0,0,0,73,0,37,46,0
34274,99,907118,1,99,8,60,5,25,0,47,0,19,0.166666667,0,0,0,0,0,0,0,0,0,0,21,26,29
34289,19,907118,1,19,11,2,0,1,3,2,0,19,0.033333333,0,0,0,0,0,0,0,0,0,0,6,19,0
34309,274,907118,4,269,34,102,9,78,5,74,34,19,0.4,0,0,26,0,0,0,0,0,0,8,65,154,65
34316,163,907118,2,93,17,30,6,21,5,17,9,19,0.133333333,0,0,7,0,0,0,0,0,0,0,24,19,0
34326,370,907118,2,325,24,147,17,10,50,110,35,19,0.2,0,0,40,0,0,0,0,0,0,43,59,177,120
34334,7,907118,1,7,6,0,0,0,0,0,0,19,0.033333333,0,0,0,0,0,0,0,0,0,0,5,7,0
34335,2119,907118,7,521,66,185,75,129,20,161,0,19,0.366666667,103,0,0,42,0,0,0,5,24,0,67,266,16
34347,418,907118,5,93,5,36,11,30,0,28,8,19,0.166666667,0,0,0,0,12,0,0,0,0,0,32,25,0
34348,292,907118,2,281,61,102,8,68,20,69,6,19,0.533333333,0,0,8,22,0,8,4,0,0,21,44,71,118
34352,30,907118,4,1,1,0,0,0,0,0,0,19,0.033333333,0,0,0,0,0,0,0,0,0,0,1,1,0
34361,238,907118,1,238,10,77,35,61,0,73,36,19,0.3,0,0,26,0,0,0,0,36,0,0,74,8,27
34369,190,907118,3,120,23,47,11,9,12,26,12,19,0.3,0,0,0,0,0,0,0,0,0,0,39,43,7
34372,19,155579,1,19,6,4,0,1,6,1,1,17,0.1,0,0,0,0,0,0,0,0,0,0,7,5,0
34377,49,907118,1,49,4,25,0,13,0,19,7,19,0.1,0,0,0,0,0,0,0,0,4,0,16,9,0
34387,86,907118,1,86,23,21,3,13,15,13,5,19,0.033333333,0,0,0,0,0,0,0,0,0,0,23,86,0
34392,306,907118,4,149,16,55,5,43,6,39,15,19,0.233333333,0,0,28,0,6,0,0,0,0,0,36,76,41
34405,495,907118,4,228,16,72,30,49,0,85,29,19,0.366666667,58,0,0,17,4,0,0,66,0,0,69,75,24
34413,11,907118,1,11,3,5,0,2,0,3,0,19,0.033333333,0,0,0,0,0,0,0,0,0,0,5,11,0
34424,29,907118,1,29,2,0,0,0,27,0,0,19,0.033333333,0,0,0,0,0,0,0,0,0,0,2,29,0
34430,828,89830,1,828,27,98,126,64,126,288,105,108,0.466666667,31,0,0,0,0,0,0,0,0,0,100,88,202
34432,84,907118,1,84,11,36,4,23,0,19,8,19,0.266666667,0,0,0,0,4,0,0,0,0,0,25,53,0
34438,265,907118,1,265,40,118,11,60,7,74,25,19,0.366666667,37,0,20,0,0,0,20,26,0,11,61,76,8
34439,90,907118,1,90,13,29,8,21,2,20,12,19,0.133333333,0,0,0,0,0,0,0,0,0,0,32,62,0
34441,3,907118,1,3,3,0,0,0,0,0,0,19,0.033333333,0,0,0,0,0,0,0,0,0,0,2,3,0
34457,107,155579,1,107,11,31,0,24,5,34,23,17,0.133333333,0,0,0,0,0,42,0,0,0,0,42,13,22
34459,237,907118,5,16,5,4,0,3,0,4,2,19,0.066666667,0,0,0,0,0,0,0,0,0,0,7,13,0
34463,960,155579,2,819,21,268,121,123,62,380,74,17,0.366666667,0,0,0,0,0,0,0,0,128,0,90,627,157
34472,211,907118,3,10,1,5,0,3,0,4,1,19,0.033333333,0,0,0,0,0,0,0,0,0,0,7,10,0
34498,1533,91935,4,329,17,114,82,60,9,98,36,26,0.333333333,39,6,0,0,0,0,0,6,0,0,75,241,10
34519,19,907118,1,19,3,9,0,5,0,6,2,19,0.066666667,0,0,0,0,0,0,0,0,0,0,9,13,6
34526,226,907118,1,226,17,81,28,56,6,66,24,19,0.233333333,19,0,0,68,0,0,0,0,0,0,60,86,72
34527,154,907118,2,148,29,41,2,28,37,19,7,19,0.166666667,0,0,0,0,0,0,0,0,0,0,24,43,7
34535,118,907118,2,111,22,40,7,27,0,20,11,19,0.233333333,0,0,0,0,0,0,0,0,0,0,31,17,7
34537,1385,89830,9,1323,81,127,260,97,377,269,117,108,0.7,11,44,0,0,44,5,41,0,17,0,123,260,53
34543,32,155579,1,32,13,17,0,2,0,10,0,17,0.166666667,0,0,0,0,0,0,0,0,0,0,9,2,0
34544,21,907118,1,21,10,5,0,3,0,3,1,19,0.033333333,0,0,0,0,0,0,0,0,0,0,10,21,0
34555,150,907118,1,150,18,56,6,41,3,40,22,19,0.233333333,0,0,0,0,0,0,0,0,0,0,38,38,35
34564,1006,907118,5,285,24,108,34,66,0,79,31,19,0.5,32,0,4,0,0,0,0,47,0,9,80,20,47
34567,721,907118,4,303,28,124,12,88,2,96,37,19,0.4,102,0,6,0,0,4,0,0,3,0,49,51,98
34568,23,907118,1,23,7,5,3,4,0,5,1,19,0.1,0,0,0,0,0,0,0,0,0,10,9,6,0
34576,101,907118,1,101,19,36,3,23,1,20,13,19,0.3,0,0,0,0,0,0,0,0,4,0,31,35,18
34579,78,907118,1,78,11,26,15,19,0,19,1,19,0.133333333,0,18,0,0,0,0,20,0,0,0,26,26,18
34620,3,878119,1,3,3,0,0,0,0,0,0,20,0.066666667,0,0,0,0,0,2,1,0,0,0,1,2,1
34624,10,878119,3,1,1,0,0,0,0,0,0,20,0.033333333,0,0,0,0,0,1,0,0,0,0,1,1,0
34626,121,878119,2,120,13,29,11,23,26,24,6,20,0.1,0,0,0,0,0,7,0,0,0,0,27,66,0
34627,163,878119,5,47,10,19,0,11,0,10,7,20,0.066666667,0,0,0,0,0,40,0,0,0,0,15,47,0
34632,215,878119,3,192,22,69,2,52,1,53,36,20,0.1,0,0,0,36,0,40,0,116,0,0,61,36,0
34638,544,878119,1,544,29,218,61,121,24,207,65,20,0.233333333,0,0,197,71,0,14,0,0,0,0,79,191,0
34642,10,21216,1,10,3,3,0,1,2,2,1,19,0.033333333,0,0,0,0,0,0,0,0,0,0,6,10,0
34644,5,878119,1,5,2,3,0,0,0,2,0,20,0.033333333,0,0,0,0,0,5,0,0,0,0,5,5,0
34650,16,878119,1,16,5,4,0,2,0,5,1,20,0.033333333,0,0,0,0,0,16,0,0,0,0,9,16,0
34651,18,21560,1,18,2,14,0,1,0,13,1,9,0.033333333,0,0,18,0,0,0,0,0,0,0,17,18,0
34653,144,878119,7,17,5,6,0,4,0,3,2,20,0.1,0,0,0,0,0,8,0,0,0,0,9,1,8
34654,167,878119,1,167,66,40,0,27,21,14,5,20,0.1,0,0,0,15,143,9,0,0,0,0,17,15,143
34656,196,34988,2,184,4,17,90,9,0,44,21,108,0.1,0,0,0,0,0,0,0,42,19,123,45,42,19
34660,980,878119,17,164,47,65,24,9,1,73,4,20,0.333333333,0,0,0,0,0,2,0,0,77,0,42,27,0
34690,514,878119,13,1,1,0,0,0,0,0,0,20,0.033333333,0,0,0,0,0,1,0,0,0,0,1,1,0
34708,27,878119,1,27,3,10,0,8,0,7,6,20,0.033333333,0,0,0,0,0,27,0,0,0,0,11,27,0
34721,202,878119,2,201,8,117,5,42,0,96,26,20,0.1,0,0,0,53,0,46,0,102,0,0,55,53,0
34723,96,878119,1,96,11,32,2,26,3,31,15,20,0.1,0,0,0,0,0,23,30,43,0,0,36,23,30
34726,6,21216,1,6,3,1,0,1,0,1,1,19,0.033333333,0,0,0,0,0,0,0,0,0,0,6,6,0
34730,57,34988,3,1,1,0,0,0,0,0,0,108,0.033333333,0,0,0,0,0,0,0,0,0,1,1,1,0
34733,147,878119,1,147,16,51,2,44,1,42,27,20,0.2,0,0,46,8,0,44,24,14,11,0,39,46,8
34747,9,878119,1,9,2,4,0,2,0,2,1,20,0.033333333,0,0,0,0,0,9,0,0,0,0,6,9,0
34760,147,878119,1,147,8,63,2,47,0,54,23,20,0.1,0,0,0,0,0,113,0,24,0,0,65,10,0
34761,8,21216,1,8,2,2,0,1,2,1,1,19,0.033333333,0,0,0,0,0,0,0,0,0,0,5,8,0
34770,72,878119,2,44,4,22,3,6,4,18,3,20,0.1,0,0,0,0,0,19,0,0,0,0,18,1,24
34785,110,21216,2,1,1,0,0,0,0,0,0,19,0.033333333,0,0,0,0,0,0,0,0,0,0,1,1,0
34800,496,34988,3,1,1,0,0,0,0,0,0,108,0.033333333,0,0,0,0,0,0,0,0,0,1,1,1,0
34827,561,21216,4,28,9,10,0,7,0,5,2,19,0.066666667,0,0,0,0,0,0,0,0,0,0,9,20,0
34835,1588,878119,8,371,29,142,59,81,0,114,27,20,0.466666667,10,0,0,24,112,16,0,0,0,0,59,33,110
34836,6,148500,1,6,2,2,0,1,0,1,1,29,0.033333333,0,0,0,0,0,0,0,0,0,0,5,6,0
34837,361,878119,2,231,24,102,60,9,0,89,8,20,0.533333333,64,0,0,9,6,18,32,17,0,0,64,24,12
34851,318,148500,8,1,1,0,0,0,0,0,0,29,0.033333333,0,0,0,0,0,0,0,0,0,0,1,1,0
34856,43,878119,1,43,10,23,2,4,0,18,1,20,0.066666667,0,0,0,0,0,28,15,0,0,0,26,28,15
34858,743,43183,5,150,15,42,12,33,1,49,19,24,0.2,0,0,0,0,0,0,0,5,57,0,38,63,62
34859,581,878119,4,281,35,87,83,3,38,75,5,20,0.233333333,0,0,9,0,33,20,0,0,9,0,58,110,0
34861,221,878119,1,221,31,90,60,11,0,76,5,20,0.333333333,5,0,51,0,0,4,0,0,8,0,65,23,12
34864,8,878119,1,8,2,3,0,1,0,3,1,20,0.033333333,0,0,0,0,0,8,0,0,0,0,6,8,0
34868,1,878119,1,1,1,0,0,0,0,0,0,20,0.033333333,0,0,0,0,0,1,0,0,0,0,1,1,0
34901,48,21216,2,36,10,15,0,8,1,2,2,19,0.033333333,0,0,0,0,0,0,0,0,0,0,7,36,0
34932,68,878119,1,68,15,34,8,2,2,31,1,20,0.066666667,0,0,0,0,0,24,0,0,0,0,30,44,0
34934,2,34988,1,2,2,0,0,0,0,0,0,108,0.033333333,0,0,0,0,0,0,0,0,0,2,1,2,0
34943,1632,878119,4,269,18,110,72,13,24,95,9,20,0.4,0,12,0,79,0,41,0,0,3,0,62,19,33
34946,67,878119,1,67,8,24,2,23,0,27,5,20,0.066666667,0,0,0,0,0,43,0,0,24,0,22,43,0
34948,236,878119,1,236,24,97,11,52,1,73,45,20,0.333333333,11,28,0,0,0,30,0,0,0,0,49,53,113
34958,535,878119,2,242,24,77,31,61,8,57,29,20,0.2,0,0,0,0,0,90,0,0,0,0,69,135,0
34960,2,878119,2,1,1,0,0,0,0,0,0,20,0.033333333,0,0,0,0,0,1,0,0,0,0,1,1,0
34969,151,878119,1,151,7,44,25,38,0,47,19,20,0.166666667,0,0,0,16,0,67,6,0,0,0,52,35,27
34981,1,878119,1,1,1,0,0,0,0,0,0,20,0.033333333,0,0,0,0,0,1,0,0,0,0,1,1,0
34991,230,878119,1,230,15,99,18,42,7,106,20,20,0.133333333,0,0,6,0,0,10,0,0,38,0,47,214,6
34995,2615,34988,9,576,20,202,61,73,1,258,84,108,0.166666667,0,0,0,0,0,0,0,0,0,363,102,384,6
35003,192,878119,2,165,29,80,21,11,1,61,9,20,0.4,0,0,6,10,12,37,24,0,9,0,45,10,21
35010,44,878119,1,44,18,25,0,0,0,18,0,20,0.033333333,0,0,0,0,0,44,0,0,0,0,19,44,0
35041,195,878119,3,109,21,45,22,3,0,54,2,20,0.233333333,0,0,0,9,35,16,0,0,0,0,39,30,0
35043,19,878119,2,14,3,7,0,4,0,2,0,20,0.1,0,7,0,5,0,2,0,0,0,0,6,9,0
35047,6,878119,1,6,3,2,0,1,0,1,0,20,0.033333333,0,0,0,0,0,6,0,0,0,0,5,6,0
35055,87,878119,1,87,7,41,21,10,0,38,0,20,0.3,0,0,0,5,1,31,0,10,0,0,20,9,21
35060,323,878119,1,323,32,96,17,88,7,96,60,20,0.033333333,0,0,0,0,0,323,0,0,0,0,74,323,0
35068,56,878119,1,56,8,18,1,16,0,16,6,20,0.066666667,0,0,0,12,0,44,0,0,0,0,26,12,0
35071,435,21216,3,315,20,134,0,59,2,135,58,19,0.233333333,0,89,0,0,16,0,44,111,25,0,55,36,89
35092,30,878119,1,30,11,11,0,4,0,9,3,20,0.066666667,0,0,0,0,0,11,19,0,0,0,17,11,19
35101,92,878119,1,92,8,40,0,27,0,26,17,20,0.166666667,0,0,28,0,34,9,0,0,0,0,21,18,0
35106,286,43183,2,21,2,6,0,5,0,7,6,24,0.033333333,0,0,0,0,0,0,0,21,0,0,11,21,0
35107,676,878119,2,587,36,207,68,136,21,213,62,20,0.333333333,0,10,0,0,0,47,142,223,0,0,80,4,15
35122,200,878119,2,199,17,62,18,52,3,56,35,20,0.2,0,0,0,0,0,44,70,0,0,0,53,1,0
35126,95,878119,1,95,10,35,5,25,0,26,18,20,0.133333333,0,0,0,0,0,5,0,0,0,0,23,55,35
35127,340,878119,2,189,22,78,49,14,0,58,8,20,0.333333333,21,42,0,0,0,4,0,24,0,0,51,10,29
35130,387,878119,1,387,32,168,28,84,10,110,53,20,0.4,0,0,0,143,47,9,0,8,0,0,64,76,37
35151,559,878119,2,558,19,74,45,62,300,80,26,20,0.2,0,0,0,0,0,74,0,65,0,0,71,110,0
35165,1,148500,1,1,1,0,0,0,0,0,0,29,0.033333333,0,0,0,0,0,0,0,0,0,0,1,1,0
35167,575,148500,4,87,9,20,29,13,0,16,6,29,0.233333333,8,0,0,4,0,0,4,0,0,0,32,5,4
35175,48,148500,3,1,1,0,0,0,0,0,0,29,0.033333333,0,0,0,0,0,0,0,0,0,0,1,1,0
35201,2,878119,1,2,2,0,0,0,0,0,0,20,0.033333333,0,0,0,0,0,0,2,0,0,0,2,2,0
35216,92,89830,2,86,10,25,18,8,0,32,10,108,0.066666667,0,0,0,0,0,0,0,9,0,0,19,86,0
35217,11,155579,1,11,3,4,0,2,0,3,2,17,0.066666667,0,0,0,0,0,0,0,0,0,0,6,8,3
35234,249,155579,1,249,17,70,29,31,23,90,19,17,0.233333333,0,0,0,0,0,0,0,0,0,0,26,77,49
35238,3575,89830,5,1154,50,171,236,108,92,425,125,108,0.533333333,0,0,0,0,111,84,189,50,30,0,144,38,161
35248,151,91935,2,66,6,16,23,12,0,13,8,26,0.066666667,0,0,0,0,0,0,0,0,0,0,31,28,38
35267,558,155579,2,538,32,75,94,52,47,190,68,17,0.3,0,0,23,7,0,0,0,0,0,0,68,230,70
35275,1955,155579,6,768,76,200,51,149,107,193,80,17,0.566666667,0,0,61,0,0,0,0,0,122,84,97,348,307
35281,54,89830,2,47,7,18,6,9,0,12,2,108,0.166666667,0,0,0,0,0,6,0,0,0,0,15,9,22
35287,595,155579,7,1,1,0,0,0,0,0,0,17,0.033333333,0,0,0,0,0,0,0,0,0,0,1,1,0
35301,741,89830,1,741,30,154,175,74,4,364,28,108,0.533333333,0,0,0,0,6,0,0,253,0,0,98,150,101
35305,289,155579,4,131,8,32,20,19,19,35,15,17,0.2,35,19,0,0,0,0,0,0,0,0,38,35,0
35307,486,89830,1,486,41,150,70,68,3,176,49,108,0.433333333,0,0,0,0,0,0,0,0,0,0,63,76,49
35314,27,155579,1,27,12,6,0,3,1,1,1,17,0.066666667,0,0,0,0,0,0,0,0,0,0,8,16,11
35315,290,155579,3,116,32,16,11,9,11,36,12,17,0.2,0,0,0,0,0,0,0,0,0,0,19,42,43
35321,899,91935,6,181,20,42,44,33,11,28,16,26,0.266666667,0,0,0,0,0,7,1,0,0,0,50,148,7
35323,117,91935,1,117,9,25,38,19,4,21,11,26,0.066666667,0,0,0,0,0,0,0,0,0,0,33,66,0
35332,903,91935,8,66,10,25,0,18,10,12,3,26,0.233333333,0,0,0,0,0,7,0,8,9,6,10,10,6
35350,428,155579,3,411,41,146,38,49,15,209,30,17,0.2,0,0,0,0,2,70,143,108,0,0,60,83,0
35355,662,89830,1,662,43,114,143,80,25,203,83,108,0.366666667,0,0,0,0,0,0,14,0,0,0,108,68,176
35357,311,89830,2,306,31,139,15,28,1,179,16,108,0.3,0,18,10,0,0,0,0,0,0,0,28,39,10
35368,252,89830,1,252,3,24,133,8,0,54,14,108,0.066666667,0,0,0,0,0,0,0,0,0,0,62,252,0
35392,129,89830,2,88,11,44,0,33,0,24,0,108,0.3,0,0,12,9,12,0,0,0,0,0,29,24,41
35408,1,155579,1,1,1,0,0,0,0,0,0,17,0.033333333,0,0,0,0,0,0,0,0,0,0,1,1,0
35421,2,89830,1,2,2,0,0,0,0,0,0,108,0.033333333,0,0,0,0,0,0,0,0,0,0,1,2,0
35424,1,89830,1,1,1,0,0,0,0,0,0,108,0.033333333,0,0,0,0,0,0,0,0,0,0,1,1,0
35435,109,89830,3,3,3,0,0,0,0,0,0,108,0.033333333,0,0,0,0,0,0,0,0,0,0,2,3,0
35437,101,89830,4,1,1,0,0,0,0,0,0,108,0.033333333,0,0,0,0,0,0,0,0,0,0,1,1,0
35448,98,878119,2,53,9,30,2,6,0,17,6,20,0.2,0,0,0,0,0,0,0,7,0,0,21,11,7
35467,65,878119,1,65,13,43,1,1,1,30,1,20,0.033333333,0,0,0,0,0,0,0,65,0,0,24,65,0
35481,3,21216,2,2,2,0,0,0,0,0,0,19,0.033333333,0,0,0,0,0,0,0,0,0,0,1,2,0
35492,133,878119,2,117,12,37,12,29,13,25,9,20,0.133333333,0,0,0,0,0,0,0,17,0,0,27,51,0
35516,461,878119,2,175,25,100,20,10,0,85,2,20,0.4,4,12,5,0,4,0,6,42,0,0,44,1,9
35544,175,878119,1,175,8,104,25,10,0,106,5,20,0.166666667,0,0,0,0,37,0,0,17,0,0,54,91,30
35545,211,878119,2,186,18,74,48,10,2,80,2,20,0.433333333,0,0,104,8,4,4,3,4,0,0,55,129,8
35549,87,878119,1,87,15,14,35,8,3,15,0,20,0.1,37,0,0,0,0,0,0,27,0,0,21,23,0
35556,12,21560,1,12,6,4,0,1,0,3,1,9,0.033333333,0,0,0,0,12,0,0,0,0,0,5,12,0
35561,33,43183,2,9,4,2,0,1,0,2,1,24,0.033333333,0,0,0,0,0,0,0,0,0,9,6,9,0
35563,238,878119,1,238,22,72,42,48,2,63,36,20,0.2,0,80,0,0,0,0,0,87,0,0,66,3,54
35578,169,878119,1,169,20,69,11,44,0,50,22,20,0.133333333,0,0,0,0,0,0,0,57,0,0,52,21,0
35581,33,878119,1,33,16,12,0,4,0,5,1,20,0.133333333,0,0,0,0,0,0,0,14,0,0,10,15,0
35598,396,878119,3,110,9,59,7,10,23,39,0,20,0.6,4,7,2,0,0,0,3,5,0,0,23,19,26
35612,8,878119,1,8,4,4,0,0,0,3,0,20,0.033333333,0,0,0,0,0,0,0,8,0,0,7,8,0
35615,186,878119,1,186,18,95,5,38,2,61,24,20,0.266666667,0,9,0,0,0,0,21,19,0,0,38,75,65
35616,99,21216,2,26,3,11,1,7,1,8,3,19,0.066666667,0,0,0,0,0,0,0,0,0,0,9,12,0
35618,1,21216,1,1,1,0,0,0,0,0,0,19,0.033333333,0,0,0,0,0,0,0,0,0,0,1,1,0
35633,1,21216,1,1,1,0,0,0,0,0,0,19,0.033333333,0,0,0,0,0,0,0,0,0,0,1,1,0
35639,101,878119,1,101,10,39,5,31,0,28,16,20,0.133333333,0,0,0,0,0,0,0,49,0,0,43,4,0
35645,332,21216,4,107,10,30,0,5,0,55,27,19,0.133333333,0,0,0,0,0,0,0,39,0,0,35,36,0
35650,1136,878119,3,284,17,101,48,59,8,86,37,20,0.266666667,0,84,0,0,4,0,0,53,0,0,69,62,0
35664,1,21560,1,1,1,0,0,0,0,0,0,9,0.033333333,0,0,0,0,1,0,0,0,0,0,1,1,0
35667,143,878119,1,143,27,60,19,20,0,37,11,20,0.266666667,5,0,0,28,0,0,0,18,0,0,49,26,22
35672,4,21216,1,4,4,0,0,0,0,0,0,19,0.033333333,0,0,0,0,0,0,0,0,0,0,3,4,0
35678,4,878119,1,4,3,1,0,0,0,1,0,20,0.033333333,0,0,0,0,0,0,0,4,0,0,4,4,0
35690,70,878119,1,70,19,37,1,4,0,25,5,20,0.1,0,0,0,14,0,0,0,21,0,0,24,56,0
35695,176,878119,1,176,32,73,27,14,6,57,6,20,0.266666667,0,0,0,0,0,0,0,38,0,0,53,35,10
35699,49,43183,2,48,8,7,13,5,1,9,6,24,0.033333333,0,0,0,0,0,0,0,0,0,48,13,48,0
35707,49,878119,1,49,5,10,14,7,2,14,1,20,0.033333333,0,0,0,0,0,0,0,49,0,0,13,49,0
35730,213,878119,2,206,24,72,10,52,19,45,26,20,0.233333333,0,0,0,16,0,0,0,43,0,0,55,81,16
35746,181,878119,2,159,28,70,30,1,6,58,0,20,0.2,17,0,47,0,0,0,0,12,0,0,50,99,1
35749,73,878119,1,73,11,24,2,17,3,20,8,20,0.066666667,0,0,0,0,0,0,35,38,0,0,22,35,38
35752,292,878119,1,292,39,103,7,65,36,65,37,20,0.3,0,70,0,0,35,0,0,4,0,0,63,102,27
35771,1,21216,1,1,1,0,0,0,0,0,0,19,0.033333333,0,0,0,0,0,0,0,0,0,0,1,1,0
35774,30,878119,1,30,14,6,0,5,0,7,2,20,0.066666667,0,0,0,0,0,0,0,6,0,0,14,24,0
35775,9,878119,1,9,3,5,0,1,0,2,0,20,0.033333333,0,0,0,0,0,0,0,9,0,0,6,9,0
35778,189,878119,2,186,27,65,1,52,16,50,18,20,0.2,0,0,0,0,0,0,0,62,0,0,31,2,0
35783,352,878119,2,136,8,110,10,3,1,99,2,20,0.133333333,0,0,0,0,0,0,22,18,0,0,39,54,0
35789,60,878119,1,60,13,13,16,7,0,14,0,20,0.1,0,0,0,0,0,0,0,23,0,0,17,27,10
35791,87,878119,1,87,8,36,2,18,6,31,9,20,0.133333333,0,0,39,0,0,0,0,33,0,0,33,12,0
35806,160,148500,7,15,2,5,0,4,0,4,4,29,0.033333333,0,0,0,0,0,0,0,0,0,0,7,15,0
35810,20,43183,1,20,4,8,0,5,0,5,3,24,0.066666667,0,0,0,0,0,0,0,0,7,13,9,7,13
35818,7,878119,1,7,3,2,0,0,2,1,0,20,0.033333333,0,0,0,0,0,0,0,7,0,0,5,7,0
35822,5,878119,1,5,2,2,0,1,0,1,0,20,0.033333333,0,0,0,0,0,0,0,5,0,0,4,5,0
35829,391,878119,3,105,8,33,14,28,2,28,17,20,0.133333333,0,0,0,0,0,0,0,9,0,0,53,31,0
35841,24,878119,1,24,2,15,3,1,0,12,0,20,0.1,0,0,0,0,0,0,12,4,8,0,14,12,4
35849,139,878119,2,137,21,48,4,32,10,39,15,20,0.233333333,0,0,0,0,0,56,2,5,0,0,31,23,35
35852,2,21216,2,1,1,0,0,0,0,0,0,19,0.033333333,0,0,0,0,0,0,0,0,0,0,1,1,0
35854,412,21216,6,9,2,3,0,2,0,2,2,19,0.033333333,0,0,0,0,0,0,0,0,0,0,7,9,0
35860,206,878119,2,193,26,81,46,3,7,89,1,20,0.333333333,0,0,0,0,0,0,43,26,0,0,56,66,18
35872,188,878119,1,188,18,56,19,48,14,52,16,20,0.2,0,0,0,0,0,0,0,9,106,0,48,123,34
35876,1049,148500,4,1,1,0,0,0,0,0,0,29,0.033333333,0,0,0,0,0,0,0,0,0,0,1,1,0
35908,3,21216,2,2,2,0,0,0,0,0,0,19,0.033333333,0,0,0,0,0,0,0,0,0,0,1,2,0
35911,1061,21216,6,59,14,27,0,2,0,18,6,19,0.166666667,21,0,0,0,0,0,4,0,0,0,10,11,0
35920,296,21216,2,291,37,73,68,53,3,62,20,19,0.133333333,0,0,0,64,0,0,0,0,0,0,35,135,156
35942,1003,21216,5,163,12,24,0,14,0,76,54,19,0.1,70,0,0,0,90,0,0,0,0,0,20,3,160
35946,32,21216,2,1,1,0,0,0,0,0,0,19,0.033333333,0,0,0,0,0,0,0,0,0,0,1,1,0
35968,348,399092,1,348,14,113,63,26,7,160,11,101,0.166666667,0,0,0,0,0,0,0,0,0,0,32,128,68
35972,10,399092,1,10,4,4,0,2,0,1,0,101,0.033333333,0,0,0,0,0,0,0,0,0,0,5,10,0
35988,37,399092,1,37,19,9,0,6,0,6,0,101,0.166666667,0,0,0,0,0,0,0,0,0,0,12,20,0
36018,23,399092,1,23,9,8,0,4,2,5,0,101,0.033333333,0,0,0,0,0,0,0,0,0,0,6,23,0
36020,1036,399092,5,1030,62,163,199,125,100,291,59,101,0.6,39,137,0,0,0,0,0,15,4,0,147,155,46
36042,174,261579,2,1,1,0,0,0,0,0,0,5,0.033333333,0,0,0,0,0,0,0,0,0,0,1,1,0
36043,110,24979,6,11,2,4,0,3,0,3,2,25,0.033333333,0,0,0,0,0,0,0,0,0,0,8,11,0
36064,11,399092,1,11,3,4,0,3,0,3,1,101,0.066666667,0,0,0,0,0,0,10,0,0,0,6,1,0
36068,471,261579,2,326,25,114,6,95,12,82,68,5,0.366666667,0,0,0,0,0,44,34,0,0,0,63,11,89
36072,9,399092,1,9,1,4,0,3,0,2,1,101,0.033333333,0,0,0,0,0,0,0,0,0,0,6,9,0
36089,407,502584,1,407,27,97,25,72,20,142,53,143,0.3,0,0,0,0,0,0,41,68,132,0,48,194,13
36096,81,399092,1,81,15,16,22,12,0,23,0,101,0.166666667,0,0,0,0,0,0,0,0,0,0,18,29,48
36098,19,399092,1,19,8,7,0,1,1,2,1,101,0.066666667,0,0,0,0,0,0,0,0,0,0,9,1,0
36105,253,502584,3,120,8,20,15,11,9,47,6,143,0.133333333,0,0,0,0,0,0,0,0,0,0,15,26,84
36118,397,502584,2,383,17,59,89,39,33,112,20,143,0.266666667,59,0,0,0,108,0,25,0,0,0,63,126,5
36126,1,502584,1,1,1,0,0,0,0,0,0,143,0.033333333,0,0,0,0,0,0,0,0,0,0,1,1,0
36142,284,502584,1,284,20,36,63,28,17,85,15,143,0.2,0,0,0,0,1,0,0,0,0,0,48,111,158
36145,61,399092,1,61,24,18,0,12,7,9,0,101,0.066666667,0,0,0,0,0,0,0,0,0,0,11,52,0
36148,299,502584,17,2,2,0,0,0,0,0,0,143,0.033333333,0,0,0,0,0,0,0,0,0,0,1,2,0
36151,485,261579,2,464,63,157,12,108,66,97,48,5,0.466666667,15,37,0,19,86,0,16,0,13,0,67,166,15
36154,23,261579,1,23,2,7,0,6,0,8,5,5,0.066666667,0,0,0,0,0,0,0,0,0,0,8,14,9
36156,143,261579,1,143,10,59,0,37,3,49,30,5,0.133333333,0,0,0,0,0,0,0,0,0,0,39,105,31
36174,311,502584,5,208,30,39,14,25,44,48,9,143,0.2,0,0,0,0,0,0,0,0,0,0,23,123,31
36180,405,502584,2,404,28,59,101,13,101,96,8,143,0.2,0,0,0,0,0,0,0,1,0,0,46,266,19
36191,126,399092,3,82,8,22,12,17,0,19,10,101,0.166666667,0,0,0,0,0,0,0,0,0,0,19,14,0
36198,9,399092,1,9,1,4,0,3,0,4,0,101,0.033333333,0,0,0,0,0,0,0,0,0,0,4,9,0
36200,1,502584,1,1,1,0,0,0,0,0,0,143,0.033333333,0,0,0,0,0,0,0,0,0,0,1,1,0
36207,1,502584,1,1,1,0,0,0,0,0,0,143,0.033333333,0,0,0,0,0,0,0,0,0,0,1,1,0
36218,958,502584,7,72,10,36,0,1,0,31,1,143,0.133333333,0,0,0,0,0,0,0,0,6,0,8,57,0
36221,687,399092,14,5,2,2,0,1,0,1,0,101,0.033333333,0,0,0,0,0,0,0,0,0,0,4,5,0
36230,4,399092,1,4,4,0,0,0,0,0,0,101,0.033333333,0,0,0,0,0,0,0,0,0,0,1,4,0
36232,17,261579,1,17,4,9,0,2,0,6,2,5,0.066666667,0,0,0,0,0,0,0,0,0,0,10,8,9
36241,1199,502584,3,848,68,169,275,21,39,291,4,143,0.6,0,0,0,0,0,36,62,103,0,5,129,42,60
36244,785,502584,7,12,1,7,0,4,0,6,0,143,0.1,0,0,0,0,0,0,0,0,0,0,3,4,7
36262,440,399092,1,440,10,45,119,35,60,114,19,101,0.233333333,0,0,0,0,0,0,0,0,0,0,70,20,3
36269,158,261579,6,20,1,7,0,6,0,6,6,5,0.033333333,0,0,0,0,0,0,0,0,0,0,12,20,0
36274,2,261579,1,2,2,0,0,0,0,0,0,5,0.033333333,0,0,0,0,0,0,0,0,0,0,2,2,0
36289,671,261579,2,463,23,220,21,98,49,136,38,5,0.266666667,0,0,0,0,0,72,0,0,0,0,65,132,110
36306,570,502584,9,57,10,28,0,13,0,13,6,143,0.2,0,0,0,0,0,0,0,0,0,0,8,14,10
36311,532,502584,3,113,5,10,48,7,0,32,3,143,0.066666667,0,0,0,0,0,0,0,0,0,0,21,109,4
36316,11,261579,1,11,2,5,0,2,0,4,2,5,0.033333333,0,0,0,0,0,0,0,0,0,0,7,11,0
36336,119,502584,2,111,13,4,43,4,6,23,5,143,0.033333333,0,0,0,0,0,0,0,0,0,0,24,111,0
36342,118,399092,1,118,16,19,4,18,25,36,7,101,0.1,0,0,0,0,0,0,0,0,0,0,19,75,1
36344,560,399092,5,251,16,79,5,55,10,91,36,101,0.233333333,0,0,0,0,0,0,0,0,0,0,27,47,173
36349,10,261579,1,10,6,2,0,0,1,1,0,5,0.033333333,0,0,0,0,0,0,0,0,0,0,7,10,0
36373,744,399092,1,744,32,185,181,54,59,285,20,101,0.233333333,0,0,2,0,0,0,0,0,0,0,95,62,285
36376,9,399092,1,9,2,5,0,2,0,4,0,101,0.033333333,0,0,0,0,0,0,0,0,0,0,6,9,0
36379,188,261579,2,124,18,49,0,28,1,38,19,5,0.133333333,0,0,0,0,0,0,0,0,0,0,41,93,0
36381,31,502584,2,15,1,2,3,1,1,5,1,143,0.033333333,0,0,0,0,0,0,0,0,0,0,5,15,0
36398,40,261579,1,40,10,19,0,3,5,13,2,5,0.133333333,0,0,0,0,0,0,0,0,0,0,18,8,20
36405,12,399092,1,12,7,4,0,0,0,3,0,101,0.033333333,0,0,0,0,0,0,0,0,0,0,8,12,0
36408,1434,502584,14,181,7,44,57,15,0,70,6,143,0.1,0,0,0,0,0,0,0,0,0,0,22,169,0
36422,462,261579,2,461,46,184,6,120,26,127,77,5,0.4,46,17,0,0,0,6,0,0,5,53,77,174,102
36426,68,24979,8,1,1,0,0,0,0,0,0,25,0.033333333,0,0,0,0,0,0,0,0,0,0,1,1,0
36440,44,502584,1,44,8,10,0,6,0,16,4,143,0.066666667,0,0,0,0,0,0,0,0,0,0,11,10,34
36443,430,399092,3,392,35,78,44,58,23,117,29,101,0.166666667,0,0,0,0,0,24,0,0,0,0,53,205,32
36446,161,399092,1,161,24,22,35,14,4,39,9,101,0.133333333,0,0,0,0,0,0,0,0,0,0,26,68,0
36461,122,261579,3,18,5,5,0,4,0,4,4,5,0.066666667,0,0,0,0,0,0,0,0,0,0,7,3,0
36462,5,399092,1,5,5,0,0,0,0,0,0,101,0.066666667,0,0,0,0,0,1,0,0,0,0,2,4,0
36470,4,399092,1,4,4,0,0,0,0,0,0,101,0.033333333,0,0,0,0,0,0,0,0,0,0,2,4,0
36492,6,399092,1,6,6,0,0,0,0,0,0,101,0.066666667,0,0,0,0,0,0,0,0,0,0,2,4,0
36518,320,399092,6,31,18,11,0,0,0,9,0,101,0.033333333,0,0,0,0,0,0,0,0,0,0,8,31,0
36519,9,399092,1,9,9,0,0,0,0,0,0,101,0.033333333,0,0,0,0,0,0,0,0,0,0,2,9,0
36523,100,261579,3,82,7,46,0,15,0,41,14,5,0.166666667,6,0,0,0,0,0,0,0,0,0,42,39,25
36527,5,399092,1,5,5,0,0,0,0,0,0,101,0.033333333,0,0,0,0,0,0,0,0,0,0,2,5,0
36540,41,502584,1,41,6,12,0,0,13,14,0,143,0.1,0,0,0,0,0,0,0,0,0,0,11,33,0
36547,142,399092,3,3,3,0,0,0,0,0,0,101,0.033333333,0,0,0,0,0,0,0,0,0,0,1,3,0
36555,91,261579,5,7,6,0,0,0,1,0,0,5,0.066666667,0,0,0,0,0,0,0,0,0,0,3,7,0
36557,6,399092,1,6,6,0,0,0,0,0,0,101,0.033333333,0,0,0,0,0,0,0,0,0,0,2,6,0
36566,378,502584,1,378,17,81,147,8,15,116,7,143,0.166666667,0,0,0,57,0,0,0,0,0,0,77,192,57
36585,38,261579,1,38,3,12,0,11,0,12,10,5,0.066666667,0,0,0,0,0,0,0,0,0,0,22,9,29
36590,3,399092,1,3,3,0,0,0,0,0,0,101,0.033333333,0,0,0,0,0,0,0,0,0,0,2,3,0
36599,73,399092,1,73,37,14,0,10,6,11,2,101,0.233333333,0,0,0,0,10,0,0,0,0,22,16,4,24
36608,146,502584,2,8,2,3,0,2,0,2,1,143,0.033333333,0,0,0,0,0,0,0,0,0,0,6,8,0
36610,3,399092,1,3,3,0,0,0,0,0,0,101,0.033333333,0,0,0,0,0,0,0,0,0,0,2,3,0
36612,309,399092,1,309,15,43,99,33,4,85,19,101,0.1,0,0,0,0,0,0,0,0,0,0,62,98,173
36613,31,261579,1,31,4,16,0,7,0,12,2,5,0.066666667,0,26,0,0,0,0,0,0,0,0,9,5,0
36619,446,399092,1,446,22,32,149,29,6,123,19,101,0.266666667,12,0,0,0,0,0,0,0,0,13,85,103,206
36621,330,261579,3,218,20,96,8,41,22,67,29,5,0.3,0,0,0,0,0,0,0,0,0,28,54,32,0
36665,124,502584,4,102,15,22,21,19,4,36,0,143,0.166666667,0,0,0,22,0,0,9,0,0,0,23,54,39
36675,13,261579,1,13,2,7,0,4,0,6,0,5,0.033333333,0,0,0,0,0,0,0,0,0,0,9,13,0
36676,92,261579,1,92,10,29,0,22,20,19,9,5,0.2,0,0,0,0,0,0,0,0,0,0,25,11,15
36692,422,399092,1,422,15,115,111,37,0,176,17,101,0.233333333,0,0,0,0,0,0,0,0,0,0,65,206,38
36695,30,502584,2,17,5,2,2,0,5,3,0,143,0.033333333,0,0,0,0,0,0,0,0,0,0,7,17,0
36701,56,502584,1,56,4,19,0,11,1,23,5,143,0.1,0,0,0,0,0,0,0,0,0,0,11,12,22
36708,586,399092,1,586,52,110,119,80,6,185,32,101,0.266666667,0,149,0,47,0,0,0,0,0,0,72,95,0
36711,6,399092,1,6,6,0,0,0,0,0,0,101,0.066666667,0,0,0,0,0,0,0,0,0,0,3,6,0
36713,387,502584,3,297,23,45,57,31,4,101,20,143,0.166666667,0,0,0,0,0,0,0,0,0,0,46,149,0
36723,7,399092,1,7,7,0,0,0,0,0,0,101,0.066666667,0,0,0,0,0,0,0,0,0,0,1,6,0
36731,95,502584,3,16,4,7,0,1,0,7,0,143,0.1,0,0,0,0,0,0,0,0,0,0,6,6,0
36732,17,399092,1,17,16,0,0,0,0,0,0,101,0.133333333,0,0,0,0,0,0,0,0,0,0,4,5,9
36739,133,261579,1,133,21,35,0,29,15,30,21,5,0.1,0,0,15,0,0,0,0,0,0,0,36,66,0
36747,52,399092,1,52,11,20,0,13,3,17,4,101,0.066666667,0,0,0,0,0,0,0,0,0,0,18,11,41
36751,215,261579,4,36,1,13,0,8,0,15,8,5,0.033333333,0,0,0,0,0,0,0,0,0,0,19,36,0
36758,4324,24979,21,149,20,52,1,38,25,26,12,25,0.266666667,0,0,0,0,0,0,0,0,21,0,28,94,21
36759,4324,261579,21,259,24,89,11,71,16,58,42,5,0.3,0,0,0,0,0,0,64,0,0,0,79,89,0
36760,2,261579,1,2,1,0,0,0,1,0,0,5,0.033333333,0,0,0,0,0,0,0,0,0,0,2,2,0
36764,3,399092,1,3,3,0,0,0,0,0,0,101,0.033333333,0,0,0,0,0,0,0,0,0,0,2,3,0
36800,459,261579,3,280,25,82,20,67,44,58,37,5,0.4,0,0,0,0,0,0,0,0,0,51,88,119,65
36809,893,502584,6,564,47,134,106,49,38,199,22,143,0.366666667,0,0,12,1,1,0,0,1,0,0,78,278,24
36816,15,502584,1,15,2,1,5,0,1,5,0,143,0.033333333,0,0,0,0,0,0,0,0,0,0,5,15,0
36820,24,399092,1,24,5,8,0,6,0,6,4,101,0.066666667,0,0,0,0,0,0,0,0,0,0,10,12,0
36822,1736,399092,10,15,5,5,0,4,0,3,1,101,0.066666667,0,0,0,0,0,0,0,0,0,0,7,14,0
36828,91,399092,1,91,48,28,0,8,0,20,3,101,0.166666667,0,0,0,0,0,6,0,0,0,0,22,2,0
36830,107,399092,1,107,19,38,0,25,0,37,22,101,0.133333333,0,0,0,0,0,0,0,0,0,0,8,35,35
36846,14,399092,2,3,3,0,0,0,0,0,0,101,0.033333333,0,0,0,0,0,0,0,0,0,0,2,3,0
36878,129,399092,2,107,14,38,0,24,1,43,5,101,0.233333333,0,0,18,0,0,0,4,0,0,0,23,32,19
36884,11,502584,1,11,3,2,0,0,5,1,0,143,0.033333333,0,0,0,0,0,0,0,0,0,0,5,11,0
36889,112,502584,2,86,4,29,0,20,1,34,14,143,0.1,0,0,0,0,0,0,0,0,0,0,14,30,19
36890,131,399092,4,2,2,0,0,0,0,0,0,101,0.033333333,0,0,0,0,0,0,0,0,0,0,2,2,0
36894,507,399092,2,506,29,27,295,23,0,98,13,101,0.133333333,0,0,0,0,0,0,0,0,0,0,89,497,0
36918,33,399092,2,9,5,2,0,1,1,1,0,101,0.033333333,0,0,0,0,0,0,0,0,0,0,5,9,0
36927,15,399092,1,15,6,0,0,0,9,0,0,101,0.033333333,0,0,0,0,0,0,0,0,0,0,3,15,0
36930,385,261579,5,224,27,48,17,39,65,33,25,5,0.233333333,0,0,0,0,0,0,0,0,0,0,48,109,10
36950,1,399092,1,1,1,0,0,0,0,0,0,101,0.033333333,0,0,0,0,0,0,0,0,0,0,1,1,0
36960,23,261579,1,23,3,12,0,3,0,12,1,5,0.133333333,0,0,0,0,0,0,0,0,0,0,6,6,0
36961,406,261579,4,107,9,35,0,27,17,22,15,5,0.166666667,0,0,0,0,0,8,0,0,0,0,26,6,35
36962,11,502584,1,11,1,4,0,3,0,4,2,143,0.033333333,0,0,0,0,0,0,0,0,0,0,7,11,0
36972,1,261579,1,1,1,0,0,0,0,0,0,5,0.033333333,0,0,0,0,0,0,0,0,0,0,1,1,0
36983,14,399092,1,14,4,5,0,4,0,4,1,101,0.033333333,0,0,0,0,0,0,0,0,0,0,8,14,0
36997,40,261579,2,31,6,7,0,4,4,6,2,5,0.066666667,0,0,0,0,0,0,0,0,0,0,9,31,0
37002,263,399092,6,1,1,0,0,0,0,0,0,101,0.033333333,0,0,0,0,0,0,0,0,0,0,1,1,0
37006,30,399092,2,13,6,5,0,0,1,2,0,101,0.066666667,0,0,0,0,0,0,0,0,0,0,9,12,0
37012,246,502584,3,56,6,14,10,8,1,18,5,143,0.066666667,0,0,0,0,0,0,0,0,0,0,14,23,33
37017,564,399092,2,530,10,120,136,34,43,202,22,101,0.1,0,0,0,0,0,0,0,0,0,0,83,37,163
37026,47,399092,2,1,1,0,0,0,0,0,0,101,0.033333333,0,0,0,0,0,0,0,0,0,0,1,1,0
37027,518,502584,5,76,16,18,4,10,0,24,6,143,0.1,0,0,0,0,0,0,0,0,0,0,16,6,0
37029,518,399092,5,3,3,0,0,0,0,0,0,101,0.033333333,0,0,0,0,0,0,0,0,0,0,2,3,0
37040,681,399092,2,629,52,257,18,86,27,313,14,101,0.433333333,218,0,0,0,10,0,0,10,0,0,53,57,20
37043,715,261579,6,293,32,100,6,78,23,64,49,5,0.466666667,22,1,0,0,0,0,0,0,0,0,60,43,75
37050,3,399092,1,3,3,0,0,0,0,0,0,101,0.033333333,0,0,0,0,0,0,0,0,0,0,2,3,0
37055,10,399092,3,1,1,0,0,0,0,0,0,101,0.033333333,0,0,0,0,0,0,0,0,0,0,1,1,0
37061,22,399092,1,22,5,10,0,7,0,7,0,101,0.033333333,0,0,0,0,0,0,0,0,0,0,9,22,0
37069,26,399092,1,26,7,11,0,7,1,4,0,101,0.066666667,0,0,0,24,0,0,0,0,0,0,8,2,0
37084,726,261579,2,517,65,169,15,70,148,120,46,5,0.733333333,7,5,8,6,1,5,0,48,12,0,93,219,42
37085,19,261579,1,19,2,7,0,5,0,6,5,5,0.033333333,0,0,0,0,0,0,0,0,0,0,13,19,0
37090,102,502584,3,69,4,7,18,5,2,26,4,143,0.133333333,0,0,0,0,0,0,0,0,0,0,16,13,9
37093,62,261579,2,50,11,19,0,12,0,7,3,5,0.233333333,0,0,0,12,4,5,2,0,0,0,13,25,1
37096,5,502584,1,5,5,0,0,0,0,0,0,143,0.033333333,0,0,0,0,0,0,0,0,0,0,2,5,0
37100,631,261579,5,216,24,80,13,26,51,48,17,5,0.333333333,37,1,0,0,0,0,0,0,0,0,62,7,79
37106,864,261579,4,95,8,28,13,23,6,20,11,5,0.2,0,0,32,0,0,0,0,0,26,0,31,40,0
37107,100,261579,1,100,12,41,13,25,0,24,7,5,0.166666667,0,0,0,0,0,0,0,0,0,0,23,17,0
37114,298,261579,1,298,51,72,11,57,52,64,45,5,0.3,0,0,0,0,0,0,0,0,0,0,80,75,0
37121,1,399092,1,1,1,0,0,0,0,0,0,101,0.033333333,0,0,0,0,0,0,0,0,0,0,1,1,0
37136,205,399092,1,205,11,49,19,39,4,77,19,101,0.133333333,0,0,0,0,0,0,0,0,0,0,41,137,67
37144,1047,261579,7,225,17,89,2,44,41,72,27,5,0.233333333,0,0,0,0,0,0,0,0,0,0,55,4,111
37152,5,399092,1,5,5,0,0,0,0,0,0,101,0.066666667,0,0,0,0,0,0,0,0,0,0,1,4,1
37156,11,261579,1,11,2,2,0,1,0,4,1,5,0.033333333,0,0,0,0,0,0,0,0,0,0,5,11,0
37165,116,399092,1,116,17,24,3,19,6,40,9,101,0.066666667,0,0,0,0,0,0,0,0,0,0,20,63,53
37191,17,399092,1,17,11,4,0,2,0,3,0,101,0.066666667,0,0,0,0,0,0,0,0,0,0,6,8,0
37211,154,502584,1,154,15,8,43,7,9,51,9,143,0.1,0,0,0,0,0,0,0,0,0,0,25,42,109
37212,83,502584,2,1,1,0,0,0,0,0,0,143,0.033333333,0,0,0,0,0,0,0,0,0,0,1,1,0
37214,250,24979,2,43,8,22,0,1,10,15,1,25,0.1,0,0,0,0,0,0,0,0,0,0,13,7,28
37226,22,399092,1,22,4,12,0,5,0,6,1,101,0.066666667,0,0,0,0,0,0,0,0,0,0,7,8,0
37229,21,399092,1,21,6,6,0,2,1,8,1,101,0.033333333,0,0,0,0,0,0,0,0,0,0,8,21,0
37243,6,399092,1,6,6,0,0,0,0,0,0,101,0.033333333,0,0,0,0,0,0,0,0,0,0,2,6,0
37252,12,399092,1,12,6,3,0,2,0,3,0,101,0.066666667,0,0,0,0,0,0,0,0,0,0,6,11,1
37253,40,502584,2,14,1,4,0,3,0,5,3,143,0.033333333,0,0,0,0,0,0,0,0,0,0,8,14,0
37272,73,399092,3,1,1,0,0,0,0,0,0,101,0.033333333,0,0,0,0,0,0,0,0,0,0,1,1,0
37279,8,261579,1,8,3,2,0,1,1,1,1,5,0.033333333,0,0,0,0,0,0,0,0,0,0,5,8,0
37289,29,399092,2,4,4,0,0,0,0,0,0,101,0.033333333,0,0,0,0,0,0,0,0,0,0,2,4,0
37301,30,399092,3,1,1,0,0,0,0,0,0,101,0.033333333,0,0,0,0,0,0,0,0,0,0,1,1,0
37302,119,24979,2,62,13,25,0,10,5,18,8,25,0.066666667,0,0,0,0,0,0,0,0,0,0,18,16,0
37322,46,399092,2,21,6,12,0,1,0,9,1,101,0.033333333,0,0,0,0,0,0,0,0,0,0,11,21,0
37327,78,502584,1,78,4,17,2,10,3,40,7,143,0.066666667,0,0,0,0,0,0,0,0,0,0,12,20,0
37337,2,24979,2,1,1,0,0,0,0,0,0,25,0.033333333,0,0,0,0,0,0,0,0,0,0,1,1,0
37342,1,24979,1,1,1,0,0,0,0,0,0,25,0.033333333,0,0,0,0,0,0,0,0,0,0,1,1,0
37350,16,399092,1,16,12,4,0,0,0,1,0,101,0.066666667,0,0,0,0,0,0,0,0,0,0,7,13,0
37351,14,399092,1,14,3,9,0,2,0,6,0,101,0.066666667,8,0,0,0,0,0,0,0,0,0,7,6,0
37360,3131,399092,10,560,41,78,114,53,84,130,19,101,0.433333333,63,0,47,217,0,4,0,0,0,0,71,114,58
37363,244,24979,5,1,1,0,0,0,0,0,0,25,0.033333333,0,0,0,0,0,0,0,0,0,0,1,1,0
37367,176,399092,4,25,4,12,0,6,0,8,3,101,0.066666667,0,0,0,0,0,0,0,0,0,0,9,8,0
37368,786,261579,3,653,115,172,21,129,125,123,64,5,0.766666667,16,5,0,0,0,0,6,30,3,2,71,142,197
37377,9,399092,4,1,1,0,0,0,0,0,0,101,0.033333333,0,0,0,0,0,0,0,0,0,0,1,1,0
37382,76,399092,1,76,3,13,34,11,0,17,4,101,0.066666667,0,0,0,0,0,31,0,0,0,0,23,45,0
37388,52,24979,1,52,18,21,0,9,1,3,2,25,0.266666667,0,7,0,0,0,0,0,0,0,3,14,19,4
37389,1,399092,1,1,1,0,0,0,0,0,0,101,0.033333333,0,0,0,0,0,0,0,0,0,0,1,1,0
37399,10,399092,1,10,10,0,0,0,0,0,0,101,0.1,0,0,0,0,0,0,0,0,0,0,2,7,2
37400,5,261579,1,5,3,2,0,0,0,1,0,5,0.033333333,0,0,0,0,0,0,0,0,0,0,4,5,0
37404,3,399092,1,3,3,0,0,0,0,0,0,101,0.033333333,0,0,0,0,0,0,0,0,0,0,2,3,0
37421,63,399092,5,40,16,10,0,6,7,3,0,101,0.3,6,0,6,8,0,0,1,0,0,0,7,10,6
37428,795,399092,6,484,40,124,109,37,20,150,14,101,0.2,61,0,0,0,0,0,0,0,0,0,70,31,0
37429,367,502584,6,18,6,7,0,3,0,4,2,143,0.066666667,0,0,0,0,0,0,0,0,0,0,10,6,0
37438,4,261579,1,4,3,1,0,0,0,1,0,5,0.033333333,0,0,0,0,0,0,0,0,0,0,4,4,0
37450,69,261579,1,69,9,22,0,19,4,16,14,5,0.066666667,0,0,0,0,0,0,0,0,0,0,25,69,0
37487,12,208752,1,12,2,4,0,3,0,3,3,24,0.033333333,0,0,0,0,0,0,0,0,0,0,9,12,0
37488,168,907118,1,168,22,70,8,36,1,64,14,19,0.2,38,0,0,0,0,0,0,0,0,5,34,87,5
37490,159,156596,8,3,1,2,0,0,0,1,0,224,0.033333333,0,0,0,0,0,0,0,0,0,0,3,3,0
37492,236,907118,1,236,18,81,23,48,31,66,14,19,0.333333333,0,0,0,0,0,0,0,9,98,12,46,121,12
37497,69,195289,3,1,1,0,0,0,0,0,0,105,0.033333333,0,0,0,0,0,0,0,0,0,0,1,1,0
37498,14,907118,1,14,3,7,0,4,0,2,0,19,0.033333333,0,0,0,0,0,0,0,0,0,14,5,14,0
37501,331,907118,1,331,28,154,12,93,0,127,18,19,0.366666667,108,21,6,0,0,0,0,0,39,24,52,49,85
37502,585,907118,18,96,14,37,1,26,13,25,2,19,0.233333333,0,10,0,7,33,0,0,0,0,12,22,18,12
37506,25,208752,1,25,11,6,0,3,3,1,1,24,0.066666667,0,0,0,0,0,0,0,0,0,0,9,21,0
37507,5,156596,1,5,2,1,0,1,0,1,1,224,0.033333333,0,0,0,0,0,0,0,0,0,0,5,5,0
37510,29,195289,2,16,1,4,0,3,0,6,5,105,0.033333333,0,0,0,0,0,0,0,0,0,0,10,16,0
37517,49,907118,1,49,11,26,0,9,0,17,3,19,0.033333333,0,0,0,0,0,0,0,0,0,49,16,49,0
37523,219,208752,1,219,15,47,10,16,56,65,31,24,0.4,0,10,0,1,0,9,0,0,0,0,43,36,63
37546,83,261579,3,9,9,0,0,0,0,0,0,5,0.066666667,0,0,0,0,0,0,0,0,2,0,1,7,0
37616,10,502584,1,10,2,4,0,2,1,1,1,143,0.033333333,0,0,0,0,0,0,0,0,0,0,6,10,0
37619,482,502584,1,482,42,101,140,11,16,179,7,143,0.333333333,0,0,0,14,96,13,4,0,0,0,57,36,201
37631,464,261579,2,430,50,137,14,105,37,88,75,5,0.2,63,256,0,0,0,0,0,0,0,0,65,25,58
37645,257,457932,3,166,39,48,20,22,16,34,8,21,0.2,0,0,0,50,0,0,0,0,45,0,46,71,35
37646,29,260769,1,29,7,10,0,5,3,7,3,0,0.066666667,0,0,0,0,0,0,0,0,0,0,11,20,9
37652,31,140022,1,31,13,4,2,0,0,14,0,232,0.066666667,0,0,0,0,0,0,0,0,0,0,11,14,17
37658,266,346877,2,77,7,14,12,7,23,18,3,9,0.066666667,0,0,0,0,0,0,0,0,0,0,16,73,0
37697,132,260769,2,107,9,27,13,21,0,32,17,0,0.1,0,0,0,0,0,0,0,0,0,0,34,102,5
37702,100,457932,3,12,2,5,3,1,0,4,1,21,0.033333333,0,0,0,0,0,0,0,0,0,0,9,12,0
37705,623,140022,4,11,7,4,0,0,0,1,0,232,0.1,0,0,0,0,0,1,0,0,0,0,7,4,6
37714,56,457932,3,16,3,4,3,3,0,3,2,21,0.033333333,0,0,0,0,0,0,0,0,0,0,9,16,0
37729,388,250865,2,180,19,53,11,35,1,61,14,34,0.233333333,0,0,0,0,0,0,0,4,0,0,23,46,8
37739,51,457932,1,51,8,19,13,2,0,14,2,21,0.066666667,0,0,0,0,0,0,0,0,0,0,21,39,0
37742,11,502584,1,11,7,2,0,1,0,1,1,143,0.066666667,0,0,0,0,0,0,0,0,0,0,5,7,0
37744,393,85576,2,8,4,2,0,2,0,2,0,54,0.066666667,0,0,0,0,2,0,0,0,0,0,4,6,0
37746,49,399092,2,28,4,11,0,3,0,12,2,101,0.066666667,0,0,0,0,0,0,0,0,0,0,12,4,24
37762,97,260769,5,2,2,0,0,0,0,0,0,0,0.033333333,0,0,0,0,0,0,0,0,0,0,2,2,0
37765,97,261579,5,4,4,0,0,0,0,0,0,5,0.033333333,4,0,0,0,0,0,0,0,0,0,2,4,0
37780,958,27035,4,7,3,2,0,1,0,1,1,60,0.066666667,0,0,0,0,0,0,0,0,0,0,5,2,5
37801,11,457932,1,11,2,3,2,2,0,3,1,21,0.066666667,0,0,0,0,0,0,0,0,0,0,7,9,0
37812,256,46603,5,1,1,0,0,0,0,0,0,5,0.033333333,0,0,0,0,0,0,0,0,0,0,1,1,0
37820,464,346877,2,34,8,12,0,9,0,7,5,9,0.1,0,0,0,0,0,0,0,0,0,0,11,1,21
37840,50,261579,1,50,11,29,0,1,6,27,1,5,0.2,7,0,0,0,0,0,0,0,0,0,18,1,0
37841,9,85168,1,9,3,2,0,2,0,2,2,139,0.033333333,0,0,0,0,0,0,0,0,0,0,8,9,0
37859,368,42723,6,297,12,130,10,44,14,152,17,6,0.333333333,0,0,0,0,0,22,96,0,0,0,43,8,35
37861,1710,399092,5,665,23,85,200,67,41,176,43,101,0.233333333,4,0,0,0,0,0,0,303,136,150,121,24,48
37863,2114,250865,7,329,50,65,81,32,23,74,7,34,0.166666667,0,0,0,0,0,0,0,0,0,0,33,200,36
37868,459,457932,3,89,10,25,9,18,16,16,10,21,0.1,0,0,0,0,0,0,0,0,0,0,31,49,38
37874,71,46603,2,41,11,21,2,1,3,19,1,5,0.066666667,0,0,0,0,0,0,0,0,0,0,16,40,0
37876,71,140022,2,30,7,5,5,1,1,10,1,232,0.066666667,0,0,0,0,0,0,0,0,0,0,13,1,0
37884,59,457932,1,59,19,28,2,0,4,23,0,21,0.066666667,0,0,0,0,0,0,0,0,0,0,18,20,0
37917,329,346877,3,50,8,34,0,4,2,24,2,9,0.133333333,0,0,0,0,0,0,0,0,0,0,10,21,10
37924,134,250865,2,47,8,20,4,12,0,11,3,34,0.1,0,0,0,0,0,0,0,0,0,0,12,8,12
37927,104,457932,2,59,16,14,3,9,3,12,4,21,0.066666667,0,0,0,0,0,0,0,0,0,0,17,46,0
37937,1622,457932,9,8,3,2,2,1,0,1,0,21,0.066666667,0,0,0,0,0,0,0,0,0,0,5,6,2
37942,89,457932,1,89,5,25,19,20,0,20,15,21,0.066666667,0,0,0,0,0,0,0,0,0,0,30,11,78
37957,164,502584,2,154,7,33,10,33,0,65,23,143,0.166666667,0,0,0,0,0,0,0,0,0,0,37,12,47
37971,290,399092,5,227,22,100,25,26,4,121,6,101,0.1,0,0,0,0,0,0,0,0,0,0,37,46,0
37975,107,457932,5,49,10,30,1,4,0,25,4,21,0.133333333,0,0,0,0,0,0,0,0,3,0,17,20,27
37984,256,140022,7,30,2,5,8,4,0,8,3,232,0.033333333,0,0,0,0,0,0,0,0,0,0,14,30,0
37985,256,27035,7,1,1,0,0,0,0,0,0,60,0.033333333,0,0,0,0,0,0,0,0,0,0,1,1,0
37988,45,346877,3,9,2,3,0,2,0,2,2,9,0.033333333,0,0,0,0,0,0,0,0,0,0,5,9,0
37990,5,399092,1,5,5,0,0,0,0,0,0,101,0.033333333,0,0,0,0,0,0,0,0,0,0,2,5,0
38013,81,261579,1,81,9,37,7,7,7,37,3,5,0.1,64,0,0,0,0,0,0,0,0,9,31,17,0
38016,30,346877,1,30,13,15,0,2,0,6,0,9,0.066666667,0,0,0,0,0,0,0,0,0,0,8,22,0
38027,78,247683,1,78,16,40,8,4,3,32,2,23,0.066666667,0,0,0,0,0,0,0,0,0,0,29,62,16
38032,23,250865,3,1,1,0,0,0,0,0,0,34,0.033333333,0,0,0,0,0,0,0,0,0,0,1,1,0
38044,11,188602,2,5,1,2,0,1,0,1,1,96,0.033333333,0,0,0,0,0,0,0,0,0,0,4,5,0
38073,341,250865,4,338,31,108,64,5,45,119,2,34,0.3,103,0,3,0,1,0,0,0,0,0,34,76,90
38090,194,261579,3,17,4,11,0,1,0,7,1,5,0.066666667,6,0,0,0,0,0,0,0,0,0,13,11,0
38093,595,399092,1,595,65,50,143,44,21,185,33,101,0.4,0,0,50,55,0,0,0,0,0,0,93,197,92
38094,1,188602,1,1,1,0,0,0,0,0,0,96,0.033333333,0,0,0,0,0,0,0,0,0,0,1,1,0
38105,18,346877,1,18,2,10,2,2,1,7,1,9,0.066666667,0,0,0,0,0,0,0,0,0,0,9,7,0
38106,39,127749,2,14,7,3,0,2,0,2,2,102,0.033333333,0,0,0,0,0,0,0,0,0,0,8,14,0
38109,5,110497,1,5,2,3,0,0,0,2,0,24,0.033333333,0,0,0,0,0,0,0,0,0,0,4,5,0
38114,87,250865,3,9,2,3,0,2,0,2,2,34,0.1,0,0,0,0,0,0,0,0,0,0,7,1,3
38123,22,346877,2,8,4,1,0,1,0,1,1,9,0.033333333,0,0,0,0,0,0,0,0,0,0,7,8,0
38126,253,457932,1,253,34,121,72,0,6,97,1,21,0.266666667,0,0,43,0,0,0,36,0,0,43,63,112,51
38131,89,250865,1,89,6,51,0,11,3,46,6,34,0.1,0,0,0,0,0,0,0,0,0,0,9,20,52
38135,27,457932,1,27,3,8,5,6,0,5,4,21,0.066666667,0,0,0,0,0,0,0,0,0,0,12,23,0
38159,371,250865,3,54,6,9,25,2,1,11,0,34,0.1,0,0,0,0,0,0,4,0,0,0,11,47,0
38164,205,457932,6,12,1,4,2,3,0,3,2,21,0.033333333,0,0,0,0,0,0,0,0,0,0,8,12,0
38180,539,247683,11,18,1,7,2,6,0,6,2,23,0.033333333,0,0,0,0,0,0,0,0,0,0,9,18,0
38181,101,457932,2,96,13,25,3,17,23,15,11,21,0.2,0,0,3,0,0,0,0,0,0,0,21,10,11
38193,949,457932,5,118,16,34,8,27,13,21,17,21,0.133333333,0,0,0,0,0,0,0,0,0,0,29,45,62
38198,840,188602,5,43,6,15,0,10,6,6,6,96,0.133333333,0,21,0,0,0,0,12,0,0,0,18,27,16
38199,1,247683,1,1,1,0,0,0,0,0,0,23,0.033333333,0,0,0,0,0,0,0,0,0,0,1,1,0
38214,42,46603,4,13,6,4,0,2,0,1,1,5,0.1,0,0,0,0,0,0,0,0,0,0,6,7,5
38216,589,140022,8,6,2,2,0,1,0,2,0,232,0.066666667,0,0,0,0,0,0,0,0,0,0,4,1,5
38227,698,46603,4,118,9,62,12,20,0,45,13,5,0.133333333,0,0,0,0,0,0,0,0,0,0,33,70,30
38231,6,260769,1,6,2,2,0,1,0,1,1,0,0.033333333,0,0,0,0,0,0,0,0,0,0,5,6,0
38235,307,261579,1,307,38,104,6,79,13,88,54,5,0.4,86,10,17,13,0,0,0,0,0,0,55,42,7
38237,266,250865,2,189,11,44,25,28,29,59,12,34,0.133333333,0,0,0,0,0,0,0,0,0,0,18,121,22
38252,857,85168,2,535,36,133,156,83,12,131,14,139,0.266666667,0,0,0,26,141,0,0,25,0,0,108,104,141
38256,46,250865,2,45,22,14,0,3,4,5,2,34,0.066666667,0,0,0,0,0,0,0,0,0,0,11,30,0
38287,49,110497,2,26,3,16,0,4,0,16,0,24,0.166666667,0,0,0,0,0,0,0,0,0,0,5,7,9
38288,163,110497,2,20,9,7,0,3,1,2,0,24,0.066666667,0,0,0,0,0,0,0,0,0,0,7,2,18
38296,27,399092,2,5,2,2,0,1,0,1,0,101,0.033333333,0,0,0,0,0,0,0,0,0,0,4,5,0
38320,1,399092,1,1,1,0,0,0,0,0,0,101,0.033333333,0,0,0,0,0,0,0,0,0,0,1,1,0
38336,9,261579,1,9,3,2,0,1,0,2,1,5,0.066666667,7,0,0,0,0,0,0,0,0,0,5,2,7
38342,18,85576,3,6,2,2,0,1,0,1,1,54,0.033333333,0,0,0,0,0,0,0,0,0,0,5,6,0
38348,233,346877,3,136,8,33,20,21,21,46,10,9,0.133333333,0,0,0,0,0,0,0,0,0,13,37,1,0
38358,13,457932,1,13,1,4,1,3,0,5,2,21,0.033333333,0,0,0,0,0,0,0,0,0,0,8,13,0
38362,133,127749,3,12,2,4,0,3,0,3,3,102,0.033333333,0,0,0,0,0,0,0,0,0,0,9,12,0
38369,9,346877,2,7,3,2,0,1,0,1,1,9,0.066666667,0,0,0,0,0,0,0,0,0,0,4,5,0
38372,1,260769,1,1,1,0,0,0,0,0,0,0,0.033333333,0,0,0,0,0,0,0,0,0,0,1,1,0
38388,412,457932,5,8,3,3,2,0,0,2,0,21,0.066666667,0,0,0,0,0,0,0,0,0,0,5,2,0
38394,118,250865,3,14,2,10,0,1,0,7,1,34,0.033333333,0,0,0,0,0,0,0,0,0,0,7,14,0
38395,412,250865,5,29,6,10,0,0,8,9,0,34,0.133333333,0,0,0,0,0,6,0,0,0,0,7,1,13
38406,391,457932,2,219,21,50,42,41,23,41,30,21,0.166666667,1,0,0,81,0,0,0,0,0,0,78,18,134
38421,26,457932,1,26,2,15,4,2,0,15,1,21,0.066666667,0,0,0,0,0,0,0,0,0,0,12,16,0
38423,96,250865,1,96,5,20,31,3,5,38,3,34,0.066666667,0,0,0,0,0,0,0,0,0,0,14,19,0
38426,10,250865,1,10,2,2,0,1,0,3,1,34,0.033333333,0,0,0,0,0,0,0,0,0,0,4,10,0
38430,9,250865,1,9,4,2,0,1,0,1,1,34,0.033333333,0,0,0,0,0,0,0,0,0,0,7,9,0
38432,621,46603,5,62,9,39,5,3,0,25,1,5,0.133333333,0,0,0,0,0,16,0,0,0,0,20,9,33
38443,651,502584,9,49,5,19,7,1,0,21,1,143,0.066666667,0,0,0,0,0,0,0,0,0,0,9,15,34
38447,651,85576,9,93,13,20,39,5,5,14,2,54,0.066666667,0,0,0,0,0,0,0,0,0,0,11,89,4
38486,128,260769,7,6,3,3,0,0,0,2,0,0,0.033333333,0,0,0,0,0,0,0,0,0,0,5,6,0
38494,629,346877,7,59,7,19,7,14,0,15,7,9,0.1,0,0,0,0,0,0,0,0,0,0,15,45,5
38496,103,346877,2,14,3,5,0,4,0,4,2,9,0.033333333,0,0,0,0,0,0,0,0,0,0,10,14,0
38519,300,110497,3,157,15,75,39,4,2,61,3,24,0.333333333,0,11,0,0,0,8,0,0,0,0,26,28,21
38538,10,86829,2,1,1,0,0,0,0,0,0,63,0.033333333,0,0,0,0,0,0,0,0,0,0,1,1,0
38543,6,457932,1,6,4,0,0,0,1,0,0,21,0.033333333,0,0,0,0,0,0,0,0,0,0,4,6,0
38556,10,85168,2,9,3,4,0,1,0,1,1,139,0.066666667,0,0,0,0,0,0,0,0,0,0,6,6,0
38577,8,261579,1,8,4,3,0,1,0,2,0,5,0.033333333,8,0,0,0,0,0,0,0,0,0,4,8,0
38583,83,188602,6,7,4,2,0,1,0,1,0,96,0.066666667,0,0,0,0,0,0,0,0,0,0,4,2,0
38584,79,250865,2,13,6,3,0,2,0,2,2,34,0.033333333,0,0,0,0,0,0,0,0,0,0,6,13,0
38596,334,346877,5,142,15,72,33,7,0,57,3,9,0.333333333,0,25,9,6,0,0,0,0,0,0,27,47,38
38610,28,346877,2,17,5,5,0,4,0,4,3,9,0.033333333,0,0,0,0,0,0,0,0,0,0,8,17,0
38625,530,127749,6,70,12,25,0,12,15,14,6,102,0.1,0,4,0,0,0,0,0,0,0,0,18,31,35
38644,166,250865,2,27,2,10,12,1,0,9,0,34,0.066666667,0,0,22,0,0,0,0,0,0,0,10,27,0
38658,82,457932,1,82,14,36,23,0,2,26,0,21,0.166666667,0,0,0,0,0,0,0,0,0,0,25,15,0
38663,265,260769,2,156,11,69,17,4,6,88,3,0,0.2,0,0,0,0,0,0,0,0,0,0,30,67,15
38669,51,260769,2,16,4,3,0,3,6,3,0,0,0.033333333,0,0,0,0,0,0,0,0,0,0,5,16,0
38677,2,42723,1,2,2,0,0,0,0,0,0,6,0.033333333,0,0,0,0,0,0,0,0,0,0,2,2,0
38679,25,85168,1,25,9,7,0,3,5,4,1,139,0.133333333,0,0,0,0,0,0,0,0,0,0,9,7,4
38687,63,346877,1,63,11,28,0,15,0,17,9,9,0.133333333,0,0,0,0,0,0,0,0,0,0,13,34,21
38703,20,85576,1,20,6,9,0,2,1,6,1,54,0.066666667,0,0,0,0,0,0,0,0,0,0,10,12,0
38706,23,110497,1,23,6,9,0,4,1,4,3,24,0.066666667,0,0,0,0,0,0,0,0,0,0,8,10,0
38711,26,250865,2,9,3,3,0,0,3,2,0,34,0.033333333,0,0,0,0,0,0,0,0,0,0,4,9,0
38750,21,250865,2,16,4,3,0,1,0,6,1,34,0.033333333,0,0,0,0,0,0,0,0,0,0,5,16,0
38751,14,24979,1,14,2,10,0,1,0,9,1,25,0.1,0,0,0,0,0,0,0,0,0,0,10,9,0
38769,282,346877,3,146,21,43,31,27,0,30,13,9,0.266666667,1,0,53,0,0,0,0,0,0,0,44,30,1
38812,685,110497,12,77,18,25,0,15,11,12,3,24,0.133333333,0,0,0,0,0,0,0,0,0,0,15,10,0
38820,1077,457932,3,1,1,0,0,0,0,0,0,21,0.033333333,0,0,0,0,0,0,0,0,0,0,1,1,0
38836,27,457932,1,27,9,11,3,1,1,4,1,21,0.066666667,0,0,0,0,0,0,0,0,0,0,14,20,0
38856,247,247683,1,247,35,49,10,36,90,27,15,23,0.166666667,0,0,0,0,0,0,0,0,0,0,35,120,81
38861,248,110497,4,23,3,12,0,3,2,7,3,24,0.066666667,0,0,0,0,0,0,0,0,0,0,12,12,0
38871,268,247683,1,268,28,108,20,78,1,71,33,23,0.233333333,0,0,4,0,0,0,52,0,0,0,69,9,87
38872,214,457932,2,18,1,5,4,4,0,4,3,21,0.033333333,0,0,0,0,0,0,0,0,0,0,10,18,0
38877,1,502584,1,1,1,0,0,0,0,0,0,143,0.033333333,0,0,0,0,0,0,0,0,0,0,1,1,0
38884,19,457932,2,11,2,6,1,1,0,5,1,21,0.033333333,0,0,0,0,0,0,0,0,0,0,10,11,0
38886,1471,110497,6,20,4,8,4,1,0,8,0,24,0.066666667,0,0,0,0,0,0,0,0,0,0,9,19,0
38888,90,247683,1,90,14,38,20,15,0,15,3,23,0.133333333,0,0,0,0,0,0,21,0,0,0,32,26,35
38891,260,247683,1,260,23,100,20,58,36,78,20,23,0.2,0,51,0,0,0,46,0,0,0,0,69,20,0
38906,275,346877,3,1,1,0,0,0,0,0,0,9,0.033333333,0,0,0,0,0,0,0,0,0,0,1,1,0
38925,6,42723,1,6,2,2,0,1,0,1,1,6,0.033333333,0,0,0,0,0,0,0,0,0,0,5,6,0
38928,43,346877,2,28,7,7,0,5,1,9,2,9,0.066666667,0,0,0,0,0,0,0,0,0,0,10,8,0
38939,43,457932,1,43,6,12,7,9,0,8,7,21,0.066666667,0,0,0,4,0,0,0,0,0,0,18,43,0
38941,68,250865,3,43,6,14,0,12,0,15,4,34,0.1,0,0,0,0,0,0,0,0,0,0,13,25,18
38956,111,457932,5,61,6,16,15,12,0,12,8,21,0.066666667,0,0,0,0,0,0,0,0,0,0,29,14,47
38960,598,127749,4,41,9,28,0,1,1,21,1,102,0.1,0,0,0,0,0,0,0,0,0,0,17,1,17
38969,113,346877,3,7,2,3,0,1,0,2,1,9,0.033333333,0,0,0,0,0,0,0,0,0,0,5,7,0
38972,21,502584,2,8,6,2,0,0,0,1,0,143,0.033333333,0,0,0,0,0,0,0,0,0,0,5,8,0
38985,248,399092,4,126,27,30,0,23,35,21,10,101,0.133333333,0,0,0,0,0,0,0,0,0,0,25,106,18
38987,358,188602,2,83,16,23,4,17,6,15,12,96,0.1,0,0,0,0,0,0,0,0,0,0,17,7,0
38988,98,247683,1,98,5,43,5,28,1,37,11,23,0.1,0,0,0,0,0,0,0,0,0,0,24,7,0
39021,43,399092,1,43,15,6,0,6,0,13,1,101,0.066666667,0,0,0,0,0,0,0,0,0,25,10,18,0
39022,651,27035,9,1,1,0,0,0,0,0,0,60,0.033333333,0,0,0,0,0,0,0,0,0,0,1,1,0
39033,18,346877,1,18,4,6,0,4,0,3,3,9,0.033333333,0,0,0,0,0,0,0,0,0,0,11,18,0
39036,38,261579,1,38,6,24,0,3,0,20,2,5,0.133333333,7,0,0,0,0,0,0,0,0,0,26,5,11
39041,8,399092,1,8,8,0,0,0,0,0,0,101,0.033333333,0,0,0,0,0,0,0,0,0,0,4,8,0
39053,321,399092,2,266,32,59,61,10,4,84,6,101,0.233333333,0,0,19,6,227,0,0,0,0,0,37,12,229
39055,420,188602,4,274,27,104,80,2,16,109,0,96,0.466666667,19,78,19,24,6,21,0,3,0,0,63,48,20
39058,102,346877,3,22,2,6,3,5,0,11,0,9,0.033333333,0,0,0,0,0,0,0,0,0,0,8,22,0
39059,217,457932,2,88,27,39,10,7,1,22,2,21,0.266666667,0,0,2,0,0,0,0,0,0,0,28,19,2
39070,91,346877,5,6,4,0,0,0,1,0,0,9,0.066666667,0,0,0,0,0,0,0,0,0,0,4,1,0
39096,3729,247683,21,262,48,129,40,12,28,106,4,23,0.433333333,0,1,0,8,0,0,31,0,0,0,48,118,44
39099,98,46603,2,76,16,37,5,9,0,27,6,5,0.066666667,0,0,0,0,0,0,0,0,0,0,21,30,46
39113,128,346877,1,128,18,31,26,22,2,32,9,9,0.133333333,0,4,0,0,0,0,0,0,0,0,31,29,0
39115,443,399092,3,182,17,39,10,30,3,66,12,101,0.166666667,0,1,0,0,0,0,0,0,0,0,33,32,0
39128,206,110497,1,206,15,74,28,8,10,99,5,24,0.166666667,0,0,0,0,0,0,0,0,0,0,29,62,0
39139,13,85168,9,1,1,0,0,0,0,0,0,139,0.033333333,0,0,0,0,0,0,0,0,0,0,1,1,0
39143,583,46603,4,2,2,0,0,0,0,0,0,5,0.033333333,0,0,0,0,0,0,0,0,0,0,1,2,0
39153,22,457932,2,20,2,5,5,4,0,4,3,21,0.033333333,0,0,0,0,0,0,0,0,0,0,9,20,0
39161,23,457932,4,20,3,5,4,4,0,4,3,21,0.033333333,0,0,0,0,0,0,0,0,0,0,12,20,0
39162,231,260769,1,231,17,72,83,8,5,80,3,0,0.266666667,36,0,0,0,58,0,0,0,0,0,64,42,9
39193,166,247683,3,114,10,55,5,23,2,43,15,23,0.133333333,0,0,0,0,0,0,0,0,0,0,26,13,52
39194,183,42723,3,60,11,21,0,15,3,10,9,6,0.2,0,0,0,0,0,0,0,0,0,0,20,31,13
39207,22,127749,2,2,2,0,0,0,0,0,0,102,0.033333333,0,0,0,0,0,0,0,0,0,0,2,2,0
39210,9,502584,1,9,4,4,0,1,0,1,0,143,0.033333333,0,0,0,0,0,0,0,0,0,0,6,9,0
39213,257,247683,2,241,19,113,11,47,0,112,33,23,0.3,17,13,6,0,0,0,0,0,0,0,48,122,6
39238,12,46603,1,12,3,7,0,2,0,7,0,5,0.1,0,0,0,0,0,0,0,0,0,0,5,7,0
39246,726,346877,2,142,34,22,31,21,10,28,12,9,0.333333333,3,0,0,13,2,0,0,0,0,0,37,24,34
39248,2,86829,2,1,1,0,0,0,0,0,0,63,0.033333333,0,0,0,0,0,0,0,0,0,0,1,1,0
39249,214,250865,3,1,1,0,0,0,0,0,0,34,0.033333333,0,0,0,0,0,0,0,0,0,0,1,1,0
39255,153,457932,4,4,2,2,0,0,0,1,0,21,0.066666667,0,0,0,0,0,0,0,0,0,0,4,1,3
39258,599,46603,7,32,6,19,0,3,2,12,1,5,0.1,0,0,0,0,0,0,0,0,0,0,12,22,4
39270,180,110497,3,1,1,0,0,0,0,0,0,24,0.033333333,0,0,0,0,0,0,0,0,0,0,1,1,0
39272,49,42723,3,14,4,5,0,1,0,2,1,6,0.066666667,0,0,0,0,0,0,0,0,0,0,7,1,13
39287,25,457932,2,18,6,7,3,1,0,4,0,21,0.033333333,0,0,0,0,0,0,0,0,0,0,8,18,0
39290,270,457932,8,57,18,22,6,4,2,11,2,21,0.2,0,0,0,0,0,0,0,0,0,0,20,17,6
39293,601,346877,5,16,2,8,0,4,0,4,2,9,0.066666667,0,0,0,0,0,0,0,0,0,0,8,8,0
39294,12,85168,1,12,3,5,0,1,2,4,1,139,0.033333333,0,0,0,0,0,0,0,0,0,0,9,12,0
39298,12,260769,1,12,2,4,0,3,0,3,3,0,0.033333333,0,0,0,0,0,0,0,0,0,0,9,12,0
39313,20,399092,2,18,6,8,0,4,0,1,0,101,0.033333333,0,0,0,0,0,0,0,0,0,0,5,18,0
39329,42,502584,1,42,10,25,0,2,0,17,1,143,0.133333333,0,0,0,0,0,0,0,0,0,0,11,22,4
39338,105,457932,4,57,20,15,4,2,4,13,2,21,0.1,0,0,0,8,0,0,0,0,0,0,15,18,39
39341,309,250865,2,224,14,52,33,45,2,96,16,34,0.066666667,0,0,0,0,0,0,0,0,0,0,22,218,6
39351,94,457932,4,34,6,21,0,2,0,12,2,21,0.066666667,0,0,0,0,0,0,0,0,0,0,11,13,0
39363,408,250865,3,332,17,65,94,43,12,101,16,34,0.233333333,0,0,0,0,0,0,0,0,0,0,53,176,72
39366,408,247683,3,60,5,24,8,15,0,17,7,23,0.066666667,0,0,0,0,0,0,0,0,0,0,25,14,0
39372,524,346877,5,55,5,12,15,8,1,15,3,9,0.133333333,0,0,0,0,0,0,0,0,0,0,15,3,0
39374,336,261579,3,94,8,35,10,1,26,32,0,5,0.133333333,1,0,0,0,0,0,0,0,24,0,24,36,0
39389,42,457932,1,42,2,9,12,8,0,9,7,21,0.033333333,0,0,0,0,0,0,0,0,0,0,19,42,0
39400,1004,250865,6,87,7,12,18,9,1,36,2,34,0.066666667,0,0,0,0,4,0,0,0,0,0,18,83,0
39412,70,247683,1,70,5,33,0,9,15,20,7,23,0.033333333,0,0,0,0,0,0,0,0,0,0,11,70,0
39414,180,250865,6,118,3,15,27,12,15,41,5,34,0.1,0,0,0,0,0,0,0,0,0,0,18,49,0
39427,3,250865,2,2,2,0,0,0,0,0,0,34,0.066666667,0,0,0,0,0,0,0,0,0,0,1,1,1
39444,114,261579,3,90,6,29,5,25,7,24,17,5,0.1,19,0,0,0,0,0,0,44,0,0,42,27,19
39451,649,250865,7,101,7,23,17,6,0,43,3,34,0.133333333,0,0,0,0,0,0,0,0,0,0,22,57,0
39455,114,188602,1,114,7,35,30,1,7,45,1,96,0.066666667,0,0,0,0,0,0,0,0,0,0,26,96,0
39466,747,250865,7,16,2,6,0,4,0,4,3,34,0.033333333,0,0,0,0,0,0,0,0,0,0,5,16,0
39467,25,250865,2,24,3,11,0,4,0,9,2,34,0.066666667,0,0,0,0,0,0,0,0,0,0,6,14,10
39470,69,260769,1,69,15,22,1,4,1,24,3,0,0.1,0,0,0,0,0,0,0,0,0,0,14,29,26
39473,28,250865,1,28,7,10,0,6,0,4,3,34,0.033333333,0,0,0,0,0,0,0,0,0,0,7,28,0
39474,46,399092,4,5,2,2,0,1,0,1,0,101,0.033333333,0,0,0,0,0,0,0,0,0,0,3,5,0
39486,21,127749,1,21,4,10,0,5,0,7,2,102,0.066666667,0,0,1,0,0,0,0,0,0,0,10,21,0
39489,141,261579,3,6,2,4,0,0,0,3,0,5,0.066666667,5,1,0,0,0,0,0,0,0,0,4,5,1
39511,2027,46603,8,133,6,41,5,36,16,34,27,5,0.066666667,0,0,0,0,0,0,0,0,0,0,31,83,0
39543,319,399092,1,319,18,66,49,38,0,119,20,101,0.233333333,0,0,0,0,0,0,0,62,11,0,53,68,12
39554,201,260769,1,201,23,47,30,39,12,48,25,0,0.1,0,0,0,0,0,0,0,0,0,0,35,51,145
39555,106,457932,2,73,6,22,10,17,8,13,10,21,0.1,0,0,0,0,0,0,0,0,0,0,27,64,0
39593,284,260769,3,164,11,56,19,43,2,44,28,0,0.133333333,0,0,0,0,0,0,0,0,0,0,50,13,29
39594,120,250865,2,59,5,13,10,7,0,23,4,34,0.066666667,0,0,0,0,0,0,0,0,0,0,14,17,42
39597,124,247683,6,1,1,0,0,0,0,0,0,23,0.033333333,0,0,0,0,0,0,0,0,0,0,1,1,0
39605,191,457932,3,31,7,9,5,5,0,9,4,21,0.066666667,0,0,0,0,0,0,0,0,0,0,14,17,0
39608,502,127749,2,129,8,21,70,2,5,15,2,102,0.1,0,0,0,0,6,0,0,0,0,0,38,5,118
39623,61,346877,2,46,9,17,2,10,0,9,6,9,0.1,0,0,0,0,0,0,0,0,0,0,15,24,0
39632,57,85168,1,57,7,40,0,5,0,31,5,139,0.2,0,0,6,24,0,0,0,0,0,0,19,5,7
39634,461,250865,3,7,3,4,0,0,0,1,0,34,0.066666667,0,0,0,0,0,0,0,0,0,0,4,6,1
39644,6,140022,1,6,1,5,0,0,0,4,0,232,0.033333333,0,0,0,0,0,0,0,0,0,0,5,6,0
39652,420,85576,3,119,7,26,43,15,8,24,6,54,0.1,0,0,0,0,0,0,0,0,0,0,15,11,0
39672,73,110497,2,10,4,4,0,1,0,3,1,24,0.033333333,0,0,0,0,0,0,0,0,0,0,6,10,0
39674,243,247683,1,243,15,96,21,77,4,82,26,23,0.333333333,0,0,0,0,0,0,0,55,0,0,60,15,1
39691,235,247683,1,235,9,100,22,57,9,93,29,23,0.266666667,0,0,0,20,1,44,0,0,0,0,70,82,30
39694,48,140022,1,48,6,12,11,5,0,14,3,232,0.033333333,0,0,0,0,0,0,0,0,0,0,17,48,0
39697,78,346877,4,46,4,17,10,0,1,25,0,9,0.066666667,0,0,0,0,0,0,0,0,0,0,12,39,7
39707,332,260769,4,44,1,14,8,12,0,13,9,0,0.033333333,0,0,0,0,0,0,0,0,0,0,11,44,0
39710,15,457932,1,15,3,2,5,1,0,3,0,21,0.033333333,0,0,0,0,0,0,0,0,0,0,6,15,0
39719,34,502584,3,9,2,3,1,1,0,3,1,143,0.033333333,0,0,0,0,0,0,0,0,0,0,6,9,0
39722,72,261579,3,50,6,16,0,11,0,18,7,5,0.066666667,21,0,0,0,0,0,0,0,0,0,10,29,21
39735,1041,457932,2,615,33,203,65,138,90,131,68,21,0.366666667,41,59,49,0,0,84,0,16,0,124,101,77,41
39741,36,346877,1,36,4,7,11,2,0,15,1,9,0.066666667,0,0,0,0,0,0,0,0,0,0,13,30,0
39746,15,46603,1,15,4,8,0,1,0,5,2,5,0.033333333,0,0,0,0,0,0,0,0,0,0,8,15,0
39754,59,46603,1,59,6,19,5,17,0,16,10,5,0.033333333,0,0,0,0,0,0,0,0,0,0,20,59,0
39760,88,346877,5,5,2,2,0,1,0,1,0,9,0.066666667,0,0,0,0,0,0,0,0,0,0,3,1,4
39762,61,140022,2,60,16,8,19,5,4,6,3,232,0.033333333,0,0,0,0,0,0,0,0,0,0,14,60,0
39767,6,502584,1,6,2,2,0,1,0,2,0,143,0.033333333,0,0,0,0,0,0,0,0,0,0,4,6,0
39769,2,27035,1,2,2,0,0,0,0,0,0,60,0.033333333,0,0,0,0,0,0,0,0,0,0,2,2,0
39783,61,42723,2,1,1,0,0,0,0,0,0,6,0.033333333,0,0,0,0,0,0,0,0,0,0,1,1,0
39797,877,457932,4,360,30,98,28,70,102,67,18,21,0.433333333,0,8,0,70,16,0,0,10,8,5,57,160,55
39800,48,188602,1,48,7,26,4,4,0,19,3,96,0.133333333,0,0,0,0,0,0,0,0,0,0,16,10,0
39801,33,260769,1,33,7,10,0,5,1,10,3,0,0.033333333,0,0,0,0,0,0,0,0,0,0,9,33,0
39805,115,260769,4,10,2,8,0,0,0,7,0,0,0.033333333,0,0,0,0,0,0,0,0,0,0,9,10,0
39814,700,457932,5,39,10,19,4,2,4,10,0,21,0.133333333,4,0,0,0,0,0,0,0,0,0,14,9,4
39818,39,399092,3,1,1,0,0,0,0,0,0,101,0.033333333,0,0,0,0,0,0,0,0,0,0,1,1,0
39822,28,110497,2,2,2,0,0,0,0,0,0,24,0.066666667,0,0,0,0,0,0,0,0,0,0,2,1,0
39831,227,250865,3,81,9,22,17,10,0,23,6,34,0.1,0,0,0,0,0,0,0,0,0,0,16,25,52
39847,267,502584,2,175,9,30,64,19,4,53,0,143,0.2,0,10,0,0,0,0,0,0,0,0,31,55,117
39848,6,457932,1,6,3,2,0,1,0,1,0,21,0.033333333,0,0,0,0,0,0,0,0,0,0,4,6,0
39851,193,250865,8,33,11,21,0,0,0,9,1,34,0.1,0,0,0,0,6,0,0,0,0,0,10,23,4
39869,287,399092,4,1,1,0,0,0,0,0,0,101,0.033333333,0,0,0,0,0,0,0,0,0,0,1,1,0
39872,21,250865,1,21,2,8,0,5,0,6,4,34,0.066666667,0,0,0,0,0,0,0,0,0,0,7,3,18
39886,65,346877,1,65,11,8,6,6,21,12,3,9,0.033333333,0,0,0,0,0,0,0,0,0,0,18,65,0
39891,66,127749,4,8,3,5,0,0,0,4,0,102,0.066666667,0,0,0,0,0,0,0,0,0,0,7,1,7
39900,17,27035,1,17,4,6,0,4,0,3,3,60,0.033333333,0,0,0,0,0,0,0,0,0,0,9,17,0
39906,64,86829,2,31,2,13,0,10,0,8,6,63,0.066666667,0,0,0,0,0,0,0,0,0,0,12,7,24
39911,1136,42723,2,89,38,24,0,11,1,12,7,6,0.566666667,0,1,0,0,0,4,1,1,1,0,12,30,16
39923,195,250865,4,78,17,29,4,16,1,16,6,34,0.1,0,0,0,0,0,0,0,0,0,0,13,50,15
39927,27,399092,1,27,20,3,0,2,1,2,0,101,0.233333333,0,0,0,0,0,0,0,0,0,0,6,8,2
39944,305,502584,6,1,1,0,0,0,0,0,0,143,0.033333333,0,0,0,0,0,0,0,0,0,0,1,1,0
39961,58,247683,1,58,6,14,8,11,18,13,0,23,0.033333333,0,0,0,0,0,0,0,0,0,0,16,58,0
39963,96,261579,2,70,10,33,8,3,8,23,4,5,0.133333333,19,0,0,0,0,0,0,0,0,0,32,54,7
39970,21,399092,2,4,4,0,0,0,0,0,0,101,0.066666667,0,0,0,0,0,0,0,0,0,0,2,3,0
39977,47,399092,1,47,5,10,0,8,7,14,5,101,0.033333333,0,0,0,0,0,0,0,0,0,0,14,47,0
39987,147,261579,3,122,11,36,0,35,0,36,34,5,0.1,16,0,0,0,0,0,0,0,0,0,63,82,24
39997,110,457932,3,20,2,6,3,4,3,3,1,21,0.033333333,0,0,0,0,0,0,0,0,0,0,8,20,0
39999,18,457932,3,15,4,4,3,1,0,4,1,21,0.033333333,0,0,0,0,0,0,0,0,0,0,8,15,0
40009,221,457932,4,91,8,46,1,25,0,34,10,21,0.066666667,0,0,0,0,0,0,0,0,0,0,24,77,0
40021,36,250865,3,20,5,10,0,3,0,5,2,34,0.1,0,0,0,0,0,0,0,0,0,0,9,6,7
40032,17,261579,2,1,1,0,0,0,0,0,0,5,0.033333333,1,0,0,0,0,0,0,0,0,0,1,1,0
40050,152,247683,2,54,8,31,2,12,0,16,1,23,0.133333333,5,0,0,0,0,0,0,0,0,0,11,23,11
40058,263,247683,1,263,17,133,18,71,0,114,22,23,0.166666667,0,0,0,0,0,0,0,19,0,0,50,51,0
40066,71,247683,3,57,10,35,8,1,0,33,0,23,0.1,0,0,0,0,0,0,0,0,0,0,26,42,14
40080,12,85168,1,12,2,4,0,3,0,3,3,139,0.033333333,0,0,0,0,0,0,0,0,0,0,9,12,0
40094,38,247683,5,12,2,4,0,3,0,3,3,23,0.033333333,0,0,0,0,0,0,0,0,0,0,7,12,0
40098,110,260769,3,69,5,17,0,13,0,27,10,0,0.1,0,0,0,0,0,0,0,0,0,0,21,6,0
40104,529,127749,2,144,16,23,60,19,1,16,12,102,0.166666667,0,0,0,0,0,0,0,0,0,0,42,81,0
40110,54,260769,3,33,5,10,0,8,0,9,7,0,0.066666667,0,0,0,0,0,0,0,0,0,0,14,33,0
40117,25,457932,1,25,7,8,0,1,9,4,0,21,0.1,0,0,0,0,0,0,0,0,0,0,9,6,0
40120,624,188602,2,262,25,74,109,2,4,77,0,96,0.166666667,11,81,0,0,36,0,0,0,0,0,63,74,188
40124,85,250865,1,85,17,16,5,11,6,20,7,34,0.1,0,0,0,0,0,0,0,0,0,0,15,46,0
40126,127,457932,2,125,17,38,18,27,1,27,17,21,0.133333333,0,1,0,0,0,0,0,0,83,11,38,30,0
40137,160,346877,2,158,26,34,33,25,2,42,16,9,0.166666667,0,0,0,47,0,0,0,0,0,0,45,56,0
40149,446,346877,4,13,6,4,0,2,0,1,1,9,0.066666667,0,0,0,0,0,0,0,0,0,0,7,6,0
40152,274,140022,4,188,12,13,71,13,0,51,11,232,0.133333333,0,0,0,0,0,0,0,0,2,0,40,16,170
40153,559,250865,3,1,1,0,0,0,0,0,0,34,0.033333333,0,0,0,0,0,0,0,0,0,0,1,1,0
40163,3,502584,1,3,3,0,0,0,0,0,0,143,0.066666667,0,0,0,0,0,0,0,0,0,0,2,2,0
40168,259,247683,5,82,7,27,15,23,2,20,8,23,0.133333333,0,0,0,0,0,0,0,0,32,0,39,47,8
40175,148,346877,2,126,15,43,19,31,0,29,12,9,0.233333333,0,0,0,0,0,0,0,16,0,0,38,57,31
40184,158,85576,1,158,5,16,97,6,9,20,4,54,0.066666667,0,0,0,0,0,0,0,0,0,0,15,135,0
40198,929,346877,5,204,47,69,16,15,15,64,5,9,0.366666667,14,3,33,11,14,0,0,0,0,0,26,93,61
40210,30,399092,3,19,10,5,0,2,0,2,0,101,0.133333333,0,0,0,0,0,0,0,0,1,0,8,3,11
40212,30,457932,3,8,2,3,0,2,0,2,1,21,0.066666667,0,0,0,0,0,0,0,0,0,0,5,1,0
40226,72,457932,2,69,12,15,17,12,0,10,8,21,0.066666667,0,0,0,0,0,0,0,0,0,0,32,17,52
40228,41,247683,1,41,8,21,0,9,0,11,1,23,0.066666667,0,0,0,0,0,0,0,0,0,0,10,12,0
40236,447,457932,6,68,6,36,14,6,0,25,3,21,0.133333333,0,0,0,0,0,0,0,4,0,0,23,22,8
40249,956,261579,6,105,14,77,0,9,0,67,5,5,0.133333333,7,0,0,0,0,0,0,0,0,0,34,21,0
40257,344,346877,2,322,41,127,39,55,12,98,30,9,0.266666667,0,0,0,0,0,0,0,34,0,0,44,69,0
40295,368,260769,6,7,3,2,0,1,0,1,1,0,0.1,0,0,0,0,0,0,0,0,0,0,5,2,2
40307,6,42723,1,6,2,2,0,1,0,1,1,6,0.033333333,0,0,0,0,0,0,0,0,0,0,5,6,0
40309,43,260769,1,43,5,15,0,12,1,10,10,0,0.066666667,0,0,0,0,0,0,0,0,0,0,19,21,22
40311,78,86829,9,8,3,0,0,0,1,0,0,63,0.1,0,0,0,0,0,0,0,0,0,0,4,1,0
40318,948,140022,14,1,1,0,0,0,0,0,0,232,0.033333333,0,0,0,0,0,0,0,0,0,0,1,1,0
40319,515,127749,7,46,9,16,0,6,12,11,3,102,0.133333333,0,0,0,0,0,0,0,0,0,0,11,10,35
40339,344,250865,2,22,5,10,0,4,0,7,3,34,0.033333333,0,0,0,0,0,0,0,0,0,0,9,22,0
40341,194,457932,1,194,14,60,29,51,1,45,32,21,0.233333333,0,0,0,0,0,5,0,0,0,0,31,96,69
40358,518,127749,2,36,12,12,0,6,1,9,5,102,0.1,5,0,0,0,0,0,0,0,0,0,12,7,24
40359,387,188602,2,386,18,125,79,64,11,142,22,96,0.366666667,0,0,5,0,43,0,50,41,0,0,70,61,81
40366,86,399092,1,86,9,37,0,23,0,34,10,101,0.1,0,0,0,0,0,0,0,0,0,0,19,44,0
40367,515,85576,7,21,3,9,3,3,0,5,1,54,0.066666667,0,0,0,0,0,0,0,0,0,0,7,1,0
40381,601,502584,2,590,20,113,212,23,64,192,17,143,0.3,0,0,5,0,0,0,21,0,156,16,107,242,12
40386,50,247683,2,1,1,0,0,0,0,0,0,23,0.033333333,0,0,0,0,0,0,0,0,0,0,1,1,0
40393,118,346877,6,18,2,10,0,3,0,7,3,9,0.066666667,0,0,0,0,0,0,0,0,0,0,8,8,10
40404,199,457932,1,199,30,85,26,50,0,52,2,21,0.133333333,0,0,0,0,0,0,0,0,0,0,36,14,60
40407,1,85168,1,1,1,0,0,0,0,0,0,139,0.033333333,0,0,0,0,0,0,0,0,0,0,1,1,0
40413,233,346877,4,12,3,2,0,1,4,1,0,9,0.066666667,0,0,0,0,0,0,0,0,0,0,4,1,0
40418,233,247683,4,12,5,5,0,2,0,2,0,23,0.066666667,0,0,0,0,0,0,0,0,0,0,4,8,0
40421,8,250865,1,8,2,3,0,1,1,3,0,34,0.033333333,0,0,0,0,0,0,0,0,0,0,5,8,0
40436,353,140022,2,29,6,9,0,6,0,8,3,232,0.066666667,0,0,0,0,0,0,0,0,0,0,11,13,0
40445,799,27035,6,379,18,72,97,60,8,126,41,60,0.166666667,0,0,0,219,0,0,0,0,0,0,143,5,0
40447,174,85576,3,22,12,6,0,1,3,1,0,54,0.166666667,0,0,0,0,5,0,0,7,0,0,6,6,2
40449,269,261579,1,269,20,186,15,3,36,161,2,5,0.2,66,71,0,0,0,0,0,17,29,0,50,66,71
40467,142,346877,3,75,5,26,13,15,0,26,6,9,0.166666667,0,0,0,0,0,0,0,0,0,0,19,21,47
40468,476,260769,3,217,10,38,45,34,4,65,28,0,0.166666667,0,0,0,0,0,0,0,0,0,0,64,91,90
40474,9,457932,3,2,2,0,0,0,0,0,0,21,0.033333333,0,0,0,0,0,0,0,0,0,0,2,2,0
40475,142,457932,3,16,2,5,2,4,0,4,3,21,0.033333333,0,0,0,0,0,0,0,0,0,0,11,16,0
40477,246,250865,5,18,10,4,0,1,3,1,0,34,0.133333333,0,0,0,0,0,0,0,0,0,0,5,1,6
40480,309,457932,3,15,3,5,0,3,0,6,3,21,0.033333333,0,0,0,0,0,0,0,0,0,0,11,15,0
40483,50,85168,1,50,9,15,14,5,0,8,3,139,0.1,0,0,0,0,0,0,0,10,0,0,21,6,0
40489,78,457932,9,24,4,14,1,4,0,11,1,21,0.066666667,0,0,0,0,0,0,0,0,0,0,10,15,9
40500,10,250865,3,1,1,0,0,0,0,0,0,34,0.033333333,0,0,0,0,0,0,0,0,0,0,1,1,0
40506,372,457932,3,13,2,6,2,2,0,5,1,21,0.033333333,0,0,0,0,0,0,0,0,0,0,8,13,0
40510,78,399092,9,2,2,0,0,0,0,0,0,101,0.033333333,0,0,0,0,0,0,0,0,0,0,1,2,0
40516,48,457932,2,47,2,25,12,3,0,22,2,21,0.066666667,0,0,0,0,0,0,0,0,0,0,15,14,0
40541,174,86829,5,10,3,4,0,1,0,6,0,63,0.033333333,0,0,0,0,0,0,0,0,0,0,5,10,0
40559,401,247683,1,401,27,170,23,91,13,146,71,23,0.233333333,0,34,0,0,0,0,0,81,0,0,72,34,41
40562,910,457932,5,17,1,8,2,4,0,7,2,21,0.066666667,0,0,0,0,0,0,0,0,0,0,8,14,0
40569,54,399092,3,47,6,16,8,2,7,16,1,101,0.133333333,0,0,0,0,0,0,0,0,0,0,12,32,0
40575,106,457932,3,28,3,12,3,6,0,9,3,21,0.066666667,0,0,0,0,0,0,0,0,0,0,11,20,0
40587,78,457932,2,58,7,18,5,14,1,15,12,21,0.066666667,0,0,0,0,0,0,0,0,0,0,23,54,4
40592,65,457932,3,44,2,13,9,11,0,11,7,21,0.066666667,0,0,0,0,0,0,0,0,0,0,21,28,16
40595,35,457932,1,35,5,7,9,6,0,6,5,21,0.033333333,0,0,0,0,0,0,0,0,0,0,15,35,0
40632,2,457932,1,2,1,0,0,0,1,0,0,21,0.033333333,0,0,0,0,0,0,0,0,0,0,2,2,0
40633,42,457932,1,42,7,25,3,3,0,17,2,21,0.1,0,0,0,0,0,0,0,0,0,0,17,16,8
40637,299,457932,2,107,29,35,18,0,17,29,0,21,0.166666667,0,0,0,0,0,0,0,0,0,0,24,92,7
40654,106,188602,4,1,1,0,0,0,0,0,0,96,0.033333333,0,0,0,0,0,0,0,0,0,0,1,1,0
40661,11,46603,1,11,5,3,0,0,1,2,0,5,0.033333333,0,0,0,0,0,0,0,0,0,0,6,11,0
40665,36,457932,3,26,1,8,7,6,0,5,3,21,0.033333333,0,0,0,0,0,0,0,0,0,0,11,26,0
40678,40,457932,2,4,4,0,0,0,0,0,0,21,0.033333333,0,0,0,0,0,0,0,0,0,0,3,4,0
40686,353,260769,5,201,12,44,31,39,4,54,27,0,0.1,0,0,0,0,0,0,0,0,0,0,36,48,153
40690,25,46603,2,23,3,18,0,1,0,14,0,5,0.066666667,0,0,0,0,0,0,0,0,0,0,8,16,7
40697,34,346877,1,34,1,16,9,2,0,18,1,9,0.133333333,0,0,0,0,0,0,0,0,0,0,11,4,0
40710,1084,502584,5,918,50,125,333,93,104,265,0,143,0.466666667,0,0,12,11,73,65,94,94,15,0,107,353,80
40716,54,457932,1,54,17,15,15,1,2,13,0,21,0.033333333,0,0,0,0,0,0,0,0,0,0,21,54,0
40728,30,250865,1,30,7,8,0,6,3,7,4,34,0.033333333,0,0,0,0,0,0,0,0,0,0,10,30,0
40741,81,260769,2,80,4,34,0,22,0,29,20,0,0.1,0,0,40,0,0,0,0,0,0,0,37,46,34
40754,319,457932,3,167,17,52,36,1,56,40,1,21,0.166666667,0,0,0,16,0,11,0,0,0,0,46,94,62
40764,23,457932,1,23,4,3,0,2,12,3,2,21,0.066666667,0,0,0,0,0,0,0,0,0,0,8,10,0
40788,114,346877,2,56,7,19,11,10,0,15,4,9,0.133333333,0,0,0,0,0,0,0,0,0,0,18,7,20
40801,24,457932,1,24,2,7,4,5,0,6,4,21,0.033333333,0,0,0,0,0,0,0,0,0,0,12,24,0
40805,217,250865,1,217,14,38,30,30,42,71,10,34,0.1,0,0,0,0,0,0,0,0,0,0,21,134,73
40809,46,247683,5,21,5,9,0,6,0,4,1,23,0.1,0,0,0,0,0,0,0,0,0,0,8,9,2
40813,223,250865,4,132,3,19,35,16,2,53,3,34,0.066666667,0,0,0,0,0,0,0,0,0,0,16,119,13
40818,911,86829,7,4,4,0,0,0,0,0,0,63,0.133333333,0,0,0,0,0,0,0,0,0,0,1,1,0
40830,75,346877,2,56,6,24,14,2,0,19,1,9,0.1,0,0,0,0,0,0,0,0,0,0,14,49,7
40833,141,85576,3,6,2,2,0,1,0,1,1,54,0.033333333,0,0,0,0,0,0,0,0,0,0,5,6,0
40841,17,457932,1,17,3,6,3,4,0,3,0,21,0.066666667,0,0,0,0,0,0,0,0,0,0,7,5,12
40854,49,502584,2,8,1,3,0,2,0,2,2,143,0.033333333,0,0,0,0,0,0,0,0,0,0,4,8,0
40862,13,346877,1,13,4,3,0,2,0,3,2,9,0.033333333,0,0,0,0,0,0,0,0,0,0,9,13,0
40865,293,399092,1,293,35,69,17,45,21,109,27,101,0.166666667,0,0,0,0,0,0,0,0,0,0,32,63,0
40873,132,346877,5,88,11,23,33,5,4,16,3,9,0.166666667,0,0,0,0,0,0,0,0,0,0,25,43,6
40888,26,46603,5,2,2,0,0,0,0,0,0,5,0.033333333,0,0,0,0,0,0,0,0,0,0,2,2,0
40898,155,250865,5,17,9,4,0,2,1,1,0,34,0.066666667,0,0,0,0,0,0,0,0,0,0,8,4,0
40904,49,261579,1,49,16,30,0,1,1,18,0,5,0.1,12,0,0,0,0,0,0,0,0,0,13,23,0
40908,93,86829,5,2,2,0,0,0,0,0,0,63,0.033333333,0,0,0,0,0,0,0,0,0,0,2,2,0
40913,228,250865,3,29,5,8,0,6,1,9,3,34,0.066666667,0,0,0,0,0,0,0,0,0,0,11,5,24
40922,258,247683,4,98,9,41,2,34,2,34,10,23,0.1,0,37,0,0,0,0,0,0,0,0,30,64,0
40928,91,127749,1,91,8,39,0,27,0,21,16,102,0.1,0,0,0,0,0,0,0,0,0,0,25,77,0
40934,50,140022,7,1,1,0,0,0,0,0,0,232,0.033333333,0,0,0,0,0,0,0,0,0,0,1,1,0
40936,50,86829,7,1,1,0,0,0,0,0,0,63,0.033333333,0,0,0,0,0,0,0,0,0,0,1,1,0
40937,50,42723,7,1,1,0,0,0,0,0,0,6,0.033333333,0,0,0,0,0,0,0,0,0,0,1,1,0
40943,228,27035,1,228,11,110,0,55,0,112,41,60,0.133333333,0,0,0,0,0,0,0,0,15,188,69,13,0
40945,463,250865,1,463,34,151,78,8,22,249,6,34,0.333333333,0,0,3,0,0,0,69,39,7,0,42,90,26
40955,1543,260769,5,1,1,0,0,0,0,0,0,0,0.033333333,0,0,0,0,0,0,0,0,0,0,1,1,0
40962,77,261579,2,71,6,25,0,22,0,20,18,5,0.133333333,6,0,0,0,0,0,0,0,0,0,39,3,37
40969,1980,250865,13,20,3,0,0,0,17,0,0,34,0.066666667,0,0,0,0,0,0,0,0,0,0,2,12,0
40989,698,140022,4,23,1,8,0,7,0,8,6,232,0.033333333,0,0,0,0,0,0,0,0,0,0,9,23,0
40993,684,46603,8,27,3,17,3,2,0,16,1,5,0.066666667,0,0,0,0,0,0,0,0,0,0,12,1,0
40998,173,148500,3,171,30,40,52,23,1,35,4,29,0.1,0,0,0,0,0,0,0,0,0,0,26,153,0
41005,2,43183,1,2,2,0,0,0,0,0,0,24,0.033333333,0,0,0,0,0,0,0,0,0,0,2,2,0
41015,2,334927,1,2,2,0,0,0,0,0,0,7,0.033333333,0,0,0,0,0,0,2,0,0,0,2,2,0
41027,1492,21560,5,278,26,74,13,56,18,83,44,9,0.3,17,8,64,0,0,0,0,0,0,0,42,171,0
41038,478,334927,3,6,3,2,0,1,0,1,0,7,0.033333333,0,0,0,0,0,0,0,6,0,0,5,6,0
41050,2,43183,1,2,2,0,0,0,0,0,0,24,0.033333333,0,0,0,0,0,0,0,0,0,0,2,2,0
41053,241,878119,4,4,2,2,0,0,0,1,0,20,0.033333333,0,4,0,0,0,0,0,0,0,0,4,4,0
41056,358,878119,1,358,39,137,22,93,13,81,41,20,0.466666667,0,5,0,0,26,0,8,0,20,0,73,230,51
41059,8,34988,1,8,4,2,0,1,0,1,1,108,0.133333333,0,0,1,0,0,1,0,0,0,0,4,5,0
41070,201,878119,1,201,23,66,32,13,24,70,15,20,0.333333333,0,56,0,7,0,0,0,0,0,0,52,43,23
41083,5,878119,1,5,3,2,0,0,0,1,0,20,0.033333333,0,5,0,0,0,0,0,0,0,0,4,5,0
41085,20,878119,1,20,7,10,0,1,0,7,1,20,0.033333333,0,20,0,0,0,0,0,0,0,0,15,20,0
41094,186,334927,2,4,4,0,0,0,0,0,0,7,0.033333333,0,0,0,0,0,0,0,4,0,0,2,4,0
41097,531,334927,2,179,22,64,8,49,3,47,27,7,0.266666667,0,0,0,0,0,0,0,10,0,0,37,57,99
41100,475,878119,5,83,10,43,17,9,0,35,0,20,0.166666667,0,44,0,0,0,0,0,0,0,0,27,18,0
41106,14,334927,3,1,1,0,0,0,0,0,0,7,0.033333333,0,0,0,0,0,0,0,1,0,0,1,1,0
41116,26,878119,1,26,2,10,0,8,0,8,5,20,0.1,0,2,0,0,18,0,0,0,0,0,14,6,0
41122,64,878119,3,19,2,9,0,5,0,8,3,20,0.066666667,0,1,0,0,0,0,0,0,0,0,9,19,0
41124,79,878119,1,79,19,38,11,5,1,27,1,20,0.1,0,24,27,0,0,0,0,0,0,0,29,55,0
41127,5,878119,1,5,2,2,0,1,0,1,0,20,0.033333333,0,5,0,0,0,0,0,0,0,0,4,5,0
41154,1,21560,1,1,1,0,0,0,0,0,0,9,0.033333333,0,0,0,0,0,0,0,0,0,0,1,1,0
41157,205,148500,8,8,2,5,0,1,0,4,0,29,0.033333333,0,0,0,0,0,0,0,0,0,0,5,8,0
41158,2,334927,1,2,2,0,0,0,0,0,0,7,0.033333333,0,0,0,0,0,0,0,2,0,0,2,2,0
41166,56,878119,2,55,12,20,4,12,3,8,2,20,0.066666667,0,2,0,0,0,0,0,0,0,0,15,53,0
41176,14,334927,2,8,4,2,0,1,0,1,1,7,0.033333333,0,0,0,0,0,0,0,8,0,0,5,8,0
41179,293,334927,8,1,1,0,0,0,0,0,0,7,0.033333333,0,0,0,0,0,0,0,1,0,0,1,1,0
41182,7,878119,2,6,3,3,0,0,0,2,0,20,0.033333333,0,6,0,0,0,0,0,0,0,0,5,6,0
41185,21,878119,1,21,5,6,0,6,0,6,4,20,0.066666667,0,6,0,0,0,0,0,0,0,0,14,21,0
41197,4,878119,1,4,2,2,0,0,0,1,0,20,0.033333333,0,4,0,0,0,0,0,0,0,0,4,4,0
41199,390,878119,3,171,20,116,15,11,4,83,4,20,0.4,0,29,17,0,9,0,0,0,30,0,48,33,17
41205,281,878119,4,1,1,0,0,0,0,0,0,20,0.033333333,0,1,0,0,0,0,0,0,0,0,1,1,0
41209,52,334927,1,52,12,22,0,7,1,16,4,7,0.133333333,0,0,0,0,0,6,0,5,0,0,15,30,0
41216,108,334927,1,108,11,49,22,7,8,33,5,7,0.233333333,0,6,0,0,0,0,0,25,0,0,32,45,22
41236,286,334927,5,52,5,19,0,15,0,16,13,7,0.066666667,0,0,45,0,0,0,0,7,0,0,27,45,0
41259,18,878119,1,18,13,4,0,0,1,1,0,20,0.033333333,0,18,0,0,0,0,0,0,0,0,7,18,0
41267,8,878119,1,8,2,5,0,0,0,5,0,20,0.033333333,0,8,0,0,0,0,0,0,0,0,6,8,0
41278,2,334927,1,2,2,0,0,0,0,0,0,7,0.033333333,0,0,0,0,0,0,0,2,0,0,1,2,0
41285,29,43183,3,1,1,0,0,0,0,0,0,24,0.033333333,0,0,0,0,0,0,0,0,0,0,1,1,0
41289,66,148500,3,23,1,9,0,7,0,10,2,29,0.033333333,0,0,0,0,0,0,0,0,0,0,10,23,0
41291,1,334927,1,1,1,0,0,0,0,0,0,7,0.033333333,0,0,0,0,0,0,0,1,0,0,1,1,0
41297,1232,878119,4,2,2,0,0,0,0,0,0,20,0.033333333,0,2,0,0,0,0,0,0,0,0,1,2,0
41298,1232,334927,4,1,1,0,0,0,0,0,0,7,0.033333333,0,0,0,0,0,0,0,1,0,0,1,1,0
41316,228,43183,4,1,1,0,0,0,0,0,0,24,0.033333333,0,0,0,0,0,0,0,0,0,0,1,1,0
41324,97,878119,1,97,8,42,9,19,0,48,7,20,0.233333333,0,2,0,0,10,0,0,0,0,0,22,12,2
41327,280,334927,2,13,2,4,0,3,2,3,2,7,0.033333333,0,0,0,0,0,0,0,13,0,0,6,13,0
41328,11,878119,1,11,4,4,0,2,0,1,0,20,0.033333333,0,11,0,0,0,0,0,0,0,0,5,11,0
41334,2,878119,1,2,2,0,0,0,0,0,0,20,0.033333333,0,2,0,0,0,0,0,0,0,0,2,2,0
41336,1023,878119,7,1,1,0,0,0,0,0,0,20,0.033333333,0,1,0,0,0,0,0,0,0,0,1,1,0
41337,89,878119,2,83,8,24,0,22,14,22,13,20,0.033333333,0,83,0,0,0,0,0,0,0,0,34,83,0
41344,1,43183,1,1,1,0,0,0,0,0,0,24,0.033333333,0,0,0,0,0,0,0,0,0,0,1,1,0
41353,17,878119,1,17,5,6,0,4,0,3,2,20,0.066666667,0,1,0,0,0,16,0,0,0,0,10,17,0
41364,138,878119,2,44,10,18,1,0,12,11,0,20,0.066666667,0,11,0,0,0,0,0,0,0,0,17,33,0
41367,6,334927,1,6,2,2,0,1,0,1,1,7,0.033333333,0,0,0,0,0,0,0,6,0,0,5,6,0
41370,272,878119,5,84,11,42,20,3,2,29,1,20,0.133333333,0,28,0,0,0,0,0,0,0,0,29,3,0
41383,16,334927,1,16,3,5,0,4,0,4,4,7,0.033333333,0,0,0,0,0,0,0,16,0,0,11,16,0
41407,57,878119,1,57,11,29,0,9,1,26,5,20,0.1,0,19,0,0,0,0,0,0,0,0,22,35,0
41412,1,334927,1,1,1,0,0,0,0,0,0,7,0.033333333,0,0,0,0,0,0,0,1,0,0,1,1,0
41413,1,43183,1,1,1,0,0,0,0,0,0,24,0.033333333,0,0,0,0,0,0,0,0,0,0,1,1,0
41414,185,878119,2,137,11,47,13,39,1,35,20,20,0.2,0,34,0,0,0,0,30,0,0,0,63,22,12
41432,37,334927,3,2,2,0,0,0,0,0,0,7,0.066666667,0,0,0,0,0,0,0,1,0,0,1,2,0
41445,2,334927,1,2,2,0,0,0,0,0,0,7,0.033333333,0,0,0,0,0,0,0,2,0,0,2,2,0
41459,2,334927,1,2,2,0,0,0,0,0,0,7,0.033333333,0,0,0,0,0,0,0,2,0,0,2,2,0
41461,27,34988,3,1,1,0,0,0,0,0,0,108,0.033333333,0,0,1,0,0,0,0,0,0,0,1,1,0
41547,12,334927,1,12,2,4,0,3,0,3,3,7,0.033333333,0,0,0,0,0,0,0,12,0,0,9,12,0
41548,100,878119,2,77,16,42,4,6,1,29,6,20,0.166666667,0,7,0,0,0,0,0,0,0,0,28,41,0
41566,119,878119,2,67,5,49,5,2,0,45,1,20,0.133333333,0,16,0,0,0,0,0,0,0,0,29,46,0
41568,1,878119,1,1,1,0,0,0,0,0,0,20,0.033333333,0,1,0,0,0,0,0,0,0,0,1,1,0
41573,318,878119,1,318,47,101,32,74,8,80,36,20,0.333333333,0,3,0,0,20,0,0,0,141,0,82,235,6
41575,2,334927,1,2,2,0,0,0,0,0,0,7,0.033333333,0,0,0,0,0,0,0,2,0,0,2,2,0
41577,6,148500,1,6,2,2,0,1,0,1,1,29,0.033333333,0,0,0,0,0,0,0,0,0,0,5,6,0
41586,91,878119,1,91,12,38,1,20,6,31,11,20,0.1,0,11,0,0,0,0,0,0,0,0,24,69,11
41588,184,878119,1,184,34,62,11,46,2,38,21,20,0.233333333,0,19,0,0,0,0,0,0,0,0,54,43,0
41592,340,878119,2,122,28,55,1,21,0,34,15,20,0.233333333,0,25,0,0,0,0,0,0,0,0,20,38,0
41596,5,334927,1,5,2,2,0,1,0,1,0,7,0.033333333,0,0,0,0,0,0,0,5,0,0,4,5,0
41608,2,43183,1,2,2,0,0,0,0,0,0,24,0.033333333,0,0,0,0,0,0,0,0,0,0,2,2,0
41614,325,878119,5,44,7,18,4,14,0,11,1,20,0.1,0,4,0,0,0,0,0,0,0,0,14,24,0
41615,2,334927,1,2,2,0,0,0,0,0,0,7,0.033333333,0,0,0,0,0,0,0,2,0,0,2,2,0
41622,17,878119,1,17,2,6,0,5,0,5,4,20,0.033333333,0,17,0,0,0,0,0,0,0,0,12,17,0
41623,113,43183,4,90,12,10,37,0,2,30,7,24,0.1,0,0,0,0,0,0,0,0,0,0,33,1,88
41633,39,878119,1,39,12,20,0,3,0,13,4,20,0.1,22,10,0,0,0,0,0,0,0,0,11,22,10
41654,209,878119,1,209,45,71,18,44,8,35,14,20,0.433333333,10,55,1,10,0,14,0,0,0,0,47,51,38
41694,9,334927,1,9,2,7,0,0,0,3,0,7,0.033333333,0,0,0,0,0,0,0,9,0,0,6,9,0
41701,502,334927,3,112,6,55,0,31,0,37,20,7,0.066666667,0,0,0,0,0,0,91,21,0,0,46,91,21
41708,176,878119,2,120,13,63,28,3,4,52,0,20,0.233333333,0,25,0,0,52,0,0,0,0,0,40,12,56
41716,235,334927,2,5,5,0,0,0,0,0,0,7,0.066666667,0,0,0,0,0,0,0,2,0,3,3,2,0
41720,171,334927,3,108,21,72,3,4,1,45,2,7,0.133333333,0,0,0,0,0,0,0,17,0,0,29,28,46
41745,96,43183,8,3,3,0,0,0,0,0,0,24,0.033333333,0,0,0,0,0,0,0,0,0,0,1,3,0
41763,173,334927,1,173,28,52,9,42,10,37,24,7,0.066666667,0,0,0,0,0,0,0,19,0,154,54,19,0
41776,59,334927,1,59,9,27,16,1,0,22,2,7,0.1,0,0,0,0,0,0,0,29,0,0,29,41,18
41781,4,43183,1,4,2,2,0,0,0,1,0,24,0.033333333,0,0,0,0,0,0,0,0,0,0,4,4,0
41788,79,878119,1,79,12,29,7,1,16,30,0,20,0.133333333,0,0,0,17,3,0,0,0,0,0,26,47,0
41795,8,148500,1,8,5,1,0,1,0,1,1,29,0.033333333,0,0,0,0,0,0,0,0,0,0,6,8,0
41800,26,878119,2,24,3,8,1,5,6,5,0,20,0.033333333,0,0,0,0,0,0,0,0,0,0,8,24,0
41801,2564,148500,14,1,1,0,0,0,0,0,0,29,0.033333333,0,0,0,0,0,0,0,0,0,0,1,1,0
41812,154,43183,2,2,2,0,0,0,0,0,0,24,0.033333333,0,0,0,0,0,0,0,0,0,0,2,2,0
41814,2,334927,1,2,2,0,0,0,0,0,0,7,0.033333333,0,0,0,0,0,0,0,2,0,0,2,2,0
41816,421,878119,3,29,6,19,0,2,0,17,1,20,0.066666667,0,0,0,0,0,0,0,0,0,0,15,17,0
41818,43,334927,1,43,5,18,3,14,0,13,2,7,0.066666667,0,0,0,0,0,0,0,12,0,0,17,31,0
41823,24,41550,1,24,4,9,0,7,0,7,3,21,0.033333333,0,0,0,0,0,24,0,0,0,0,11,24,0
41828,2,41550,1,2,2,0,0,0,0,0,0,21,0.033333333,0,0,0,0,0,2,0,0,0,0,2,2,0
41833,3,41550,1,3,3,0,0,0,0,0,0,21,0.066666667,0,0,0,0,0,1,0,2,0,0,2,1,0
41902,1,652701,1,1,1,0,0,0,0,0,0,3,0.033333333,0,0,0,0,0,0,0,0,0,0,1,1,0
41917,1775,652701,9,162,25,58,24,30,5,17,11,3,0.466666667,0,0,52,0,5,0,0,17,0,0,32,12,101
41925,1,652701,1,1,1,0,0,0,0,0,0,3,0.033333333,0,0,0,0,0,0,0,0,0,0,1,1,0
41931,1992,195289,7,1087,58,157,279,111,47,385,90,105,0.5,1,80,220,0,0,30,0,0,0,0,180,332,479
41932,105,652701,3,11,3,2,0,1,0,0,0,3,0.066666667,0,0,0,0,0,0,0,0,0,0,4,10,0
41935,161,652701,3,19,7,4,0,2,5,0,0,3,0.033333333,0,0,0,0,0,0,0,0,0,0,7,19,0
41944,70,148039,2,69,6,16,12,11,3,20,4,18,0.133333333,0,0,0,0,0,0,0,0,0,0,19,34,10
41962,3373,41550,3,105,32,30,0,26,0,32,11,21,0.2,0,0,0,0,0,0,0,0,0,0,24,68,30
41971,533,208752,7,90,15,28,4,15,0,27,9,24,0.1,0,0,0,0,0,0,0,0,0,59,17,23,8
41972,131,652701,1,131,19,54,5,21,16,12,0,3,0.2,5,0,0,0,23,0,0,0,0,0,20,36,28
41988,482,652701,5,22,3,6,8,3,0,0,0,3,0.1,0,0,0,0,0,0,0,0,0,0,6,14,0
41991,42,652701,1,42,9,11,1,8,2,0,0,3,0.066666667,0,0,0,0,0,0,0,0,0,0,12,23,19
41992,597,41550,6,48,3,13,0,8,0,20,12,21,0.066666667,0,0,0,0,0,0,0,0,0,0,21,43,0
41993,597,652701,6,103,10,19,39,12,2,0,0,3,0.1,0,0,0,0,0,0,0,0,0,0,15,90,0
41994,597,221833,6,265,15,47,27,30,52,101,10,58,0.2,0,0,0,0,0,3,0,0,0,0,33,140,104
42001,148,652701,1,148,52,27,8,12,42,0,0,3,0.4,0,0,0,0,0,0,0,0,0,0,10,22,44
42010,49,652701,1,49,14,13,0,10,3,0,0,3,0.066666667,0,0,0,0,0,0,0,0,0,0,14,13,0
42011,9,156596,1,9,4,3,0,1,0,2,1,224,0.033333333,0,0,0,9,0,0,0,0,0,0,5,9,0
42023,356,652701,2,53,6,13,21,5,0,0,0,3,0.066666667,0,0,0,0,0,0,0,0,0,0,10,27,26
42035,5,652701,1,5,3,2,0,0,0,0,0,3,0.066666667,0,0,0,0,0,0,0,0,0,0,4,5,0
42039,1572,148039,5,724,66,176,77,138,96,212,46,18,0.633333333,0,20,0,0,0,0,0,54,35,29,73,204,82
42049,195,652701,2,19,7,5,0,3,1,0,0,3,0.033333333,0,0,0,0,0,0,0,0,0,0,8,19,0
42064,27,652701,1,27,4,4,14,2,0,0,0,3,0.033333333,0,0,0,0,0,0,0,0,0,0,8,27,0
42068,19,652701,1,19,3,5,0,3,0,0,0,3,0.033333333,0,0,0,0,0,0,0,0,0,0,6,19,0
42071,137,652701,5,78,15,14,8,10,10,0,0,3,0.1,0,0,0,0,0,0,0,0,0,0,17,16,24
42075,11,652701,1,11,7,0,0,0,3,0,0,3,0.033333333,0,0,0,0,0,0,0,0,0,0,6,11,0
42095,760,652701,2,128,31,41,8,22,15,0,0,3,0.3,0,0,0,0,0,0,0,0,0,0,15,14,29
42108,1,652701,1,1,1,0,0,0,0,0,0,3,0.033333333,0,0,0,0,0,0,0,0,0,0,1,1,0
42113,76,652701,1,76,13,18,10,14,1,0,0,3,0.066666667,0,0,0,0,0,0,0,0,0,0,16,36,40
42133,13,652701,1,13,3,3,3,2,0,0,0,3,0.033333333,0,0,0,0,0,0,0,0,0,0,7,13,0
42140,2380,156596,10,363,35,76,58,35,59,98,22,224,0.433333333,14,0,6,13,0,0,0,0,0,0,61,32,8
42142,21,652701,1,21,7,5,0,3,5,0,0,3,0.033333333,0,0,0,0,0,0,0,0,0,0,7,21,0
42161,8,652701,1,8,3,2,0,0,0,0,0,3,0.033333333,0,0,0,0,0,0,0,0,0,0,5,8,0
42167,115,652701,1,115,26,20,17,12,11,0,0,3,0.2,0,0,0,0,0,0,0,0,0,0,13,25,42
42168,89,652701,1,89,10,38,6,21,0,4,0,3,0.133333333,27,0,0,0,0,30,0,0,0,0,14,21,0
42182,1326,221833,7,796,34,93,163,76,173,197,46,58,0.333333333,0,0,92,0,0,0,0,0,0,0,117,527,250
42200,147,652701,1,147,24,49,4,31,5,12,9,3,0.366666667,0,0,0,0,0,0,51,0,0,0,32,17,37
42201,3351,38356,8,791,31,206,73,96,7,415,117,65,0.4,0,0,0,56,106,0,57,6,192,0,201,349,7
42225,69,652701,1,69,15,18,3,10,14,0,0,3,0.233333333,0,0,0,0,0,0,0,0,0,0,10,13,33
42232,540,156596,2,350,14,124,3,35,0,203,55,224,0.133333333,173,0,0,109,0,0,0,0,0,0,83,55,0
42241,213,652701,3,105,22,30,0,1,42,0,0,3,0.133333333,21,0,0,0,0,0,0,0,0,0,12,35,0
42253,107,38356,3,90,8,16,4,12,7,30,20,65,0.1,0,0,0,0,0,0,0,0,16,0,29,83,7
42270,12,148039,2,1,1,0,0,0,0,0,0,18,0.033333333,0,0,0,0,0,0,0,0,0,0,1,1,0
42271,5,652701,1,5,1,2,0,1,0,0,0,3,0.033333333,0,0,0,0,0,0,0,0,0,0,4,5,0
42287,2,652701,1,2,2,0,0,0,0,0,0,3,0.033333333,0,0,0,0,0,0,0,0,0,0,2,2,0
42295,1993,652701,9,267,42,65,32,35,37,2,0,3,0.333333333,0,0,27,0,1,0,0,0,0,0,23,18,227
42305,179,652701,1,179,28,22,7,14,66,0,0,3,0.166666667,0,0,0,0,0,0,0,0,0,0,14,45,80
42320,161,652701,4,16,2,5,6,0,0,0,0,3,0.066666667,0,0,0,0,0,0,0,0,0,0,6,9,0
42321,68,652701,1,68,9,14,17,9,1,0,0,3,0.066666667,0,0,0,0,0,0,0,0,0,0,10,56,12
42326,211,652701,1,211,34,30,18,20,75,5,3,3,0.166666667,0,46,0,56,0,0,0,0,0,0,24,83,73
42343,1538,221833,5,44,9,23,0,9,0,6,3,58,0.133333333,0,0,0,0,11,0,0,0,0,0,7,21,0
42352,337,148039,3,1,1,0,0,0,0,0,0,18,0.033333333,0,0,0,0,0,0,0,0,0,0,1,1,0
42377,8,148039,1,8,2,3,0,2,0,2,1,18,0.033333333,0,0,0,0,0,0,0,0,0,0,6,8,0
42381,33,652701,3,10,2,2,2,1,1,0,0,3,0.033333333,0,0,0,0,0,0,0,0,0,0,6,10,0
42388,14,652701,1,14,4,5,0,2,0,0,0,3,0.033333333,0,0,0,0,0,0,0,0,0,0,6,14,0
42389,497,156596,7,1,1,0,0,0,0,0,0,224,0.033333333,0,0,0,1,0,0,0,0,0,0,1,1,0
42396,277,652701,6,49,11,20,0,10,4,0,0,3,0.1,0,0,0,0,0,0,0,0,0,0,7,27,0
42405,526,652701,3,306,40,110,16,64,34,43,15,3,0.333333333,0,0,0,0,140,0,0,0,0,0,38,15,91
42414,151,652701,1,151,25,50,5,34,3,13,6,3,0.133333333,0,0,0,0,60,0,0,0,0,0,29,24,0
42427,29,652701,1,29,9,12,0,5,0,2,1,3,0.2,0,0,0,8,0,0,0,0,0,0,11,13,0
42430,80,652701,2,39,6,5,9,2,13,0,0,3,0.1,0,0,0,0,0,0,0,0,0,0,8,39,0
42451,1,652701,1,1,1,0,0,0,0,0,0,3,0.033333333,0,0,0,0,0,0,0,0,0,0,1,1,0
42454,2,652701,1,2,2,0,0,0,0,0,0,3,0.033333333,0,0,0,0,0,0,0,0,0,0,2,2,0
42460,273,652701,4,75,14,25,5,16,0,0,0,3,0.233333333,0,7,0,0,0,0,0,0,0,0,14,24,23
42461,44,652701,1,44,7,13,12,8,0,0,0,3,0.1,0,0,0,0,0,0,0,0,0,0,8,25,0
42470,26,652701,1,26,13,6,0,3,2,0,0,3,0.1,0,0,0,0,0,0,0,0,0,0,9,7,1
42475,11,652701,1,11,6,3,0,2,0,0,0,3,0.066666667,0,0,0,0,0,0,0,0,0,0,6,6,0
42476,66,148039,1,66,3,18,8,13,0,21,7,18,0.1,0,0,0,0,0,0,0,0,0,0,23,1,0
42489,88,652701,3,44,18,9,0,8,2,1,1,3,0.2,0,0,0,5,0,0,0,0,0,0,10,10,12
42490,81,652701,1,81,19,24,2,0,14,0,0,3,0.066666667,0,33,0,0,0,0,0,0,0,0,11,48,0
42491,1444,652701,9,81,11,35,15,13,2,2,2,3,0.166666667,10,0,0,0,11,0,0,0,0,0,15,35,0
42498,88,221833,3,38,14,6,2,6,0,8,7,58,0.1,0,0,0,0,0,0,0,0,0,0,14,25,0
42503,12,652701,3,3,3,0,0,0,0,0,0,3,0.066666667,0,1,0,0,0,0,0,0,0,0,1,2,0
42515,19,156596,1,19,2,7,0,5,0,6,5,224,0.033333333,0,0,0,19,0,0,0,0,0,0,13,19,0
42520,13,652701,1,13,5,2,0,1,2,0,0,3,0.033333333,0,0,0,0,0,0,0,0,0,0,7,13,0
42521,24,652701,1,24,7,6,1,2,0,0,0,3,0.033333333,0,0,0,0,0,0,0,0,0,0,10,24,0
42530,280,652701,4,25,5,8,3,2,2,0,0,3,0.1,0,0,0,0,0,0,0,0,0,0,8,16,3
42547,55,652701,2,13,5,5,0,2,0,0,0,3,0.066666667,0,0,0,0,0,0,0,0,0,0,7,4,9
42550,173,652701,4,2,2,0,0,0,0,0,0,3,0.033333333,0,0,0,0,0,0,0,0,0,0,1,2,0
42582,112,652701,1,112,6,34,7,30,0,0,0,3,0.166666667,0,0,0,0,0,0,0,0,0,0,18,20,0
42590,1,652701,1,1,1,0,0,0,0,0,0,3,0.033333333,0,0,0,0,0,0,0,0,0,0,1,1,0
42595,39,652701,1,39,7,9,1,6,3,0,0,3,0.033333333,0,0,0,0,0,0,0,0,0,0,10,39,0
42597,561,221833,5,90,3,14,39,10,0,19,8,58,0.1,0,0,0,0,0,0,0,0,0,0,27,32,29
42600,155,652701,2,103,23,30,7,9,8,0,0,3,0.166666667,0,0,0,0,0,0,0,0,0,0,11,73,12
42603,70,652701,3,32,3,10,2,7,0,0,0,3,0.066666667,0,0,0,0,0,0,0,0,0,0,10,12,20
42615,562,156596,3,421,34,60,97,42,37,97,26,224,0.366666667,0,0,6,114,30,0,0,0,52,33,105,62,124
42622,198,156596,1,198,16,21,56,17,5,47,23,224,0.133333333,0,0,0,31,0,0,0,0,0,0,60,112,0
42624,2717,148039,12,242,23,96,15,60,5,87,11,18,0.333333333,0,0,0,22,0,0,0,0,0,0,35,64,29
42626,2717,652701,12,1,1,0,0,0,0,0,0,3,0.033333333,0,0,0,0,0,0,0,0,0,0,1,1,0
42628,279,652701,3,116,21,31,3,23,12,13,8,3,0.166666667,0,0,0,0,54,0,0,0,0,0,31,28,6
42630,827,38356,7,101,19,37,0,22,1,22,14,65,0.266666667,0,0,0,0,0,4,0,0,4,0,26,14,22
42659,636,156596,2,242,26,49,47,33,13,55,20,224,0.1,0,0,0,122,116,0,0,0,4,0,40,122,116
42665,29,148039,2,27,6,10,0,6,1,6,2,18,0.066666667,0,0,0,0,0,0,0,0,0,0,12,13,0
42666,66,652701,2,65,25,13,1,7,1,4,3,3,0.066666667,0,0,0,0,0,17,0,0,0,0,18,48,0
42670,133,652701,1,133,18,45,15,32,2,21,11,3,0.133333333,0,0,0,0,0,0,0,76,0,0,30,47,0
42673,17,148039,2,13,3,6,0,3,0,1,1,18,0.1,0,0,0,0,0,0,0,0,0,0,5,5,0
42678,896,652701,4,224,31,66,7,29,58,1,0,3,0.366666667,0,0,0,4,0,0,0,0,16,0,19,101,50
42692,169,652701,2,162,41,58,11,31,0,3,0,3,0.466666667,0,0,0,8,0,0,0,0,0,0,20,23,83
42693,47,652701,1,47,14,11,1,7,2,0,0,3,0.1,0,0,0,0,0,0,0,0,0,0,10,37,0
42698,121,652701,1,121,11,39,16,21,12,3,1,3,0.233333333,0,0,0,0,0,15,0,0,0,0,21,43,0
42722,1684,156596,8,625,57,120,138,85,34,153,51,224,0.633333333,0,0,28,42,43,27,1,0,26,73,142,120,219
42744,749,221833,4,512,24,122,114,95,6,161,30,58,0.433333333,0,0,27,42,0,18,0,0,0,0,90,229,130
42751,27,652701,2,14,5,2,0,1,4,0,0,3,0.033333333,0,0,0,0,0,0,0,0,0,0,7,14,0
42760,655,652701,11,117,19,31,0,15,47,0,0,3,0.066666667,0,0,0,0,0,0,0,0,0,0,7,14,103
42766,133,652701,1,133,17,43,15,25,0,15,10,3,0.166666667,0,33,0,0,50,0,0,0,0,0,35,39,0
42784,17,652701,1,17,7,3,0,3,0,0,0,3,0.033333333,0,0,0,0,0,0,0,0,0,0,6,17,0
42788,10,652701,1,10,2,5,0,1,0,0,0,3,0.066666667,0,0,0,0,0,0,0,0,0,0,4,3,0
42791,70,652701,1,70,5,21,21,2,6,0,0,3,0.1,0,0,0,0,0,0,0,0,0,0,10,46,24
42799,838,221833,2,828,62,144,97,101,124,272,55,58,0.533333333,18,18,0,0,0,8,88,0,8,14,101,305,154
42807,306,652701,2,165,20,36,9,28,43,13,10,3,0.2,0,0,39,0,0,25,0,0,0,0,35,77,14
42821,10,156596,2,9,2,3,0,2,0,2,2,224,0.033333333,0,0,0,0,9,0,0,0,0,0,7,9,0
42829,45,148039,4,2,2,0,0,0,0,0,0,18,0.033333333,0,0,0,0,0,0,0,0,0,0,2,2,0
42838,541,148039,1,541,48,165,44,99,52,156,49,18,0.5,5,4,0,0,0,25,0,0,14,0,54,106,106
42848,1195,221833,11,696,67,160,33,128,52,260,56,58,0.366666667,0,0,0,0,0,0,0,0,0,0,74,372,60
42853,5,652701,1,5,2,2,0,1,0,0,0,3,0.033333333,0,0,0,0,0,0,0,0,0,0,3,5,0
42855,53,652701,2,27,5,12,0,5,0,0,0,3,0.066666667,0,0,0,0,0,0,0,0,0,0,6,6,0
42856,171,652701,1,171,42,30,19,18,44,0,0,3,0.166666667,0,0,0,0,0,0,0,0,0,0,13,58,42
42865,974,652701,2,144,20,42,49,21,2,8,0,3,0.2,0,0,0,0,30,0,0,0,14,0,19,92,6
42871,95,652701,1,95,16,21,8,15,9,4,2,3,0.1,0,0,0,19,0,0,0,0,0,0,24,30,46
42874,604,221833,3,319,25,75,26,57,32,126,8,58,0.2,0,0,0,0,0,0,0,0,0,0,29,171,0
42878,76,652701,1,76,13,12,17,8,0,0,0,3,0.066666667,0,0,0,0,0,0,0,0,0,0,16,44,32
42885,295,221833,3,120,16,35,2,31,1,45,17,58,0.066666667,0,0,0,0,0,0,0,0,0,0,44,120,0
42896,15,652701,1,15,5,6,0,3,0,0,0,3,0.1,0,0,0,0,0,0,0,0,0,0,6,7,4
42902,53,652701,1,53,9,5,0,3,27,0,0,3,0.066666667,0,0,0,0,0,0,0,0,0,0,6,16,0
42946,11,652701,1,11,6,2,0,1,0,0,0,3,0.133333333,0,0,0,0,0,0,0,0,0,0,5,1,0
42955,71,652701,3,26,3,3,5,2,0,0,0,3,0.033333333,0,0,0,0,0,0,0,0,0,0,6,26,0
42959,57,221833,2,51,6,20,6,7,0,22,6,58,0.033333333,0,0,0,0,0,0,0,0,0,0,12,51,0
42960,759,156596,5,609,34,87,157,60,16,177,71,224,0.533333333,0,0,0,7,34,0,0,0,70,37,201,134,268
42961,39,148039,2,1,1,0,0,0,0,0,0,18,0.033333333,0,0,0,0,0,0,0,0,0,0,1,1,0
42990,197,221833,4,17,9,0,0,0,8,0,0,58,0.033333333,0,0,0,0,0,0,0,0,0,0,6,17,0
42992,21,148039,2,19,6,3,0,3,2,4,2,18,0.066666667,0,0,0,0,0,0,0,0,0,0,11,1,0
43004,429,221833,5,237,9,45,62,33,2,64,21,58,0.233333333,0,0,0,0,0,0,0,0,0,0,54,22,0
43026,253,652701,1,253,40,38,96,30,10,14,10,3,0.2,0,0,0,0,0,53,0,0,0,0,33,23,155
43028,563,221833,5,309,21,72,28,53,31,101,22,58,0.333333333,3,0,0,0,0,0,0,0,79,0,51,9,86
43035,5,652701,1,5,2,3,0,0,0,0,0,3,0.033333333,0,0,0,0,0,0,0,0,0,0,4,5,0
43043,400,148039,4,292,38,100,17,58,19,75,26,18,0.466666667,0,0,0,0,9,30,0,0,0,0,39,19,13
43061,1,156596,1,1,1,0,0,0,0,0,0,224,0.033333333,0,0,0,0,1,0,0,0,0,0,1,1,0
43076,554,652701,5,19,3,8,0,5,0,0,0,3,0.133333333,0,0,0,0,0,0,0,0,0,0,5,3,2
43079,10,652701,1,10,10,0,0,0,0,0,0,3,0.033333333,0,0,0,0,0,0,0,0,0,0,4,10,0
43080,120,652701,1,120,15,26,47,12,1,0,0,3,0.1,0,0,0,0,0,0,0,0,0,0,18,15,0
43082,142,652701,1,142,14,55,10,23,5,3,2,3,0.166666667,0,38,0,0,0,0,0,0,12,0,22,35,0
43097,87,652701,1,87,5,20,2,14,0,0,0,3,0.066666667,0,0,0,0,0,0,0,0,0,0,14,1,0
43110,526,652701,3,111,21,54,0,24,0,12,9,3,0.366666667,0,0,22,17,0,0,0,0,0,0,26,27,13
43113,216,652701,2,50,5,17,13,11,0,0,0,3,0.133333333,0,0,0,0,0,0,0,0,0,0,9,11,7
43122,44,652701,1,44,11,14,0,9,0,0,0,3,0.033333333,0,0,0,0,0,0,0,0,0,0,11,44,0
43131,196,652701,1,196,23,37,7,27,26,0,0,3,0.2,0,0,0,0,0,0,0,0,0,0,18,121,0
43132,294,652701,3,267,44,56,7,36,26,5,0,3,0.3,0,0,0,106,0,0,0,0,0,0,22,42,4
43140,20,652701,1,20,4,7,2,0,0,0,0,3,0.066666667,0,0,0,0,0,0,0,0,0,0,6,7,0
43142,655,221833,12,122,9,53,8,27,1,44,17,58,0.2,28,0,0,0,0,0,0,0,0,0,40,19,0
43144,492,652701,2,56,8,19,6,10,0,0,0,3,0.133333333,0,0,0,0,0,0,0,0,0,0,14,15,0
43152,106,652701,1,106,23,37,4,21,1,0,0,3,0.233333333,0,27,0,0,0,0,0,0,0,0,12,8,49
43160,101,652701,2,52,6,19,1,13,1,5,5,3,0.133333333,0,0,0,12,0,0,0,0,0,0,21,29,11
43161,143,652701,1,143,20,24,13,20,22,6,5,3,0.133333333,0,0,0,26,0,0,0,0,0,0,27,52,0
43164,8,41550,5,1,1,0,0,0,0,0,0,21,0.033333333,0,0,0,0,0,0,0,0,0,0,1,1,0
43169,220,652701,2,219,35,43,16,31,34,3,2,3,0.233333333,0,0,0,0,0,18,0,0,0,0,24,63,48
43171,510,652701,2,199,59,36,12,24,30,2,0,3,0.566666667,0,0,2,0,2,0,3,0,13,0,19,47,58
43177,70,652701,1,70,14,20,4,15,1,0,0,3,0.1,0,0,0,0,9,0,0,0,0,0,17,40,21
43187,26,652701,1,26,9,6,0,3,1,0,0,3,0.1,0,0,0,0,0,0,0,0,0,0,10,15,0
43210,124,221833,4,21,6,7,0,3,0,6,2,58,0.066666667,0,0,0,0,0,0,0,0,0,0,11,14,7
43212,645,652701,4,291,31,92,2,45,23,19,4,3,0.366666667,0,0,24,1,0,0,0,0,0,0,30,39,11
43241,79,652701,1,79,20,15,16,9,9,0,0,3,0.133333333,0,0,0,0,0,0,0,0,0,0,12,10,54
43242,28,652701,1,28,7,10,0,5,2,0,0,3,0.066666667,0,0,0,0,0,0,0,0,0,0,11,9,0
43246,89,652701,2,84,25,24,0,13,0,6,5,3,0.166666667,0,0,0,0,25,0,0,0,0,0,22,28,9
43250,394,652701,2,27,4,9,1,5,4,0,0,3,0.1,0,0,0,0,0,0,0,0,0,0,8,3,9
43255,473,652701,2,157,29,48,7,33,2,13,11,3,0.4,0,0,6,54,0,0,0,0,0,0,32,67,20
43260,599,156596,2,586,37,129,105,107,35,145,60,224,0.733333333,29,10,9,0,2,0,0,6,2,0,140,158,66
43261,2041,652701,7,297,52,122,31,11,47,15,0,3,0.566666667,20,0,60,0,4,0,0,0,6,0,24,130,75
43267,68,652701,1,68,8,10,7,8,12,0,0,3,0.066666667,0,0,0,0,0,0,0,0,0,0,15,65,3
43284,6,652701,1,6,2,2,0,1,1,0,0,3,0.033333333,0,0,0,0,0,0,0,0,0,0,4,6,0
43296,96,156596,1,96,6,52,0,18,0,51,5,224,0.2,0,0,0,0,10,0,31,24,0,0,18,14,15
43298,1,148039,1,1,1,0,0,0,0,0,0,18,0.033333333,0,0,0,0,0,0,0,0,0,0,1,1,0
43299,113,148039,2,42,7,14,3,9,1,10,4,18,0.066666667,0,0,0,0,0,0,0,0,0,0,18,17,0
43304,26,148039,6,11,3,4,0,1,0,4,1,18,0.033333333,0,0,0,0,0,0,0,0,0,0,7,11,0
43305,730,156596,4,237,19,42,77,27,3,46,21,224,0.266666667,0,0,0,0,4,0,0,0,0,0,52,24,0
43310,11,652701,1,11,1,4,0,3,0,0,0,3,0.033333333,0,0,0,0,0,0,0,0,0,0,8,11,0
43316,106,652701,3,77,11,26,0,22,3,8,8,3,0.133333333,0,0,29,0,0,0,0,0,0,0,26,16,36
43332,236,652701,3,67,8,19,13,8,0,0,0,3,0.166666667,0,0,0,0,0,0,0,0,0,0,14,16,0
43344,260,652701,3,179,28,56,11,40,12,18,11,3,0.433333333,0,19,55,6,2,0,0,0,13,2,44,34,109
43345,726,652701,3,2,2,0,0,0,0,0,0,3,0.033333333,0,0,0,0,0,0,0,0,0,0,2,2,0
43355,1130,156596,8,356,28,63,73,42,18,103,36,224,0.433333333,0,0,0,9,41,0,0,0,0,0,87,146,33
43368,343,652701,2,96,24,28,0,21,4,9,8,3,0.133333333,0,0,0,44,0,0,0,0,0,0,25,17,1
43387,266,221833,5,11,2,3,1,2,0,3,2,58,0.066666667,0,0,0,0,0,0,0,0,0,0,7,10,0
43406,2,208752,1,2,2,0,0,0,0,0,0,24,0.033333333,0,0,0,0,0,0,0,0,0,0,2,2,0
43415,138,907118,1,138,10,58,5,38,0,47,18,19,0.2,13,58,0,0,11,0,0,0,0,10,41,24,58
43442,109,195289,2,26,4,13,0,7,0,6,1,105,0.066666667,0,0,0,0,0,7,0,0,0,0,6,26,0
43443,43,907118,1,43,3,30,0,9,0,28,0,19,0.033333333,0,43,0,0,0,0,0,0,0,0,7,43,0
43447,111,907118,1,111,15,43,7,23,1,34,18,19,0.133333333,0,39,0,0,0,0,0,0,0,0,35,27,29
43452,16,208752,1,16,5,4,0,3,0,5,3,24,0.033333333,0,0,0,0,0,0,0,0,0,0,7,16,0
43480,21,652701,1,21,5,5,0,3,2,0,0,3,0.033333333,0,0,0,0,0,0,0,0,0,0,8,21,0
43497,22,652701,1,22,4,3,1,2,0,0,0,3,0.033333333,0,0,0,0,0,0,0,0,0,0,7,22,0
43498,81,652701,2,45,10,7,2,4,13,0,0,3,0.066666667,0,0,0,0,0,0,0,0,0,0,10,38,0
43511,198,652701,3,28,6,11,1,6,0,0,0,3,0.133333333,0,0,0,0,0,0,0,0,0,0,8,1,11
43513,46,652701,1,46,7,5,0,3,26,0,0,3,0.033333333,0,0,0,0,0,0,0,0,0,0,9,46,0
43535,1034,148039,9,58,3,10,12,8,7,11,6,18,0.066666667,0,0,0,0,0,0,0,0,0,0,16,1,57
43536,25,652701,1,25,3,8,1,5,0,0,0,3,0.1,0,0,0,0,0,0,0,0,0,0,6,11,4
43540,25,148039,1,25,9,2,5,2,2,3,1,18,0.033333333,0,0,0,0,0,0,0,0,0,0,10,25,0
43542,31,652701,1,31,8,5,5,3,3,0,0,3,0.033333333,0,0,0,0,0,0,0,0,0,0,9,31,0
43562,797,652701,7,25,9,10,0,5,0,0,0,3,0.1,0,0,0,0,0,0,0,0,0,0,6,2,23
43604,117,652701,1,117,10,9,0,5,80,0,0,3,0.066666667,0,0,0,0,0,0,0,0,0,0,9,1,116
43605,56,652701,1,56,8,3,5,2,32,0,0,3,0.066666667,0,0,0,0,0,0,0,0,0,0,8,49,0
43626,143,652701,3,51,5,16,6,13,0,13,9,3,0.1,0,0,46,0,0,0,0,0,0,0,23,47,0
43627,619,221833,4,314,24,94,49,39,6,136,9,58,0.333333333,0,0,0,0,39,44,0,0,0,0,54,18,9
43677,1,21216,1,1,1,0,0,0,0,0,0,19,0.033333333,0,0,0,0,0,0,0,0,0,0,1,1,0
43679,293,21216,3,11,4,5,0,2,0,4,0,19,0.1,0,0,0,0,0,0,0,0,0,0,5,11,0
43705,12,21216,1,12,2,5,0,4,0,4,1,19,0.033333333,0,0,0,0,0,0,0,0,0,0,6,12,0
43707,6,21216,1,6,2,2,0,1,0,1,1,19,0.033333333,0,0,0,0,0,0,0,0,0,0,5,6,0
43717,5,21216,1,5,2,2,0,1,0,1,0,19,0.033333333,0,0,0,0,0,0,0,0,0,0,4,5,0
43723,1,148500,1,1,1,0,0,0,0,0,0,29,0.033333333,0,0,0,0,0,0,0,0,1,0,1,1,0
43725,169,148500,1,169,3,13,127,2,0,18,1,29,0.066666667,0,0,0,0,0,0,0,0,75,0,29,94,75
43730,2,148500,2,1,1,0,0,0,0,0,0,29,0.033333333,0,0,0,0,0,0,0,0,1,0,1,1,0
43745,118,148500,2,34,1,22,0,6,0,21,5,29,0.033333333,0,0,0,0,0,0,0,0,34,0,11,34,0
43747,1,21216,1,1,1,0,0,0,0,0,0,19,0.033333333,0,0,0,0,0,0,0,0,0,0,1,1,0
43750,7,91935,1,7,3,2,0,1,0,1,1,26,0.033333333,0,0,0,0,0,0,0,0,0,0,5,7,0
43759,22,91935,3,1,1,0,0,0,0,0,0,26,0.033333333,0,0,0,0,0,0,0,0,0,0,1,1,0
43763,1644,91935,6,506,64,175,28,121,36,121,64,26,0.6,0,0,22,56,0,9,0,6,9,0,79,245,90
43783,549,89830,16,3,3,0,0,0,0,0,0,108,0.033333333,0,0,0,0,0,0,0,0,0,0,1,3,0
43785,228,91935,4,87,7,31,0,22,2,25,19,26,0.1,0,0,0,0,0,0,0,0,0,0,15,36,11
43789,6,89830,1,6,1,3,0,1,0,2,1,108,0.066666667,0,0,0,0,0,0,0,0,0,0,4,3,0
43790,43,89830,3,28,6,13,0,6,0,5,3,108,0.133333333,0,0,0,0,0,0,0,0,0,0,9,8,0
43794,97,91935,1,97,9,24,19,18,4,26,10,26,0.133333333,0,0,0,0,0,0,0,0,0,0,25,70,13
43811,18,91935,1,18,2,8,0,4,1,7,3,26,0.033333333,0,0,0,0,0,0,0,0,0,0,6,18,0
43819,20,91935,2,1,1,0,0,0,0,0,0,26,0.033333333,0,0,0,0,0,0,0,0,0,0,1,1,0
43835,220,91935,5,151,19,47,14,24,0,38,20,26,0.2,0,0,0,0,0,0,0,0,0,0,25,95,33
43839,6,91935,1,6,2,2,0,1,0,1,1,26,0.033333333,0,0,0,0,0,0,0,0,0,0,5,6,0
43860,68,89830,4,16,7,5,0,3,1,2,0,108,0.033333333,0,0,0,0,0,0,0,0,0,0,7,16,0
43864,2518,91935,9,282,36,121,73,46,2,73,0,26,0.266666667,0,0,17,58,0,0,0,4,0,0,46,45,58
43873,8,91935,1,8,4,2,0,1,0,1,1,26,0.033333333,0,0,0,0,0,0,0,0,0,0,5,8,0
43887,46,89830,3,33,7,13,0,8,0,6,5,108,0.1,0,0,0,0,0,0,0,0,0,0,9,15,12
43900,1,91935,1,1,1,0,0,0,0,0,0,26,0.033333333,0,0,0,0,0,0,0,0,0,0,1,1,0
43918,21,89830,1,21,8,1,0,1,4,1,1,108,0.066666667,0,0,0,0,0,0,0,0,0,0,7,18,0
43933,6,89830,1,6,2,2,0,1,0,1,1,108,0.066666667,0,0,0,0,0,0,0,0,0,0,4,1,5
43941,2,89830,1,2,2,0,0,0,0,0,0,108,0.066666667,0,0,0,0,0,0,0,0,0,0,2,1,1
43951,5,89830,1,5,2,2,0,0,0,1,1,108,0.033333333,0,0,0,0,0,0,0,0,0,0,5,5,0
43952,60,91935,2,25,10,3,10,2,0,3,0,26,0.1,0,0,0,0,0,0,0,0,0,0,10,1,6
43958,24,91935,1,24,4,9,1,6,0,6,4,26,0.066666667,0,0,0,0,0,0,0,0,0,0,12,18,6
43975,126,89830,1,126,19,16,18,3,15,27,12,108,0.166666667,0,0,0,0,0,0,0,5,0,0,19,28,28
43993,106,74042,3,12,4,3,0,2,1,2,2,27,0.033333333,0,0,0,0,0,0,0,0,0,0,7,12,0
43996,41,74042,1,41,11,14,0,6,7,5,3,27,0.1,0,0,0,0,0,0,0,0,0,0,7,22,0
44004,31,74042,1,31,7,9,0,6,5,4,4,27,0.033333333,0,0,0,0,0,0,0,0,0,0,11,31,0
44011,1103,74042,7,17,2,7,0,5,0,3,3,27,0.066666667,0,0,0,0,0,0,0,0,0,0,7,8,0
44016,14,74042,1,14,4,4,0,2,2,3,2,27,0.033333333,0,0,0,0,0,0,0,0,0,0,7,14,0
44022,519,74042,3,426,40,152,24,80,75,118,19,27,0.533333333,0,106,8,28,0,0,0,0,0,0,44,109,32
44025,154,74042,2,7,3,2,0,1,0,1,1,27,0.033333333,0,0,0,0,0,0,0,0,0,0,5,7,0
44030,17,74042,2,16,4,2,0,1,8,1,1,27,0.066666667,0,0,0,0,0,0,0,0,0,0,6,14,0
44031,27,74042,1,27,13,3,0,3,0,6,3,27,0.1,0,0,0,0,0,0,0,0,0,0,9,12,10
44038,47,74042,1,47,7,20,4,1,9,20,1,27,0.033333333,0,0,0,0,0,0,0,0,0,0,15,47,0
44045,92,74042,7,2,2,0,0,0,0,0,0,27,0.033333333,0,0,0,0,0,0,0,0,0,0,1,2,0
44053,15,74042,1,15,1,3,2,2,0,7,1,27,0.033333333,0,0,0,0,0,0,0,0,0,0,6,15,0
44056,299,74042,17,7,2,3,0,2,0,2,0,27,0.033333333,0,0,0,0,0,0,0,0,0,0,5,7,0
44068,33,74042,1,33,4,5,0,4,15,5,4,27,0.066666667,0,0,0,0,0,0,0,0,0,0,9,2,0
44077,172,74042,2,171,13,41,31,34,13,40,21,27,0.1,0,0,0,0,0,0,0,0,7,0,45,43,0
44080,19,74042,1,19,8,5,0,3,1,2,2,27,0.066666667,0,0,0,0,0,0,0,0,0,0,9,11,0
44082,71,74042,1,71,20,23,0,9,9,14,8,27,0.166666667,0,0,0,0,0,0,0,0,0,0,15,51,8
44094,676,74042,10,60,8,26,2,15,0,17,7,27,0.1,0,0,0,0,0,0,0,0,0,0,19,42,0
44104,9,74042,1,9,5,2,0,1,0,2,1,27,0.033333333,0,0,0,0,0,0,0,0,0,0,7,9,0
44129,105,74042,1,105,8,23,0,15,41,20,10,27,0.066666667,0,0,0,0,0,0,0,0,0,0,20,75,0
44150,237,74042,5,24,3,5,3,3,0,8,4,27,0.033333333,0,0,0,0,0,0,0,0,0,0,12,24,0
44156,820,74042,4,17,2,3,0,1,10,2,1,27,0.033333333,0,0,0,0,0,0,0,0,0,0,5,17,0
44158,20,74042,1,20,4,7,0,4,0,6,3,27,0.066666667,0,0,0,0,0,0,0,0,0,0,8,20,0
44164,6,74042,1,6,2,2,0,1,0,1,1,27,0.033333333,0,0,0,0,0,0,0,0,0,0,4,6,0
44174,582,74042,2,97,10,18,3,12,32,21,7,27,0.1,0,0,0,0,0,0,0,0,0,0,17,37,0
44179,4,74042,1,4,4,0,0,0,0,0,0,27,0.033333333,0,0,0,0,0,0,0,0,0,0,2,4,0
44184,193,74042,3,94,3,18,13,16,5,32,13,27,0.066666667,0,0,0,0,0,0,0,0,0,0,22,8,0
44209,18,74042,1,18,7,5,0,3,0,7,0,27,0.033333333,0,0,0,0,0,0,0,0,0,0,5,18,0
44228,63,74042,1,63,11,28,0,16,0,14,7,27,0.133333333,34,0,0,0,0,0,0,0,0,0,9,19,0
44279,148,74042,5,5,1,2,0,1,0,1,1,27,0.033333333,0,0,0,0,0,0,0,0,0,0,4,5,0
44280,59,74042,1,59,19,14,2,4,14,10,1,27,0.1,0,0,0,0,0,0,0,0,0,0,12,18,0
44284,33,74042,1,33,3,12,6,4,0,15,3,27,0.033333333,0,0,0,0,0,0,0,0,0,0,10,33,0
44302,10,74042,1,10,6,2,0,1,0,1,1,27,0.033333333,0,0,0,0,0,0,0,0,0,0,5,10,0
44303,12,74042,1,12,5,2,0,1,2,1,1,27,0.033333333,0,0,0,0,0,0,0,0,0,0,6,12,0
44312,193,89830,3,7,1,3,0,1,0,2,2,108,0.033333333,0,0,0,0,0,0,0,0,0,0,6,7,0
44314,53,89830,4,5,1,3,0,1,0,2,0,108,0.033333333,0,0,0,0,0,0,0,0,0,0,4,5,0
44315,50,89830,2,30,8,7,0,4,9,3,2,108,0.1,0,0,0,0,0,0,0,0,0,0,11,2,22
44347,31,89830,2,25,2,2,5,1,1,10,5,108,0.033333333,0,0,0,0,0,0,0,0,0,0,8,25,0
44378,122,502584,3,69,9,46,0,6,2,36,5,143,0.2,19,0,0,5,0,0,0,0,0,0,20,17,12
44379,241,261579,1,241,8,152,0,49,0,145,32,5,0.233333333,0,0,0,52,0,0,0,0,0,0,25,107,33
44397,5,399092,1,5,5,0,0,0,0,0,0,101,0.066666667,0,0,0,0,0,0,0,0,0,0,2,4,1
44398,204,399092,1,204,12,23,48,19,8,59,10,101,0.033333333,0,0,0,0,0,0,0,0,0,0,41,204,0
44411,8,399092,1,8,8,0,0,0,0,0,0,101,0.066666667,0,0,0,0,0,0,0,0,0,0,2,1,7
44436,58,502584,1,58,9,21,0,11,4,14,9,143,0.033333333,0,0,0,0,0,0,0,0,0,0,10,58,0
44468,2,24979,1,2,2,0,0,0,0,0,0,25,0.033333333,0,0,0,0,0,0,0,0,0,0,2,2,0
44470,334,399092,3,303,66,107,16,10,7,140,6,101,0.233333333,1,0,0,23,0,0,0,0,0,0,25,15,23
44478,287,502584,4,74,8,11,0,7,17,28,4,143,0.133333333,0,0,0,0,0,0,0,0,0,0,11,62,0
44489,114,261579,3,32,8,10,0,7,0,7,6,5,0.1,0,0,0,0,0,0,0,0,0,0,20,24,1
44492,137,502584,1,137,14,30,16,3,1,72,3,143,0.1,0,0,0,0,0,0,0,0,0,0,15,27,110
44495,385,502584,5,14,2,5,0,2,0,4,1,143,0.033333333,0,0,0,0,0,0,0,0,0,0,5,14,0
44498,69,261579,2,36,4,16,0,9,0,11,7,5,0.1,0,0,0,0,0,0,0,0,0,0,16,16,11
44507,143,502584,4,83,15,14,0,1,23,23,1,143,0.1,0,0,0,0,0,0,0,0,0,0,10,16,64
44517,93,502584,3,10,3,5,0,1,0,2,1,143,0.066666667,0,0,0,0,0,0,0,0,0,0,7,6,0
44520,15,261579,1,15,9,0,0,0,4,0,0,5,0.033333333,0,0,0,0,0,0,0,0,0,0,6,15,0
44523,23,399092,1,23,14,3,0,2,0,3,1,101,0.033333333,0,0,0,0,0,0,0,0,0,0,9,23,0
44526,345,502584,2,67,8,12,7,6,5,20,3,143,0.133333333,0,0,0,0,0,0,0,0,0,0,14,62,1
44537,781,261579,6,85,8,35,0,20,9,19,13,5,0.233333333,0,31,0,0,0,0,0,0,0,0,24,25,3
44560,76,399092,1,76,11,24,0,18,0,31,3,101,0.1,0,0,0,0,0,0,0,0,0,0,15,54,0
44563,23,502584,1,23,8,10,0,3,0,8,2,143,0.033333333,0,0,0,0,0,0,0,0,0,0,8,23,0
44572,29,24979,3,4,2,2,0,0,0,1,0,25,0.033333333,0,0,0,0,0,0,0,0,0,0,4,4,0
44577,4,399092,1,4,2,2,0,0,0,1,0,101,0.033333333,0,0,0,0,0,0,0,0,0,0,4,4,0
44593,37,261579,3,11,3,3,0,2,0,3,1,5,0.033333333,0,0,0,0,0,0,0,0,0,0,6,11,0
44597,10,399092,1,10,6,2,0,1,0,2,1,101,0.033333333,0,0,0,0,0,0,0,0,0,0,7,10,0
44611,160,502584,3,17,5,5,0,4,0,3,3,143,0.066666667,0,0,0,0,0,0,0,0,0,0,11,12,0
44623,23,502584,1,23,7,8,0,4,1,3,2,143,0.133333333,0,0,0,0,9,0,0,0,0,0,10,9,0
44630,1145,399092,4,945,47,128,236,60,45,358,31,101,0.366666667,0,0,0,9,0,0,47,0,0,0,136,114,0
44634,31,261579,2,12,3,7,0,1,1,4,0,5,0.066666667,0,0,0,0,0,0,0,0,0,0,9,11,1
44636,213,399092,3,77,9,22,0,18,2,27,10,101,0.133333333,0,0,0,0,0,0,0,0,0,0,29,68,8
44660,5,502584,1,5,1,2,0,1,0,1,1,143,0.033333333,0,0,0,0,0,0,0,0,0,0,4,5,0
44661,1,24979,1,1,1,0,0,0,0,0,0,25,0.033333333,0,0,0,0,0,0,0,0,0,0,1,1,0
44669,260,502584,2,192,13,34,31,22,24,78,2,143,0.133333333,0,0,0,0,0,0,0,0,0,0,24,127,39
44685,6,502584,1,6,3,1,0,1,0,1,1,143,0.033333333,0,0,0,0,0,0,0,0,0,0,5,6,0
44688,95,261579,1,95,16,20,0,1,52,16,0,5,0.1,0,0,0,0,0,0,0,0,0,0,18,37,0
44689,649,502584,8,14,6,4,0,2,0,3,2,143,0.1,0,0,0,0,0,0,0,0,0,0,8,12,1
44691,58,261579,1,58,4,40,0,3,8,29,3,5,0.066666667,0,0,0,0,0,0,0,0,0,0,23,24,34
44711,122,261579,1,122,15,70,6,11,16,52,2,5,0.1,0,0,0,0,0,0,0,0,0,0,27,15,0
44715,131,24979,6,5,3,2,0,0,0,2,0,25,0.033333333,0,0,0,0,0,0,0,0,0,0,5,5,0
44716,10,502584,1,10,1,4,0,3,0,3,2,143,0.033333333,0,0,0,0,0,0,0,0,0,0,7,10,0
44728,2,502584,1,2,2,0,0,0,0,0,0,143,0.033333333,0,0,0,0,0,0,0,0,0,0,2,2,0
44732,57,24979,3,39,3,21,0,9,0,18,6,25,0.033333333,0,0,0,0,0,0,0,0,0,0,15,39,0
44748,585,399092,2,302,8,51,69,44,23,89,25,101,0.066666667,0,0,0,0,0,0,0,0,0,0,44,142,0
44753,226,502584,2,198,22,30,37,20,37,50,0,143,0.133333333,0,0,0,0,0,0,10,0,0,0,20,94,57
44776,93,502584,2,66,11,8,22,2,2,14,1,143,0.1,0,0,0,0,0,0,0,0,0,0,13,49,0
44786,171,502584,2,62,13,3,19,3,8,9,2,143,0.133333333,0,0,0,0,13,0,0,0,0,0,10,47,2
44800,16,399092,1,16,10,2,0,0,4,1,0,101,0.1,0,0,0,5,0,0,0,0,0,0,4,7,0
44801,2,502584,1,2,2,0,0,0,0,0,0,143,0.033333333,0,0,0,0,0,0,0,0,0,0,2,2,0
44815,30,502584,1,30,1,3,13,1,0,10,1,143,0.033333333,0,0,0,0,0,0,0,0,0,0,6,30,0
44823,72,399092,4,2,2,0,0,0,0,0,0,101,0.033333333,0,0,0,0,0,0,0,0,0,0,2,2,0
44827,565,399092,5,136,26,42,4,27,16,28,3,101,0.3,0,0,5,0,0,0,1,0,0,56,19,7,61
44835,19,399092,1,19,7,4,0,4,0,4,4,101,0.1,0,0,0,0,0,0,0,0,0,0,10,14,1
44852,2,399092,1,2,2,0,0,0,0,0,0,101,0.033333333,0,0,0,0,0,0,0,0,0,0,2,2,0
44867,465,261579,6,39,3,9,0,6,0,22,3,5,0.033333333,0,0,0,0,0,0,0,0,0,0,10,39,0
44879,503,24979,5,25,9,15,0,1,0,10,0,25,0.1,0,0,0,0,0,0,0,4,0,0,13,11,4
44887,63,399092,1,63,5,17,0,14,1,24,5,101,0.066666667,0,0,0,0,0,0,0,0,0,0,14,1,0
44891,28,399092,1,28,8,8,0,7,3,7,2,101,0.166666667,0,0,0,0,0,0,0,0,0,0,13,2,3
44897,18,502584,1,18,6,8,0,2,1,4,0,143,0.133333333,0,0,0,0,0,5,0,0,0,0,7,2,12
44898,4,261579,1,4,4,0,0,0,0,0,0,5,0.033333333,0,0,0,0,0,0,0,0,0,0,2,4,0
44899,1,399092,1,1,1,0,0,0,0,0,0,101,0.033333333,0,0,0,0,0,0,0,0,0,0,1,1,0
44900,58,502584,3,41,2,12,3,5,3,20,5,143,0.1,0,0,0,0,0,0,0,0,0,0,10,21,0
44905,1,261579,1,1,1,0,0,0,0,0,0,5,0.033333333,0,0,0,0,0,0,0,0,0,0,1,1,0
44912,782,261579,6,305,29,124,7,42,88,79,13,5,0.5,36,0,0,0,0,0,0,0,0,4,42,41,59
44917,1,399092,1,1,1,0,0,0,0,0,0,101,0.033333333,0,0,0,0,0,0,0,0,0,0,1,1,0
44920,143,502584,1,143,22,46,31,6,6,49,1,143,0.3,0,0,0,64,0,0,0,0,0,0,37,41,20
44930,8,502584,1,8,8,0,0,0,0,0,0,143,0.033333333,0,0,0,0,0,0,0,0,0,0,2,8,0
44934,10,261579,1,10,4,3,0,1,0,2,1,5,0.033333333,0,0,0,0,0,0,0,0,0,0,7,10,0
44936,81,502584,2,49,7,3,16,2,1,12,2,143,0.1,0,0,28,0,0,0,0,0,0,0,12,20,0
44939,3,502584,1,3,3,0,0,0,0,0,0,143,0.033333333,0,0,0,0,0,0,0,0,0,0,2,3,0
44948,28,24979,2,1,1,0,0,0,0,0,0,25,0.033333333,0,0,0,0,0,0,0,0,0,0,1,1,0
44949,3,502584,1,3,3,0,0,0,0,0,0,143,0.033333333,0,0,0,0,0,0,0,0,0,0,2,3,0
44951,2,399092,1,2,2,0,0,0,0,0,0,101,0.033333333,0,0,0,0,0,0,0,0,0,0,2,2,0
44957,11,502584,1,11,8,3,0,0,0,1,0,143,0.033333333,0,0,0,0,0,0,0,0,0,0,7,11,0
44962,534,502584,12,4,4,0,0,0,0,0,0,143,0.066666667,0,0,0,0,0,0,0,0,0,0,1,3,0
44975,121,261579,1,121,6,44,5,29,13,37,23,5,0.1,0,0,0,0,0,0,0,0,0,0,43,16,0
44978,706,399092,3,162,26,49,10,40,3,43,13,101,0.233333333,39,0,0,1,1,0,0,0,0,0,24,80,4
44985,9,502584,1,9,7,2,0,0,0,2,0,143,0.033333333,0,0,0,0,0,0,0,0,0,0,4,9,0
44992,611,502584,2,598,22,65,125,48,86,198,33,143,0.2,0,0,0,0,0,0,0,0,0,72,94,12,0
44998,262,399092,1,262,14,35,51,31,15,89,16,101,0.133333333,0,0,0,0,0,0,0,0,0,0,42,6,69
45007,44,502584,2,32,5,13,0,8,1,6,5,143,0.066666667,0,0,0,0,0,0,0,0,0,0,8,29,3
45010,42,502584,1,42,11,17,0,1,9,7,0,143,0.066666667,0,0,0,0,0,0,0,0,0,0,10,38,4
45014,7,502584,1,7,3,2,0,1,0,1,1,143,0.033333333,0,0,0,0,0,0,0,0,0,0,5,7,0
45019,294,261579,2,225,31,58,15,48,7,68,35,5,0.333333333,0,47,0,0,0,33,0,0,0,0,77,76,2
45040,52,502584,1,52,12,12,0,3,1,21,2,143,0.066666667,0,0,0,0,0,0,0,0,0,0,12,24,28
45045,4,502584,1,4,4,0,0,0,0,0,0,143,0.033333333,0,0,0,0,0,0,0,0,0,0,2,4,0
45049,29,502584,1,29,2,10,0,1,0,25,0,143,0.033333333,0,0,0,0,0,0,0,0,0,0,4,29,0
45073,1,502584,1,1,1,0,0,0,0,0,0,143,0.033333333,0,0,0,0,0,0,0,0,0,0,1,1,0
45080,67,399092,3,65,10,20,6,4,0,31,2,101,0.133333333,0,0,44,13,0,0,0,0,0,0,11,2,0
45081,31,502584,2,19,5,7,0,4,0,4,3,143,0.066666667,0,0,0,0,0,0,0,0,0,0,10,8,11
45083,56,261579,1,56,5,16,3,9,21,7,1,5,0.133333333,0,4,0,0,0,0,0,0,0,0,11,22,32
45109,2,502584,1,2,2,0,0,0,0,0,0,143,0.033333333,0,0,0,0,0,0,0,0,0,0,1,2,0
45113,1311,399092,4,33,4,11,0,6,11,3,1,101,0.133333333,1,0,0,0,0,0,0,0,0,7,5,22,0
45124,747,502584,2,1,1,0,0,0,0,0,0,143,0.033333333,0,0,0,0,0,0,0,0,0,0,1,1,0
45131,21,502584,1,21,5,8,0,6,0,6,1,143,0.066666667,0,0,0,0,0,0,0,0,0,0,9,7,0
45142,86,24979,4,1,1,0,0,0,0,0,0,25,0.033333333,0,0,0,0,0,0,0,0,0,0,1,1,0
45158,317,399092,2,165,24,37,12,30,27,40,12,101,0.266666667,0,0,4,0,0,0,0,0,0,0,27,62,7
45161,31,502584,1,31,9,4,0,3,1,11,3,143,0.033333333,0,0,0,0,0,0,0,0,0,0,7,31,0
45170,54,261579,3,17,3,5,0,3,0,5,3,5,0.033333333,0,0,0,0,0,0,0,0,0,0,10,17,0
45171,8,399092,1,8,6,2,0,0,0,1,0,101,0.033333333,0,0,0,0,0,0,0,0,0,0,4,8,0
45180,10,502584,1,10,6,2,0,1,0,1,1,143,0.066666667,0,0,0,0,0,0,0,0,0,0,5,5,5
45188,249,399092,2,248,33,94,10,33,11,99,8,101,0.366666667,0,4,4,84,0,2,0,0,0,0,32,52,74
45196,72,261579,1,72,7,23,0,18,9,19,15,5,0.1,0,0,0,0,0,0,0,0,0,0,25,31,10
45201,1,502584,1,1,1,0,0,0,0,0,0,143,0.033333333,0,0,0,0,0,0,0,0,0,0,1,1,0
45208,97,502584,1,97,22,33,0,13,10,21,5,143,0.033333333,0,0,0,0,0,0,0,0,0,0,10,97,0
45211,218,502584,7,84,19,23,3,14,2,20,9,143,0.166666667,0,0,0,0,0,0,0,0,0,0,16,16,0
45212,33,502584,1,33,6,11,0,8,1,6,6,143,0.066666667,0,0,0,0,0,0,0,0,0,0,11,2,31
45216,110,399092,3,3,1,2,0,0,0,1,0,101,0.033333333,0,0,0,0,0,0,0,0,0,0,3,3,0
45217,24,399092,2,8,4,3,0,1,0,2,0,101,0.066666667,0,0,0,0,0,0,0,0,0,0,5,3,5
45218,38,261579,1,38,6,12,0,10,0,9,9,5,0.066666667,0,0,0,0,0,0,0,0,0,0,19,31,7
45224,8,502584,1,8,3,5,0,0,0,2,0,143,0.033333333,0,0,0,0,0,0,0,0,0,0,5,8,0
45225,9,24979,1,9,2,3,0,2,0,2,2,25,0.033333333,0,0,0,0,0,0,0,0,0,0,7,9,0
45240,15,261579,2,2,2,0,0,0,0,0,0,5,0.033333333,0,0,0,0,0,0,0,0,0,0,2,2,0
45245,144,502584,2,135,15,7,25,5,31,26,3,143,0.033333333,0,0,0,0,0,0,0,0,0,0,18,135,0
45272,35,502584,3,17,3,4,4,1,0,5,1,143,0.066666667,0,0,0,0,0,0,0,1,0,0,6,16,1
45279,2,399092,1,2,2,0,0,0,0,0,0,101,0.033333333,0,0,0,0,0,0,0,0,0,0,2,2,0
45287,5,502584,1,5,2,3,0,0,0,2,0,143,0.033333333,0,0,0,0,0,0,0,0,0,0,4,5,0
45289,245,261579,2,58,16,15,0,12,3,11,10,5,0.1,0,0,0,0,0,0,0,0,0,0,27,22,27
45299,333,399092,3,7,1,4,0,1,0,3,1,101,0.066666667,0,0,0,0,0,0,0,0,0,0,6,5,2
45303,2,502584,2,1,1,0,0,0,0,0,0,143,0.033333333,0,0,0,0,0,0,0,0,0,0,1,1,0
45325,4,502584,1,4,4,0,0,0,0,0,0,143,0.033333333,0,0,0,0,0,0,0,0,0,0,4,4,0
45336,5,502584,1,5,1,2,0,1,0,1,1,143,0.033333333,0,0,0,0,0,0,0,0,0,0,4,5,0
45338,27,502584,1,27,3,6,0,1,0,17,1,143,0.033333333,0,0,0,0,0,0,0,0,0,0,8,27,0
45348,243,261579,2,158,18,58,0,42,4,41,33,5,0.2,0,0,0,0,0,0,0,0,0,0,36,43,24
45358,1503,399092,1,1503,250,261,340,177,55,329,50,101,0.7,0,0,123,79,2,0,0,2,0,78,159,543,382
45361,55,502584,2,54,23,5,0,2,11,2,1,143,0.1,0,0,0,0,0,0,0,0,0,0,9,9,0
45369,5,502584,1,5,2,2,0,0,0,1,1,143,0.033333333,0,0,0,0,0,0,0,0,0,0,5,5,0
45374,1088,261579,4,2,2,0,0,0,0,0,0,5,0.066666667,0,0,0,0,0,0,0,0,0,0,1,1,1
45375,249,399092,4,3,3,0,0,0,0,0,0,101,0.1,0,0,0,0,0,1,0,0,0,0,1,1,1
45382,224,261579,1,224,9,63,6,55,45,52,43,5,0.133333333,0,0,0,0,0,0,0,0,0,0,63,70,0
45388,52,502584,1,52,4,9,0,2,6,23,2,143,0.1,0,0,0,0,0,4,3,0,0,0,6,45,0
45393,8,502584,1,8,2,4,0,1,0,3,1,143,0.033333333,0,0,0,0,0,0,0,0,0,0,7,8,0
45394,2,502584,1,2,2,0,0,0,0,0,0,143,0.033333333,0,0,0,0,0,0,0,0,0,0,2,2,0
45399,613,261579,4,273,26,72,17,62,40,61,43,5,0.233333333,0,7,0,0,0,0,0,0,49,54,83,16,0
45402,38,85168,1,38,19,7,0,6,0,5,4,139,0.066666667,0,0,0,0,0,0,0,0,0,0,14,9,0
45420,257,261579,3,136,20,73,15,6,14,45,2,5,0.3,0,0,0,0,27,23,3,0,5,0,51,52,22
45423,4,261579,1,4,2,2,0,0,0,1,0,5,0.033333333,0,0,0,0,0,0,0,0,0,0,4,4,0
45427,494,502584,3,458,32,66,135,42,7,150,23,143,0.166666667,0,0,0,0,0,0,0,0,0,0,84,117,21
45435,483,261579,4,160,12,76,9,27,12,67,18,5,0.2,0,0,0,0,0,0,0,0,0,0,53,73,12
45450,297,24979,3,17,1,6,0,5,0,5,5,25,0.033333333,0,0,0,0,0,0,0,0,0,0,12,17,0
45455,2,502584,1,2,2,0,0,0,0,0,0,143,0.033333333,0,0,0,0,0,0,0,0,0,0,2,2,0
45460,25,502584,1,25,7,6,0,4,0,6,3,143,0.033333333,0,0,0,0,0,0,0,0,0,0,11,25,0
45471,3,399092,1,3,3,0,0,0,0,0,0,101,0.066666667,0,0,0,0,0,0,0,0,0,0,2,2,0
45487,17,261579,1,17,3,7,0,4,0,4,3,5,0.066666667,0,0,0,0,0,0,0,0,0,0,7,16,0
45494,27,502584,1,27,3,4,0,3,0,12,3,143,0.033333333,0,0,0,0,0,0,0,0,0,0,9,27,0
45504,1435,399092,9,78,14,38,0,10,8,31,4,101,0.1,0,0,0,0,0,0,0,0,0,0,20,61,1
45525,4,399092,1,4,4,0,0,0,0,0,0,101,0.033333333,0,0,0,0,0,0,0,0,0,0,2,4,0
45533,47,399092,2,46,4,13,0,9,0,14,5,101,0.1,0,0,0,0,0,0,0,0,0,0,11,12,0
45543,601,502584,6,45,3,14,0,10,0,15,7,143,0.1,0,0,0,0,0,0,0,0,0,0,11,11,0
45545,52,261579,1,52,3,20,0,15,6,17,8,5,0.066666667,0,0,0,0,0,0,0,0,0,0,23,7,45
45548,25,502584,1,25,13,8,0,1,1,5,1,143,0.1,0,0,0,0,0,0,0,0,0,0,11,2,14
45550,3,502584,1,3,3,0,0,0,0,0,0,143,0.033333333,0,0,0,0,0,0,0,0,0,0,2,3,0
45569,18,261579,2,17,6,8,0,3,0,3,0,5,0.066666667,0,0,0,0,0,0,0,0,0,0,8,6,0
45587,1,261579,1,1,1,0,0,0,0,0,0,5,0.033333333,0,0,0,0,0,0,0,0,0,0,1,1,0
45597,2,502584,1,2,2,0,0,0,0,0,0,143,0.033333333,0,0,0,0,0,0,0,0,0,0,2,2,0
45609,8,502584,1,8,3,3,0,1,0,2,1,143,0.033333333,0,0,0,0,0,0,0,0,0,0,5,8,0
45611,154,86829,2,1,1,0,0,0,0,0,0,63,0.033333333,0,0,0,0,0,0,0,0,0,0,1,1,0
45612,94,399092,3,87,4,15,20,12,0,29,6,101,0.066666667,0,0,0,0,0,0,0,0,0,0,13,24,0
45624,345,502584,14,16,6,7,0,3,0,4,0,143,0.066666667,0,0,0,0,0,0,0,0,0,0,5,6,0
45625,184,399092,3,4,1,2,0,1,0,1,0,101,0.033333333,0,0,0,0,0,0,0,0,0,0,3,4,0
45629,22,502584,1,22,3,5,0,4,0,9,4,143,0.033333333,0,0,0,0,0,0,0,0,0,0,9,22,0
45634,55,24979,3,38,9,21,0,5,0,14,3,25,0.133333333,0,15,0,0,0,0,0,0,0,0,18,14,0
45647,14,502584,1,14,6,5,0,0,2,4,0,143,0.033333333,0,0,0,0,0,0,0,0,0,0,9,14,0
45653,63,399092,1,63,32,7,0,5,13,5,4,101,0.333333333,0,0,0,0,0,0,12,0,0,0,15,7,22
45662,341,188602,2,258,18,63,67,45,3,75,26,96,0.133333333,0,0,0,0,0,0,0,0,0,0,71,102,0
45667,1,261579,1,1,1,0,0,0,0,0,0,5,0.033333333,0,0,0,0,0,0,0,0,0,0,1,1,0
45703,32,24979,1,32,4,19,0,6,0,7,3,25,0.1,0,0,0,0,0,0,0,0,0,0,7,6,13
45712,426,261579,8,86,10,31,0,25,0,20,20,5,0.2,0,0,0,0,0,0,0,0,0,0,39,23,0
45718,25,261579,1,25,5,7,0,5,0,5,4,5,0.066666667,0,0,0,0,0,0,0,0,0,0,9,15,10
45723,141,261579,1,141,16,49,12,29,12,35,20,5,0.166666667,0,0,0,0,0,0,0,0,0,0,55,56,59
45730,795,502584,4,203,8,24,42,17,20,63,14,143,0.1,0,1,0,0,0,0,0,0,0,0,29,197,0
45731,92,188602,2,4,2,2,0,0,0,1,0,96,0.066666667,0,0,0,0,0,0,0,0,0,0,4,1,3
45737,101,188602,1,101,6,14,34,11,5,27,11,96,0.1,0,0,0,0,0,0,0,0,0,0,30,1,6
45746,31,399092,1,31,20,3,0,3,1,3,2,101,0.033333333,0,0,0,0,0,0,0,0,0,0,9,31,0
45763,91,502584,1,91,12,9,0,4,20,40,4,143,0.033333333,0,0,0,0,0,0,0,0,0,0,12,91,0
45779,776,502584,3,1,1,0,0,0,0,0,0,143,0.033333333,0,0,0,0,0,0,0,0,0,0,1,1,0
45788,3,399092,1,3,3,0,0,0,0,0,0,101,0.033333333,0,0,0,0,0,0,0,0,0,0,2,3,0
45801,3,399092,1,3,3,0,0,0,0,0,0,101,0.033333333,0,0,0,0,0,0,0,0,0,0,2,3,0
45808,120,24979,3,84,21,21,0,15,16,11,8,25,0.033333333,0,0,0,0,0,0,0,0,0,0,17,84,0
45815,96,502584,2,78,7,13,0,8,1,34,7,143,0.1,0,0,0,0,0,0,0,0,0,0,15,22,0
45818,3,399092,1,3,3,0,0,0,0,0,0,101,0.033333333,0,0,0,0,0,0,0,0,0,0,2,3,0
45838,111,188602,1,111,19,28,27,15,2,24,10,96,0.066666667,0,0,0,18,0,0,0,0,0,0,32,93,0
45849,250,86829,6,2,2,0,0,0,0,0,0,63,0.033333333,0,0,0,0,0,0,0,0,0,0,1,2,0
45855,38,399092,2,9,9,0,0,0,0,0,0,101,0.133333333,0,0,0,0,2,0,3,0,0,0,1,3,2
45870,426,399092,8,1,1,0,0,0,0,0,0,101,0.033333333,0,0,0,0,0,0,0,0,0,0,1,1,0
45894,8,261579,1,8,3,2,0,1,0,1,1,5,0.033333333,0,0,0,0,0,0,0,0,0,0,6,8,0
45904,11,502584,1,11,5,3,0,0,0,3,0,143,0.066666667,0,0,0,0,0,0,0,0,0,0,6,10,0
45905,34,261579,1,34,1,7,0,6,15,6,5,5,0.033333333,0,0,0,0,0,0,0,0,0,0,11,34,0
45906,13,188602,3,1,1,0,0,0,0,0,0,96,0.033333333,0,0,0,0,0,0,0,0,0,0,1,1,0
45912,57,502584,2,29,1,9,2,5,0,15,4,143,0.033333333,0,0,0,0,0,0,0,0,0,0,10,29,0
45918,4,502584,1,4,1,3,0,0,0,2,0,143,0.033333333,0,0,0,0,0,0,0,0,0,0,3,4,0
45930,120,502584,2,117,11,12,45,7,7,24,5,143,0.1,0,0,0,0,0,0,0,0,0,0,23,70,15
45931,1,85168,1,1,1,0,0,0,0,0,0,139,0.033333333,0,0,0,0,0,0,0,0,0,0,1,1,0
45933,218,261579,1,218,12,95,7,57,7,73,36,5,0.266666667,0,13,55,0,0,0,0,0,0,0,56,72,0
45937,11,261579,1,11,3,3,0,1,1,4,1,5,0.033333333,0,0,0,0,0,0,0,0,0,0,7,11,0
45947,26,261579,3,3,3,0,0,0,0,0,0,5,0.033333333,0,0,0,0,0,0,0,0,0,0,2,3,0
45951,25,42723,2,3,3,0,0,0,0,0,0,6,0.033333333,0,0,0,0,0,0,0,0,0,0,1,3,0
45975,2,502584,1,2,2,0,0,0,0,0,0,143,0.033333333,0,0,0,0,0,0,0,0,0,0,2,2,0
45996,18,399092,2,1,1,0,0,0,0,0,0,101,0.033333333,0,0,0,0,0,0,0,0,0,0,1,1,0
46004,45,502584,1,45,8,8,4,5,11,7,3,143,0.033333333,0,0,0,0,0,0,0,0,0,0,13,45,0
46009,623,502584,5,17,5,7,0,4,1,2,0,143,0.1,0,0,0,0,1,0,0,0,0,0,5,12,0
46010,5,261579,1,5,1,2,0,1,0,1,1,5,0.033333333,0,0,0,0,0,0,0,0,0,0,4,5,0
46067,4,502584,1,4,4,0,0,0,0,0,0,143,0.033333333,0,0,0,0,0,0,0,0,0,0,2,4,0
46070,109,502584,1,109,6,15,13,13,23,31,7,143,0.033333333,0,0,0,0,0,0,0,0,0,0,16,109,0
46073,104,399092,3,26,7,10,0,6,1,5,1,101,0.066666667,0,0,0,0,0,0,0,0,0,0,8,6,0
46076,120,261579,3,34,7,11,0,8,4,6,4,5,0.033333333,0,0,0,0,0,0,0,0,0,0,12,34,0
46077,5,188602,2,1,1,0,0,0,0,0,0,96,0.033333333,0,0,0,0,0,0,0,0,0,0,1,1,0
46081,245,261579,1,245,24,77,13,62,13,56,49,5,0.233333333,0,0,0,0,0,0,46,0,0,0,77,109,102
46085,31,502584,1,31,6,5,0,1,0,12,1,143,0.033333333,0,0,0,0,0,0,0,0,0,0,9,31,0
46086,255,502584,4,1,1,0,0,0,0,0,0,143,0.033333333,0,0,0,0,0,0,0,0,0,0,1,1,0
46094,128,399092,1,128,19,26,10,17,1,48,5,101,0.066666667,0,0,0,0,0,0,0,0,0,0,19,5,0
46095,130,502584,1,130,7,9,34,6,3,52,5,143,0.033333333,0,0,0,0,0,0,0,0,0,0,21,130,0
46108,35,261579,2,17,2,8,0,4,0,5,3,5,0.033333333,0,0,0,0,0,0,0,0,0,0,7,17,0
46113,1,261579,1,1,1,0,0,0,0,0,0,5,0.033333333,0,0,0,0,0,0,0,0,0,0,1,1,0
46119,147,502584,1,147,13,25,37,14,5,42,10,143,0.1,0,0,0,0,0,0,0,0,0,0,28,132,15
46132,1,188602,1,1,1,0,0,0,0,0,0,96,0.033333333,0,0,0,0,0,0,0,0,0,0,1,1,0
46134,34,24979,2,2,2,0,0,0,0,0,0,25,0.033333333,0,0,0,0,0,0,0,0,0,0,1,2,0
46148,2,399092,1,2,2,0,0,0,0,0,0,101,0.033333333,0,0,0,0,0,0,0,0,0,0,1,2,0
46158,6,261579,1,6,2,2,0,1,0,1,1,5,0.033333333,0,0,0,0,0,0,0,0,0,0,5,6,0
46164,321,24979,5,1,1,0,0,0,0,0,0,25,0.033333333,0,0,0,0,0,0,0,0,0,0,1,1,0
46182,15,399092,2,12,8,2,0,1,0,1,0,101,0.1,0,0,0,0,0,0,0,0,0,0,6,7,5
46191,607,261579,5,30,2,14,0,6,0,14,6,5,0.066666667,0,0,0,0,0,0,0,0,0,0,15,12,18
46195,14,24979,1,14,8,4,0,1,0,1,1,25,0.033333333,0,0,0,0,0,0,0,0,0,0,6,14,0
46222,116,399092,2,2,2,0,0,0,0,0,0,101,0.066666667,0,0,1,0,0,0,0,0,0,0,1,1,0
46225,182,502584,6,12,8,2,0,1,0,1,1,143,0.033333333,0,0,0,0,0,0,0,0,0,0,6,12,0
46238,51,502584,1,51,12,9,7,6,1,11,4,143,0.133333333,0,0,0,0,0,0,0,0,0,0,15,3,0
46248,50,502584,1,50,4,9,0,7,1,22,6,143,0.033333333,0,0,0,0,0,0,0,0,0,0,13,50,0
46250,3,261579,1,3,3,0,0,0,0,0,0,5,0.033333333,0,0,0,0,0,0,0,0,0,0,3,3,0
46264,26,188602,2,1,1,0,0,0,0,0,0,96,0.033333333,0,0,0,0,0,0,0,0,0,0,1,1,0
46270,549,261579,16,159,21,56,0,43,10,39,27,5,0.3,0,0,0,0,0,0,0,0,0,0,51,43,10
46278,17,399092,1,17,13,2,0,0,1,1,0,101,0.066666667,0,0,0,0,0,0,0,0,0,0,6,14,0
46284,2,85168,2,1,1,0,0,0,0,0,0,139,0.033333333,0,0,0,0,0,0,0,0,0,0,1,1,0
46294,640,399092,2,437,52,43,136,30,31,118,11,101,0.266666667,0,0,0,8,0,0,1,0,0,0,59,1,117
46300,2070,399092,10,20,12,8,0,0,0,3,0,101,0.066666667,0,0,0,0,0,0,0,0,0,0,6,17,0
46304,24,85168,3,1,1,0,0,0,0,0,0,139,0.033333333,0,0,0,0,0,0,0,0,0,0,1,1,0
46312,225,399092,2,224,39,53,25,36,1,54,15,101,0.533333333,0,0,21,0,0,0,1,10,4,8,37,70,31
46327,13,502584,2,6,2,4,0,0,0,3,0,143,0.033333333,0,0,0,0,0,0,0,0,0,0,6,6,0
46335,34,502584,1,34,11,6,0,5,4,5,4,143,0.033333333,0,0,0,0,0,0,0,0,0,0,13,34,0
46340,2,502584,1,2,2,0,0,0,0,0,0,143,0.033333333,0,0,0,0,0,0,0,0,0,0,2,2,0
46345,1,502584,1,1,1,0,0,0,0,0,0,143,0.033333333,0,0,0,0,0,0,0,0,0,0,1,1,0
46346,302,399092,1,302,19,47,98,8,2,90,6,101,0.1,0,0,0,0,0,0,0,0,0,0,57,82,72
46348,5,502584,1,5,5,0,0,0,0,0,0,143,0.033333333,0,0,0,0,0,0,0,0,0,0,2,5,0
46372,11,399092,1,11,5,3,0,2,0,2,1,101,0.066666667,0,0,0,0,0,0,0,0,0,0,7,10,1
46375,293,261579,4,234,22,66,6,47,54,47,26,5,0.333333333,20,17,0,0,0,0,0,0,0,0,53,59,17
46391,17,399092,2,16,9,6,0,1,0,1,0,101,0.066666667,0,0,0,0,0,0,0,0,0,0,6,6,0
46397,45,399092,2,15,5,6,0,4,0,3,0,101,0.033333333,0,0,0,0,0,0,0,0,0,0,8,15,0
46413,1,86829,1,1,1,0,0,0,0,0,0,63,0.033333333,0,0,0,0,0,0,0,0,0,0,1,1,0
46414,40,85168,3,1,1,0,0,0,0,0,0,139,0.033333333,0,0,0,0,0,0,0,0,0,0,1,1,0
46417,48,42723,2,46,16,24,0,1,1,9,0,6,0.033333333,0,0,0,0,0,0,0,0,0,0,12,46,0
46421,62,261579,3,1,1,0,0,0,0,0,0,5,0.033333333,0,0,0,0,0,0,0,0,0,0,1,1,0
46431,39,24979,2,14,4,6,0,2,0,3,2,25,0.066666667,0,0,0,0,0,0,0,0,0,0,9,6,0
46453,510,502584,6,153,11,59,16,24,8,62,6,143,0.266666667,0,0,0,0,0,0,41,21,0,0,17,54,14
46456,244,188602,5,79,15,51,0,1,8,34,2,96,0.166666667,0,0,0,0,0,0,0,4,0,0,22,12,22
46463,2,502584,1,2,2,0,0,0,0,0,0,143,0.033333333,0,0,0,0,0,0,0,0,0,0,2,2,0
46482,11,74042,1,11,5,2,0,1,1,1,1,27,0.033333333,0,0,0,0,0,0,0,0,0,0,8,11,0
46483,26,74042,1,26,18,2,0,1,1,1,1,27,0.033333333,0,0,0,0,0,0,0,0,0,0,8,26,0
46492,409,74042,4,48,3,10,20,9,0,15,0,27,0.033333333,0,0,0,0,0,0,0,0,0,0,16,48,0
46498,3,74042,1,3,2,1,0,0,0,0,0,27,0.033333333,0,0,0,0,0,0,0,0,0,0,3,3,0
46503,19,74042,1,19,6,5,0,4,0,4,4,27,0.1,0,0,0,0,0,0,0,0,0,0,11,5,0
46517,167,74042,4,14,5,3,0,2,1,2,2,27,0.066666667,0,0,0,0,0,0,0,0,0,0,9,6,0
46529,13,74042,1,13,3,2,0,2,0,5,2,27,0.033333333,0,0,0,0,0,0,0,0,0,0,8,13,0
46533,29,74042,1,29,7,9,0,5,3,4,4,27,0.066666667,0,0,0,0,0,0,0,0,0,0,15,24,5
46541,19,74042,2,10,2,3,0,2,0,3,2,27,0.033333333,0,0,0,0,0,0,0,0,0,0,7,10,0
46550,32,74042,2,26,13,5,0,3,1,3,2,27,0.066666667,0,0,0,0,0,0,0,0,0,0,10,25,0
46555,8,74042,1,8,2,3,0,1,0,2,2,27,0.033333333,0,0,0,0,0,0,0,0,0,0,7,8,0
46557,106,74042,3,50,5,32,0,2,7,27,2,27,0.133333333,0,0,0,0,0,0,0,0,0,0,12,17,0
46560,115,74042,1,115,21,26,14,16,4,30,8,27,0.066666667,0,0,0,0,0,0,0,0,0,0,23,76,0
46568,33,74042,1,33,13,8,0,5,2,5,4,27,0.033333333,0,0,0,0,0,0,0,0,0,0,13,33,0
46574,678,74042,4,27,2,5,0,4,14,6,0,27,0.033333333,0,0,0,0,0,0,0,0,0,0,5,27,0
46577,541,74042,11,1,1,0,0,0,0,0,0,27,0.033333333,0,0,0,0,0,0,0,0,0,0,1,1,0
46588,320,74042,2,188,18,53,29,33,0,57,23,27,0.3,50,40,4,0,0,0,0,0,0,0,57,31,4
46610,516,208752,5,8,4,2,0,1,0,1,1,24,0.033333333,0,0,0,0,0,0,0,0,0,0,5,8,0
46613,378,156596,4,60,7,19,2,11,0,24,6,224,0.166666667,0,0,0,0,0,0,0,0,2,0,12,22,36
46627,374,208752,7,14,1,5,0,4,0,4,4,24,0.033333333,0,0,0,0,0,0,0,0,0,0,10,14,0
46635,16,907118,1,16,1,13,0,2,0,12,0,19,0.066666667,0,0,0,0,0,0,6,0,0,0,7,10,0
46645,648,156596,1,648,23,79,242,62,5,178,56,224,0.3,16,0,0,0,154,75,0,0,0,0,202,129,127
46652,103,148039,9,63,9,18,5,13,4,16,5,18,0.1,0,0,0,0,0,0,0,0,0,0,15,61,2
46656,123,652701,1,123,21,37,11,5,36,7,0,3,0.233333333,0,0,0,0,14,0,0,0,0,0,16,62,16
46660,111,652701,1,111,21,17,45,11,6,0,0,3,0.1,0,0,0,0,0,0,0,0,0,0,10,82,0
46687,207,38356,5,1,1,0,0,0,0,0,0,65,0.033333333,0,0,0,0,0,0,0,0,0,1,1,1,0
46688,207,148039,5,3,3,0,0,0,0,0,0,18,0.033333333,0,0,0,0,0,0,0,0,0,0,1,3,0
46699,12,652701,1,12,6,2,0,1,1,0,0,3,0.066666667,0,0,0,0,0,0,0,0,0,0,7,1,0
46702,605,148039,2,12,2,4,0,3,0,3,3,18,0.066666667,0,0,0,0,0,0,0,0,0,0,6,11,0
46705,448,652701,3,54,10,15,6,9,0,0,0,3,0.133333333,0,0,0,0,0,0,0,0,0,0,14,4,45
46711,936,221833,2,749,42,149,80,75,89,214,189,58,0.3,0,0,0,0,0,0,0,0,0,0,66,76,495
46723,70,652701,2,52,3,15,6,11,9,0,0,3,0.066666667,0,0,0,0,0,0,0,0,0,0,9,16,36
46724,21,652701,1,21,5,7,1,5,0,0,0,3,0.033333333,0,0,0,0,0,0,0,0,0,0,13,21,0
46725,44,221833,3,1,1,0,0,0,0,0,0,58,0.033333333,0,0,0,0,0,0,0,0,0,0,1,1,0
46726,138,652701,1,138,32,37,5,23,21,5,3,3,0.333333333,19,0,0,0,17,0,0,0,0,0,23,79,15
46735,205,652701,4,133,17,28,40,11,18,5,3,3,0.133333333,0,0,0,0,0,16,0,0,0,0,23,17,66
46754,110,652701,1,110,15,24,15,18,2,0,0,3,0.1,0,0,0,0,0,0,0,0,0,0,18,31,0
46757,27,652701,3,19,2,6,0,4,0,0,0,3,0.066666667,0,0,0,0,0,0,0,0,0,0,7,9,0
46778,349,652701,3,89,14,18,7,13,3,0,0,3,0.1,0,18,0,0,0,0,0,0,0,0,15,38,0
46780,110,652701,1,110,19,31,2,25,12,6,4,3,0.133333333,0,35,0,0,28,0,0,0,0,0,23,7,0
46783,32,652701,1,32,4,12,7,6,0,0,0,3,0.033333333,0,0,0,0,0,0,0,0,0,0,12,32,0
46784,21,652701,1,21,5,8,2,4,0,0,0,3,0.033333333,0,0,0,0,0,0,0,0,0,0,8,21,0
46785,147,652701,5,19,1,7,0,6,0,0,0,3,0.033333333,0,0,0,0,0,0,0,0,0,0,9,19,0
46786,43,652701,1,43,12,6,2,4,8,0,0,3,0.066666667,0,0,0,0,0,0,0,0,0,0,10,28,0
46800,4,41550,1,4,4,0,0,0,0,0,0,21,0.033333333,0,0,0,0,0,0,0,0,0,0,2,4,0
46806,1,652701,1,1,1,0,0,0,0,0,0,3,0.033333333,0,0,0,0,0,0,0,0,0,0,1,1,0
46814,163,148039,2,11,1,5,1,0,0,7,0,18,0.033333333,0,0,0,0,0,0,0,0,0,0,7,11,0
46821,20,652701,1,20,10,7,0,2,0,0,0,3,0.1,0,0,0,0,0,0,0,0,0,0,6,6,10
46841,15,148039,3,5,3,2,0,0,0,1,0,18,0.066666667,0,0,0,0,0,0,0,3,0,0,4,2,0
46868,51,652701,1,51,6,13,5,7,0,0,0,3,0.166666667,0,0,0,0,0,0,0,0,0,0,13,1,34
46883,159,652701,1,159,33,45,7,27,2,10,6,3,0.166666667,0,0,42,12,0,0,0,0,0,0,28,78,61
46886,964,652701,5,223,27,62,14,45,38,11,8,3,0.3,0,0,48,11,0,0,0,0,0,0,34,35,0
46921,350,652701,2,254,37,38,20,18,122,20,7,3,0.166666667,0,0,80,107,0,0,0,0,4,0,30,125,107
46945,10,652701,1,10,2,3,0,2,0,0,0,3,0.033333333,0,0,0,0,0,0,0,0,0,0,7,10,0
46946,492,148039,9,313,25,91,24,61,18,90,45,18,0.366666667,0,0,5,0,0,0,0,0,0,0,46,87,93
46949,272,156596,3,2,2,0,0,0,0,0,0,224,0.033333333,0,0,0,0,2,0,0,0,0,0,2,2,0
46951,6,652701,1,6,2,2,0,1,0,0,0,3,0.033333333,0,0,0,0,0,0,0,0,0,0,5,6,0
46968,12,221833,3,7,4,1,0,1,0,1,1,58,0.066666667,0,0,0,0,0,0,0,0,0,0,6,6,0
46974,67,652701,1,67,9,13,4,9,5,1,1,3,0.166666667,0,0,0,5,2,0,0,0,0,0,16,27,16
46975,20,652701,1,20,8,5,0,3,1,0,0,3,0.066666667,0,0,0,0,0,0,0,0,0,0,9,4,16
46984,161,652701,1,161,43,15,13,13,15,0,0,3,0.2,0,0,0,0,0,0,0,0,0,0,18,35,43
46990,937,652701,2,316,37,137,11,48,32,32,6,3,0.266666667,0,0,125,0,0,0,0,0,0,0,37,265,23
46993,130,652701,2,13,1,4,0,2,0,0,0,3,0.033333333,0,0,0,0,0,0,0,0,0,0,6,13,0
47028,15,652701,1,15,4,4,0,3,1,0,0,3,0.033333333,0,0,0,0,0,0,0,0,0,0,9,15,0
47029,86,652701,1,86,11,15,34,7,2,0,0,3,0.066666667,0,0,0,0,0,0,0,0,0,0,14,62,0
47041,35,652701,1,35,4,17,0,9,0,7,4,3,0.1,0,0,0,0,0,0,0,0,0,0,16,5,0
47049,61,652701,4,22,5,8,0,6,2,0,0,3,0.033333333,0,0,0,0,0,0,0,0,0,0,8,22,0
47065,990,652701,5,90,13,33,8,22,0,0,0,3,0.3,0,0,0,0,0,0,0,0,0,0,12,39,0
47067,35,156596,3,12,1,7,0,2,0,6,2,224,0.033333333,0,0,0,0,12,0,0,0,0,0,7,12,0
47081,143,652701,2,45,9,15,0,11,2,4,4,3,0.166666667,0,0,0,0,0,16,0,0,0,0,21,1,13
47095,97,652701,4,87,8,25,11,17,1,0,0,3,0.166666667,0,0,0,0,0,0,0,0,0,0,14,14,0
47097,15,221833,1,15,3,4,0,4,0,4,4,58,0.033333333,0,0,0,0,0,0,0,0,0,0,12,15,0
47099,188,148039,3,2,2,0,0,0,0,0,0,18,0.066666667,0,0,0,0,0,0,0,0,0,0,1,1,1
47106,41,652701,1,41,11,21,3,2,2,0,0,3,0.033333333,0,0,0,0,0,0,0,0,0,0,12,41,0
47109,2,148039,1,2,2,0,0,0,0,0,0,18,0.033333333,0,0,0,0,0,0,0,0,0,0,2,2,0
47114,38,652701,2,33,6,21,0,3,2,1,0,3,0.1,0,0,0,0,0,0,0,0,0,0,7,6,0
47142,351,652701,1,351,69,80,28,52,34,11,2,3,0.366666667,0,0,54,0,0,0,0,0,0,0,26,86,46
47152,42,652701,3,17,2,5,0,3,3,0,0,3,0.066666667,0,0,0,0,0,0,0,0,0,0,6,17,0
47163,118,652701,2,19,2,6,0,5,0,0,0,3,0.066666667,0,0,0,0,0,0,0,0,0,0,9,9,0
47166,6,652701,1,6,4,0,0,0,1,0,0,3,0.033333333,0,0,0,0,0,0,0,0,0,0,5,6,0
47172,116,41550,6,22,7,9,0,4,1,6,0,21,0.066666667,0,0,0,0,0,0,0,0,0,0,9,12,0
47198,675,652701,2,131,42,38,3,21,1,0,0,3,0.3,0,0,0,0,0,0,0,0,0,0,17,64,19
47217,69,652701,1,69,4,9,5,8,4,0,0,3,0.033333333,0,0,0,0,0,0,0,0,0,0,15,69,0
47220,42,652701,3,1,1,0,0,0,0,0,0,3,0.033333333,0,0,0,0,0,0,0,0,0,0,1,1,0
47226,518,156596,1,518,43,61,158,45,34,123,38,224,0.3,0,0,18,0,0,105,0,0,59,0,161,253,18
47244,7,652701,2,2,2,0,0,0,0,0,0,3,0.066666667,0,0,0,0,0,0,0,0,0,0,1,1,1
47250,78,652701,1,78,14,27,6,15,2,11,4,3,0.133333333,0,0,0,0,0,0,0,0,0,0,24,2,0
47254,45,652701,1,45,12,15,3,9,0,1,0,3,0.1,0,0,3,0,0,0,0,0,0,0,16,33,0
47270,357,156596,1,357,43,73,71,40,8,108,37,224,0.233333333,41,0,26,0,0,41,0,33,119,0,95,83,40
47274,26,652701,1,26,3,4,4,2,0,0,0,3,0.033333333,0,0,0,0,0,0,0,0,0,0,11,26,0
47276,28,652701,1,28,9,8,2,6,0,0,0,3,0.033333333,0,0,0,0,0,0,0,0,0,0,14,28,0
47284,179,652701,1,179,21,49,22,32,18,13,4,3,0.166666667,0,0,22,19,0,0,0,0,0,0,25,153,19
47294,68,652701,1,68,10,20,3,13,0,0,0,3,0.166666667,0,7,0,0,0,0,0,0,0,0,15,21,7
47300,116,652701,1,116,21,32,6,2,19,0,0,3,0.066666667,0,0,0,0,0,0,0,0,0,0,15,100,16
47312,8,652701,1,8,4,2,0,1,0,0,0,3,0.033333333,0,0,0,0,0,0,0,0,0,0,5,8,0
47318,78,652701,1,78,32,12,6,11,6,7,3,3,0.166666667,0,0,0,0,28,0,0,0,0,0,17,2,23
47322,17,652701,2,11,5,2,0,1,1,0,0,3,0.033333333,0,0,0,0,0,0,0,0,0,0,8,11,0
47335,49,652701,1,49,13,5,0,3,26,0,0,3,0.133333333,0,0,0,0,0,0,0,0,0,0,9,23,9
47354,255,652701,8,29,4,10,4,8,0,0,0,3,0.066666667,0,0,0,0,0,0,0,0,0,0,8,12,0
47359,23,41550,3,1,1,0,0,0,0,0,0,21,0.033333333,0,0,0,0,0,0,0,0,0,0,1,1,0
47367,3789,652701,11,139,17,45,8,28,1,22,10,3,0.3,0,0,0,0,23,0,39,0,0,0,32,6,43
47372,19,652701,3,1,1,0,0,0,0,0,0,3,0.033333333,0,0,0,0,0,0,0,0,0,0,1,1,0
47380,33,652701,2,32,9,11,0,5,1,0,0,3,0.133333333,0,0,0,0,0,0,0,0,0,0,10,7,0
47402,100,652701,1,100,18,25,16,17,5,0,0,3,0.166666667,0,0,0,0,0,0,0,0,0,0,16,49,27
47405,251,652701,2,84,6,16,35,7,0,0,0,3,0.166666667,0,0,0,0,0,0,0,0,0,0,12,6,63
47411,16,221833,1,16,3,6,0,5,0,5,2,58,0.066666667,0,0,0,0,0,0,0,0,0,0,10,15,1
47420,3610,156596,11,441,51,97,63,62,3,150,45,224,0.433333333,2,3,0,50,7,12,73,0,44,0,74,77,9
47429,86,652701,2,69,14,11,0,6,23,0,0,3,0.066666667,0,0,0,0,0,0,0,0,0,0,12,55,0
47432,54,652701,3,34,9,14,2,0,8,0,0,3,0.066666667,0,0,0,0,0,0,0,0,0,0,11,34,0
47435,52,652701,1,52,5,7,19,2,11,0,0,3,0.066666667,0,0,0,0,0,0,0,0,0,0,10,46,0
47441,478,148039,2,106,7,14,11,12,40,20,5,18,0.1,0,0,0,0,0,0,0,0,0,0,16,104,0
47459,754,156596,4,1,1,0,0,0,0,0,0,224,0.033333333,0,0,0,0,0,1,0,0,0,0,1,1,0
47460,30,652701,3,1,1,0,0,0,0,0,0,3,0.033333333,0,0,0,0,0,0,0,0,0,0,1,1,0
47473,50,221833,1,50,5,11,18,5,4,10,0,58,0.066666667,0,0,0,0,0,0,0,0,0,0,13,36,14
47476,13,221833,1,13,11,0,0,0,2,0,0,58,0.133333333,0,0,0,0,0,0,0,0,0,0,6,3,0
47477,110,652701,2,106,17,31,10,21,5,7,1,3,0.3,0,0,0,28,0,0,0,0,0,0,24,47,33
47494,80,652701,4,67,20,19,0,12,7,0,0,3,0.2,0,0,0,0,0,0,0,0,0,0,12,23,4
47497,131,652701,3,50,7,4,21,4,0,0,0,3,0.033333333,0,0,0,0,0,0,0,0,0,0,14,50,0
47503,17,148039,2,11,2,3,0,2,0,3,2,18,0.033333333,0,0,0,0,0,0,0,0,0,0,7,11,0
47518,103,652701,1,103,7,17,31,16,0,0,0,3,0.066666667,0,0,0,0,0,0,0,0,0,0,16,14,0
47519,176,652701,3,15,2,6,0,4,0,0,0,3,0.066666667,0,0,0,0,0,0,0,0,0,0,5,8,0
47520,43,652701,1,43,7,17,0,8,2,0,0,3,0.133333333,0,0,0,0,0,0,0,0,0,0,9,27,0
47522,1,652701,1,1,1,0,0,0,0,0,0,3,0.033333333,0,0,0,0,0,0,0,0,0,0,1,1,0
47531,134,148039,2,46,4,8,5,6,2,15,4,18,0.033333333,0,0,0,0,0,0,0,0,0,0,12,46,0
47532,1,652701,1,1,1,0,0,0,0,0,0,3,0.033333333,0,0,0,0,0,0,0,0,0,0,1,1,0
47536,252,156596,6,55,7,12,0,7,0,25,13,224,0.1,0,0,0,0,0,1,0,0,0,0,17,44,0
47537,59,652701,4,43,5,10,0,8,7,0,0,3,0.033333333,0,0,0,0,0,0,0,0,0,0,10,43,0
47541,6,148039,1,6,2,2,0,1,0,1,1,18,0.033333333,0,0,0,0,0,0,0,0,0,0,5,6,0
47547,80,652701,1,80,16,27,5,10,7,0,0,3,0.333333333,0,0,0,0,0,0,0,0,0,0,12,5,42
47566,1,38356,1,1,1,0,0,0,0,0,0,65,0.033333333,0,0,0,0,0,0,0,0,0,1,1,1,0
47577,23,652701,1,23,10,12,0,1,0,0,0,3,0.1,0,0,0,0,0,0,0,0,0,0,9,7,12
47584,20,156596,1,20,10,3,0,2,1,3,2,224,0.033333333,0,0,0,0,0,20,0,0,0,0,12,20,0
47603,26,652701,1,26,8,2,0,1,14,0,0,3,0.033333333,0,0,0,0,0,0,0,0,0,0,6,26,0
47605,23,221833,1,23,2,9,0,8,0,8,4,58,0.033333333,0,0,0,0,0,0,0,0,0,0,9,23,0
47621,437,195289,4,171,5,28,58,17,6,58,16,105,0.066666667,0,0,0,0,0,0,144,27,0,0,37,144,27
47626,49,652701,1,49,4,6,26,4,2,0,0,3,0.066666667,0,0,0,0,0,0,0,0,0,0,7,41,8
47646,248,652701,2,25,5,7,5,4,0,1,1,3,0.1,0,0,7,0,0,0,0,0,0,0,10,21,4
47647,621,652701,3,55,12,13,9,8,3,0,0,3,0.1,0,0,0,0,0,0,0,0,0,0,10,23,31
47663,1910,148039,8,41,3,13,4,10,0,11,6,18,0.1,0,0,0,0,0,0,0,0,0,0,12,20,0
47664,1,195289,1,1,1,0,0,0,0,0,0,105,0.033333333,0,0,0,0,0,0,1,0,0,0,1,1,0
47672,9,652701,2,6,2,2,0,1,0,0,0,3,0.033333333,0,0,0,0,0,0,0,0,0,0,5,6,0
47682,286,21216,6,21,3,9,0,3,0,8,4,19,0.066666667,0,0,0,0,0,0,0,0,0,0,8,7,0
47685,42,148500,1,42,5,14,4,4,0,20,5,29,0.066666667,0,0,21,0,0,0,21,0,0,0,18,21,0
47692,298,148500,1,298,26,86,57,7,3,134,30,29,0.166666667,0,0,0,0,55,14,115,103,11,0,72,55,14
47700,12,21216,1,12,3,6,0,1,1,5,1,19,0.033333333,0,0,0,0,0,0,0,0,0,0,8,12,0
47703,14,148500,2,1,1,0,0,0,0,0,0,29,0.033333333,0,0,0,0,0,0,1,0,0,0,1,1,0
47704,14,21216,1,14,7,5,0,1,0,2,1,19,0.033333333,0,0,0,0,0,0,0,0,0,0,8,14,0
47729,104,148500,1,104,8,38,8,16,4,40,13,29,0.066666667,0,0,0,0,22,0,82,0,0,0,28,22,0
47745,9,74042,1,9,2,3,0,2,0,2,2,27,0.033333333,0,0,0,0,0,0,0,0,0,0,7,9,0
47751,13,74042,3,11,4,2,0,1,1,1,1,27,0.033333333,0,0,0,0,0,0,0,0,0,0,7,11,0
47755,9,74042,1,9,3,2,0,2,0,2,2,27,0.033333333,0,0,0,0,0,0,0,0,0,0,8,9,0
47759,83,74042,1,83,11,17,9,13,5,18,8,27,0.066666667,0,0,0,0,0,0,0,0,0,0,16,64,19
47767,8,74042,1,8,1,3,0,2,0,2,2,27,0.033333333,0,0,0,0,0,0,0,0,0,0,6,8,0
47773,6,74042,1,6,2,2,0,1,0,1,1,27,0.033333333,0,0,0,0,0,0,0,0,0,0,5,6,0
47782,15,74042,1,15,2,6,0,4,0,3,3,27,0.066666667,0,0,0,0,0,0,0,0,10,0,7,5,10
47784,147,74042,2,16,5,3,0,2,1,4,2,27,0.033333333,0,0,0,0,0,0,0,0,0,0,7,16,0
47785,37,74042,3,6,2,2,0,1,0,1,1,27,0.033333333,0,0,0,0,0,0,0,0,0,0,5,6,0
47786,7,74042,2,4,4,0,0,0,0,0,0,27,0.033333333,0,0,0,0,0,0,0,0,0,0,1,4,0
47788,22,74042,2,16,7,4,0,3,0,2,2,27,0.066666667,0,0,0,0,0,0,0,0,0,0,9,10,0
47804,10,74042,1,10,3,3,0,2,0,2,2,27,0.066666667,0,0,0,0,0,0,0,0,0,0,7,1,0
47813,235,74042,5,161,25,72,10,21,6,46,13,27,0.433333333,7,5,0,0,0,0,0,0,13,0,51,90,27
47825,1,74042,1,1,1,0,0,0,0,0,0,27,0.033333333,0,0,0,0,0,0,0,0,0,0,1,1,0
47834,41,74042,5,12,3,2,0,2,0,4,2,27,0.033333333,0,0,0,0,0,0,0,0,0,0,7,12,0
47836,599,74042,7,158,15,50,9,32,9,60,18,27,0.1,0,0,0,0,0,0,0,0,0,0,28,47,111
47841,9,74042,1,9,2,3,0,2,0,2,2,27,0.033333333,0,0,0,0,0,0,0,0,0,0,7,9,0
47847,1145,74042,4,1,1,0,0,0,0,0,0,27,0.033333333,0,0,0,0,0,0,0,0,0,0,1,1,0
47859,1,74042,1,1,1,0,0,0,0,0,0,27,0.033333333,0,0,0,0,0,0,0,0,0,0,1,1,0
47860,199,74042,2,26,2,9,0,6,1,8,5,27,0.066666667,0,0,0,0,0,0,0,0,0,0,7,23,3
47886,5,21216,1,5,1,2,0,1,0,1,1,19,0.033333333,0,0,0,0,0,0,0,0,0,0,4,5,0
47888,10,21216,1,10,6,2,0,1,0,1,1,19,0.066666667,0,0,0,0,9,0,0,0,0,0,5,1,0
47896,133,260769,1,133,19,43,5,29,3,37,21,0,0.1,65,0,0,0,0,0,0,0,0,0,33,63,0
47899,157,86829,1,157,11,46,40,22,5,47,8,63,0.1,0,0,0,0,0,0,0,0,0,0,33,56,0
47902,928,457932,4,196,39,46,34,41,0,41,34,21,0.3,0,42,0,0,3,77,0,0,2,0,78,19,11
47905,655,399092,4,509,87,75,99,12,13,159,10,101,0.233333333,0,0,0,0,99,0,35,187,143,0,54,2,99
47907,2,878119,1,2,2,0,0,0,0,0,0,20,0.033333333,0,0,0,0,0,0,0,0,0,0,2,2,0
47913,12,878119,1,12,2,7,0,1,0,6,0,20,0.066666667,0,0,0,0,0,0,0,0,0,0,8,1,0
47918,85,457932,2,78,7,27,12,18,0,18,12,21,0.166666667,0,37,0,0,0,0,0,11,9,0,22,6,11
47921,932,188602,7,550,41,159,146,73,68,142,21,96,0.366666667,0,0,141,64,1,10,6,98,9,0,114,73,1
47933,301,399092,1,301,13,48,76,31,10,103,15,101,0.3,0,0,0,0,4,0,0,11,1,0,58,101,4
47934,466,188602,2,324,36,36,180,14,2,57,9,96,0.166666667,54,113,14,0,0,0,0,0,45,0,65,54,113
47940,110,110497,3,21,9,4,1,1,0,7,0,24,0.1,0,0,0,0,0,0,0,0,0,0,9,9,0
47953,1866,21560,13,85,7,39,0,15,0,41,12,9,0.166666667,0,0,0,0,0,0,0,0,29,0,27,47,11
47954,132,334927,2,112,20,33,7,19,5,24,23,7,0.1,0,0,0,0,0,0,0,0,0,0,26,104,0
47955,435,85576,8,104,6,30,0,15,0,24,52,54,0.166666667,0,0,0,0,5,0,0,0,0,0,27,52,24
47956,132,878119,2,20,7,8,0,5,0,3,0,20,0.066666667,0,0,0,0,0,0,0,0,0,0,8,19,0
47958,669,247683,4,207,18,75,30,60,0,45,24,23,0.333333333,0,0,4,0,0,44,0,0,0,4,69,5,44
47961,575,46603,4,227,9,64,8,56,47,53,40,5,0.266666667,15,0,0,0,0,0,0,0,0,0,42,85,37
47970,25,878119,2,7,3,2,0,1,1,1,0,20,0.033333333,0,0,0,0,0,0,0,0,0,0,4,7,0
47979,6,878119,2,5,2,2,0,1,0,1,0,20,0.033333333,0,0,0,0,0,0,0,0,0,0,4,5,0
47987,6,334927,2,1,1,0,0,0,0,0,0,7,0.033333333,0,0,0,0,0,0,0,0,0,0,1,1,0
47993,18,260769,1,18,4,4,0,4,1,4,4,0,0.066666667,7,11,0,0,0,0,0,0,0,0,13,7,11
47995,265,86829,1,265,23,84,96,6,16,85,3,63,0.2,0,0,0,0,0,0,21,0,0,0,58,68,41
48024,4,46603,3,1,1,0,0,0,0,0,0,5,0.033333333,1,0,0,0,0,0,0,0,0,0,1,1,0
48026,189,878119,2,188,27,67,11,50,4,40,19,20,0.3,0,0,0,0,0,0,0,0,0,0,39,88,19
48034,40,260769,1,40,6,18,0,3,0,24,0,0,0.1,0,6,0,0,15,0,0,0,0,0,9,6,0
48050,111,878119,2,30,10,14,3,2,0,9,0,20,0.066666667,0,0,0,0,0,0,0,0,0,0,14,17,13
48052,1209,250865,5,275,11,41,84,30,2,89,10,34,0.166666667,0,11,0,0,0,0,0,0,0,0,34,11,0
48053,488,334927,3,94,7,31,8,22,11,22,13,7,0.266666667,0,0,0,0,0,0,0,0,0,0,26,16,1
48056,34,502584,2,20,4,9,0,4,0,6,3,143,0.066666667,0,0,0,12,0,0,0,0,8,0,6,12,0
48061,160,346877,2,113,3,54,18,16,0,57,10,9,0.133333333,0,0,39,14,0,0,0,0,0,0,34,32,28
48070,273,878119,4,188,15,64,19,51,0,53,28,20,0.2,76,0,0,0,0,0,0,0,0,0,59,49,0
48088,101,85576,4,35,8,13,0,10,0,8,3,54,0.133333333,0,0,0,6,0,0,0,0,0,0,13,17,7
48089,152,346877,2,91,6,24,9,19,12,25,14,9,0.166666667,0,0,0,6,1,0,0,27,0,0,35,79,5
48091,756,21560,7,21,3,7,0,4,0,5,2,9,0.033333333,0,0,0,0,0,0,0,0,0,0,8,21,0
48126,493,878119,1,493,51,201,60,68,14,175,45,20,0.533333333,58,10,30,2,28,0,0,0,37,0,78,134,81
48138,853,346877,3,515,81,146,40,54,137,84,25,9,0.6,0,10,10,0,8,8,0,35,1,0,43,227,84
48141,27,334927,4,16,8,2,0,1,4,1,1,7,0.033333333,0,0,0,0,0,0,0,0,0,0,6,16,0
48143,54,878119,1,54,11,21,5,1,9,14,0,20,0.066666667,0,0,0,0,0,0,0,0,0,0,17,50,4
48151,188,399092,1,188,6,14,75,12,10,82,0,101,0.066666667,0,0,0,0,0,0,20,168,0,0,42,20,168
48161,41,188602,2,40,5,20,0,9,0,17,6,96,0.033333333,0,0,0,0,0,0,0,0,0,0,15,40,0
48170,96,878119,2,95,16,33,3,21,11,22,5,20,0.033333333,0,0,0,0,0,0,0,0,0,0,23,95,0
48171,114,188602,4,7,5,2,0,0,0,1,0,96,0.066666667,0,0,0,0,0,0,0,0,0,0,4,6,0
48210,13,250865,1,13,4,5,0,2,0,2,2,34,0.033333333,0,13,0,0,0,0,0,0,0,0,6,13,0
48212,11,334927,1,11,5,2,0,1,1,1,1,7,0.033333333,0,0,0,0,0,0,0,0,0,0,8,11,0
48218,1085,127749,14,76,23,28,0,17,2,9,4,102,0.333333333,6,7,0,0,0,0,0,0,0,4,16,13,10
48237,32,878119,2,1,1,0,0,0,0,0,0,20,0.033333333,0,0,0,0,0,0,0,0,0,0,1,1,0
48242,127,502584,4,2,2,0,0,0,0,0,0,143,0.033333333,0,0,0,0,0,0,0,0,2,0,2,2,0
48276,1,346877,1,1,1,0,0,0,0,0,0,9,0.033333333,0,0,0,0,0,0,0,0,0,0,1,1,0
48304,621,346877,6,103,16,40,25,0,6,43,0,9,0.2,0,0,0,0,0,0,0,0,0,23,42,58,23
48338,10,502584,2,2,2,0,0,0,0,0,0,143,0.066666667,0,0,0,0,0,0,0,0,1,0,2,2,0
48342,65,110497,1,65,8,39,0,7,0,25,5,24,0.1,0,0,5,0,0,0,0,0,26,0,20,60,5
48343,705,85576,3,485,43,44,216,37,56,75,26,54,0.266666667,43,0,0,0,26,0,0,0,0,0,56,123,0
48351,340,457932,1,340,32,120,41,74,14,96,52,21,0.133333333,0,152,0,73,0,0,0,0,0,50,101,152,65
48352,313,334927,3,26,15,2,0,1,8,2,0,7,0.266666667,0,0,0,0,1,0,0,0,0,0,5,16,0
48361,6,250865,1,6,4,0,0,0,1,0,0,34,0.033333333,0,6,0,0,0,0,0,0,0,0,4,6,0
48364,878,85168,1,878,74,135,320,82,123,104,44,139,0.533333333,0,0,10,8,0,137,8,1,0,0,158,87,70
48390,14,110497,4,1,1,0,0,0,0,0,0,24,0.033333333,0,0,0,0,0,0,0,0,0,0,1,1,0
48398,1,878119,1,1,1,0,0,0,0,0,0,20,0.033333333,0,0,0,0,0,0,0,0,0,0,1,1,0
48402,95,85168,4,1,1,0,0,0,0,0,0,139,0.033333333,0,0,0,0,0,0,0,0,0,0,1,1,0
48403,11,399092,2,10,3,3,2,2,0,2,0,101,0.066666667,0,0,0,0,0,0,0,8,0,0,6,2,0
48408,17,250865,1,17,6,5,0,3,1,2,1,34,0.033333333,0,17,0,0,0,0,0,0,0,0,8,17,0
48419,44,399092,1,44,11,15,0,9,3,9,5,101,0.1,0,0,0,0,0,0,0,16,0,0,18,9,0
48424,11,878119,2,2,2,0,0,0,0,0,0,20,0.033333333,0,0,0,0,0,0,0,0,0,0,2,2,0
48430,18,878119,1,18,5,6,0,5,0,5,2,20,0.033333333,0,0,0,0,0,0,0,0,0,0,9,18,0
48432,229,260769,4,1,1,0,0,0,0,0,0,0,0.033333333,0,1,0,0,0,0,0,0,0,0,1,1,0
48448,389,399092,3,7,2,3,0,2,0,2,0,101,0.033333333,0,0,0,0,0,0,0,7,0,0,5,7,0
48458,389,457932,3,13,2,6,0,3,0,5,2,21,0.033333333,0,0,0,0,0,0,0,0,0,0,8,13,0
48461,93,457932,1,93,7,31,17,19,2,26,13,21,0.066666667,0,0,0,0,0,0,0,0,0,0,31,77,16
48466,145,346877,2,64,14,32,1,3,4,23,2,9,0.2,14,0,7,6,0,0,0,0,0,0,14,23,14
48468,1379,21560,9,1,1,0,0,0,0,0,0,9,0.033333333,0,0,0,0,0,0,0,0,0,0,1,1,0
48477,938,260769,6,364,23,110,58,83,13,94,54,0,0.2,0,19,0,0,12,0,0,0,0,0,89,329,0
48488,204,250865,2,130,8,26,47,12,2,49,1,34,0.1,0,67,0,0,0,0,0,0,0,0,18,1,0
48501,2,43183,1,2,2,0,0,0,0,0,0,24,0.066666667,0,0,0,0,0,0,0,0,0,0,2,1,1
48510,248,878119,2,235,31,98,55,3,22,87,1,20,0.2,0,0,105,0,0,0,0,0,0,0,60,13,0
48513,268,334927,3,128,22,40,4,28,15,22,16,7,0.1,0,0,0,0,0,0,0,0,0,0,33,88,13
48518,24,878119,1,24,5,12,0,5,0,6,2,20,0.033333333,0,0,0,0,0,0,0,0,0,0,9,24,0
48531,271,43183,5,10,4,6,0,0,0,3,0,24,0.033333333,0,0,0,0,0,0,0,0,0,0,6,10,0
48537,189,188602,1,189,9,55,68,30,1,55,1,96,0.233333333,0,0,2,0,0,0,0,0,16,0,46,110,6
48540,1,457932,1,1,1,0,0,0,0,0,0,21,0.033333333,0,0,0,0,0,0,0,0,0,0,1,1,0
48549,156,878119,2,88,5,31,8,26,0,28,12,20,0.166666667,0,0,0,0,0,0,0,0,0,0,34,17,0
48551,2022,27035,9,212,11,60,25,50,10,85,0,60,0.166666667,0,50,0,0,0,0,0,0,0,0,43,35,0
48559,762,250865,5,1,1,0,0,0,0,0,0,34,0.033333333,0,1,0,0,0,0,0,0,0,0,1,1,0
48561,98,878119,1,98,15,38,3,27,0,22,11,20,0.2,0,0,0,0,0,0,0,0,0,0,31,46,15
48580,95,86829,1,95,6,28,27,14,0,26,9,63,0.133333333,0,0,0,0,41,0,0,0,0,0,25,4,41
48581,610,346877,3,250,20,75,42,40,34,55,24,9,0.2,55,50,0,0,0,4,0,17,0,0,45,55,54
48584,67,502584,2,28,8,11,0,5,0,5,4,143,0.133333333,0,0,0,0,0,0,0,0,5,0,8,3,0
48591,89,878119,1,89,22,16,17,14,8,18,3,20,0.166666667,0,0,0,0,0,0,0,0,0,0,14,31,0
48594,1,34988,1,1,1,0,0,0,0,0,0,108,0.033333333,0,0,0,0,0,0,0,0,0,0,1,1,0
48598,1,878119,1,1,1,0,0,0,0,0,0,20,0.033333333,0,0,0,0,0,0,0,0,0,0,1,1,0
48599,593,399092,1,593,47,84,159,11,13,199,8,101,0.366666667,0,0,59,54,63,111,1,90,166,17,92,78,63
48610,561,188602,2,560,22,131,286,22,4,173,12,96,0.233333333,0,0,69,123,0,0,0,0,0,0,126,225,123
48621,46,878119,1,46,8,14,4,8,3,11,4,20,0.066666667,0,0,0,0,0,0,0,0,0,0,20,15,0
48627,117,346877,2,95,16,24,36,2,0,23,0,9,0.066666667,0,23,0,0,0,0,0,0,0,0,25,23,0
48634,14,188602,1,14,3,7,0,2,0,6,2,96,0.033333333,0,0,0,0,0,0,0,0,0,0,7,14,0
48642,2,878119,1,2,2,0,0,0,0,0,0,20,0.033333333,0,0,0,0,0,0,0,0,0,0,1,2,0
48647,327,346877,5,220,17,40,40,27,46,51,15,9,0.266666667,0,0,0,5,0,0,0,0,0,0,46,13,121
48671,93,878119,1,93,19,26,4,20,12,16,12,20,0.1,0,0,0,0,0,0,0,0,0,0,19,34,36
48674,361,878119,1,361,53,138,52,18,56,129,6,20,0.4,0,0,0,21,124,29,2,0,0,0,63,166,46
48680,2,346877,2,1,1,0,0,0,0,0,0,9,0.033333333,0,0,0,0,0,0,0,0,0,0,1,1,0
48705,16,878119,2,11,4,3,0,3,0,3,1,20,0.033333333,0,0,0,0,0,0,0,0,0,0,7,11,0
48706,19,110497,1,19,2,5,1,4,0,8,2,24,0.033333333,0,0,0,0,0,0,0,0,0,0,10,19,0
48712,592,457932,3,273,18,120,19,77,0,93,39,21,0.233333333,72,0,0,0,0,0,0,0,0,6,59,25,114
48718,125,346877,3,44,4,12,16,1,0,17,1,9,0.066666667,0,0,0,0,0,0,0,0,0,0,17,43,0
48720,2,334927,1,2,2,0,0,0,0,0,0,7,0.033333333,0,0,0,0,0,0,0,0,0,0,2,2,0
48725,18,878119,1,18,5,7,0,4,2,4,0,20,0.066666667,0,0,0,0,0,0,0,0,0,0,8,17,0
48731,26,878119,1,26,6,10,0,7,0,5,3,20,0.033333333,0,0,0,0,0,0,0,0,0,0,11,26,0
48732,93,502584,3,57,9,17,2,8,2,20,6,143,0.133333333,0,0,0,0,0,0,0,0,6,0,21,16,0
48734,508,399092,5,25,8,9,0,5,1,5,1,101,0.066666667,0,0,0,0,6,0,0,19,0,0,10,6,0
48736,1,250865,1,1,1,0,0,0,0,0,0,34,0.033333333,0,1,0,0,0,0,0,0,0,0,1,1,0
48737,16,878119,1,16,8,5,0,3,0,2,0,20,0.033333333,0,0,0,0,0,0,0,0,0,0,8,16,0
48739,10,346877,1,10,4,1,0,1,3,1,1,9,0.033333333,0,0,0,0,0,0,0,0,0,0,6,10,0
48747,164,250865,3,31,6,18,2,2,0,11,2,34,0.1,0,4,0,0,0,0,0,16,0,0,11,11,16
48750,41,457932,1,41,4,29,3,2,0,26,1,21,0.066666667,33,0,0,0,0,0,0,0,0,0,20,33,0
48752,164,46603,3,62,6,29,7,2,16,23,1,5,0.1,10,0,0,0,0,0,7,0,0,0,18,45,7
48760,12,399092,1,12,12,0,0,0,0,0,0,101,0.066666667,0,0,0,0,6,0,0,6,0,0,2,6,0
48773,107,457932,2,1,1,0,0,0,0,0,0,21,0.033333333,0,0,0,0,0,0,0,0,0,0,1,1,0
48783,261,502584,5,133,7,71,12,2,0,93,1,143,0.133333333,0,0,0,21,0,0,0,36,10,66,34,21,0
48803,408,346877,2,153,37,70,0,28,4,46,9,9,0.266666667,0,0,0,0,4,5,0,0,0,0,29,77,32
48804,2,346877,2,1,1,0,0,0,0,0,0,9,0.033333333,0,0,0,0,0,0,0,0,0,0,1,1,0
48852,510,188602,2,504,20,90,221,68,0,100,42,96,0.4,32,42,51,47,42,57,0,0,8,0,150,149,51
48854,99,878119,2,79,12,23,5,17,4,20,8,20,0.1,0,0,0,0,0,0,0,0,0,0,23,25,38
48856,102,878119,1,102,14,48,0,28,0,25,12,20,0.133333333,0,0,0,0,0,0,0,0,0,0,17,16,5
48881,78,127749,6,7,4,0,0,0,3,0,0,102,0.066666667,0,5,0,0,0,0,0,0,0,0,4,2,0
48901,2,250865,1,2,2,0,0,0,0,0,0,34,0.033333333,0,2,0,0,0,0,0,0,0,0,2,2,0
48903,435,127749,3,228,18,50,98,30,0,31,6,102,0.266666667,11,21,0,0,0,0,38,121,22,0,45,1,11
48922,30,878119,2,24,3,12,5,1,0,9,0,20,0.066666667,0,0,0,0,0,0,0,0,0,0,10,21,0
48926,54,457932,1,54,5,21,1,17,0,10,7,21,0.1,0,0,0,0,0,0,0,5,0,0,16,47,5
48928,435,85576,3,81,5,13,43,8,0,10,4,54,0.066666667,0,0,0,0,21,0,0,0,0,0,19,60,0
48930,7,457932,1,7,4,2,0,0,1,1,0,21,0.033333333,0,0,0,0,0,0,0,0,0,0,4,7,0
48942,211,878119,4,143,18,56,4,41,3,35,20,20,0.233333333,0,0,0,0,0,0,0,0,0,0,31,28,0
48963,90,247683,4,19,1,8,0,6,0,5,4,23,0.033333333,0,0,0,0,0,0,0,0,0,0,10,19,0
48973,193,247683,1,193,15,69,20,58,3,50,28,23,0.166666667,0,0,0,0,0,48,0,0,0,1,69,127,0
48979,25,247683,1,25,3,9,0,7,0,6,6,23,0.066666667,0,0,0,19,0,0,0,0,0,0,13,6,0
48985,2,457932,2,1,1,0,0,0,0,0,0,21,0.033333333,0,0,0,0,0,0,0,0,0,0,1,1,0
48991,156,346877,1,156,12,20,32,18,26,48,10,9,0.133333333,30,0,0,0,0,0,0,0,0,0,29,116,7
48994,89,878119,1,89,17,39,4,17,0,27,10,20,0.166666667,0,0,0,0,0,9,0,0,20,0,40,37,0
48995,97,247683,1,97,14,62,13,5,0,48,2,23,0.3,0,0,0,10,0,0,0,8,0,0,46,15,10
49007,80,878119,3,66,8,32,8,1,4,34,1,20,0.1,0,0,0,0,0,0,0,0,0,0,28,22,0
49016,48,334927,2,38,9,10,0,8,4,7,4,7,0.033333333,0,0,0,0,0,0,0,0,0,0,12,38,0
49021,48,878119,2,10,5,3,0,2,0,2,0,20,0.033333333,0,0,0,0,0,0,0,0,0,0,6,10,0
49032,79,878119,6,26,5,17,0,2,0,14,2,20,0.066666667,0,0,0,0,0,0,0,0,0,0,11,2,24
49048,90,878119,5,29,13,4,0,3,4,3,1,20,0.033333333,0,0,0,0,0,0,0,0,0,0,10,29,0
49060,99,878119,1,99,14,30,3,27,3,26,18,20,0.166666667,0,0,0,0,0,0,0,0,0,0,28,48,6
49070,646,334927,4,103,8,39,10,26,2,25,10,7,0.233333333,0,0,0,0,0,0,0,0,0,0,29,11,17
49073,15,334927,1,15,1,8,0,6,0,7,0,7,0.033333333,0,0,0,0,0,0,0,0,0,0,8,15,0
49078,1,250865,1,1,1,0,0,0,0,0,0,34,0.033333333,0,1,0,0,0,0,0,0,0,0,1,1,0
49097,87,334927,1,87,27,28,4,17,2,15,7,7,0.133333333,0,0,0,0,0,0,0,0,0,0,19,24,38
49104,457,346877,3,37,5,22,4,3,0,15,3,9,0.1,0,0,0,11,18,0,0,0,0,0,15,8,0
49122,141,878119,3,48,8,14,4,13,0,14,7,20,0.1,0,0,0,0,0,0,0,0,0,0,24,32,13
49138,5,334927,1,5,2,2,0,1,0,1,0,7,0.033333333,0,0,0,0,0,0,0,0,0,0,4,5,0
49158,62,188602,1,62,3,23,0,20,0,22,16,96,0.1,0,0,7,6,0,0,0,0,0,0,34,49,7
49166,2,250865,1,2,2,0,0,0,0,0,0,34,0.033333333,0,2,0,0,0,0,0,0,0,0,2,2,0
49177,4077,110497,14,357,29,67,37,53,100,81,17,24,0.3,66,17,37,0,0,114,0,0,0,0,58,58,57
49185,4,502584,1,4,2,2,0,0,0,1,0,143,0.033333333,0,0,0,0,0,0,0,0,4,0,4,4,0
49190,449,250865,4,94,12,20,19,14,2,27,4,34,0.1,0,65,26,0,0,0,0,0,0,0,19,3,0
49192,9,457932,1,9,5,2,0,0,0,3,0,21,0.033333333,0,0,0,0,0,0,0,0,0,0,5,9,0
49194,457,457932,3,20,2,5,5,4,0,4,3,21,0.033333333,0,0,0,0,0,0,0,0,0,0,11,20,0
49223,10,260769,2,8,2,5,0,0,0,3,0,0,0.033333333,0,8,0,0,0,0,0,0,0,0,6,8,0
49230,48,86829,5,1,1,0,0,0,0,0,0,63,0.033333333,0,0,0,0,0,0,0,0,0,0,1,1,0
49232,47,27035,2,38,13,15,0,5,0,4,4,60,0.133333333,12,22,0,0,0,0,0,0,0,0,13,12,22
49236,10,878119,1,10,5,2,0,1,1,1,0,20,0.033333333,0,0,0,0,0,0,0,0,0,0,6,10,0
49240,248,399092,1,248,20,29,45,25,6,82,16,101,0.2,0,0,0,2,0,0,0,93,0,0,47,1,53
49242,133,42723,4,62,8,29,0,12,0,21,11,6,0.133333333,0,0,0,0,0,0,0,0,0,0,17,18,0
49243,4,502584,2,1,1,0,0,0,0,0,0,143,0.033333333,0,0,0,0,0,0,0,0,1,0,1,1,0
49259,13,878119,1,13,3,4,0,3,0,5,2,20,0.066666667,0,0,0,0,0,0,0,0,0,0,8,12,1
49261,289,334927,1,289,40,71,15,41,82,28,21,7,0.3,0,0,33,0,0,0,10,0,0,33,53,37,158
49269,4324,21560,21,41,5,17,1,7,2,17,2,9,0.066666667,0,0,0,0,0,0,0,0,0,0,12,25,0
49270,331,457932,1,331,58,87,32,65,24,58,43,21,0.233333333,0,0,0,0,0,0,0,44,0,0,69,35,0
49281,21,878119,1,21,3,14,0,1,2,5,1,20,0.066666667,0,0,0,0,0,0,0,0,0,0,7,6,0
49290,610,878119,3,494,43,142,70,105,49,134,43,20,0.4,0,0,0,7,230,0,54,0,0,0,83,34,295
49307,303,457932,2,120,14,64,27,9,1,43,5,21,0.266666667,0,0,12,18,0,22,0,0,3,13,43,8,19
49333,107,399092,1,107,4,21,31,11,0,36,5,101,0.066666667,0,0,0,0,0,52,0,55,0,0,19,52,0
49351,1,127749,1,1,1,0,0,0,0,0,0,102,0.033333333,0,1,0,0,0,0,0,0,0,0,1,1,0
49354,211,878119,1,211,23,88,11,56,11,67,16,20,0.233333333,0,0,51,0,26,0,0,0,0,0,51,80,48
49355,279,399092,1,279,14,133,8,34,0,196,9,101,0.2,0,0,0,184,83,1,0,2,7,2,22,184,83
49361,173,140022,2,64,9,20,10,10,0,14,3,232,0.133333333,10,11,0,0,0,0,0,0,0,0,18,8,0
49366,11,42723,2,8,3,3,0,1,0,2,1,6,0.033333333,0,0,0,0,0,0,0,0,0,0,5,8,0
49372,26,878119,2,5,3,2,0,0,0,1,0,20,0.066666667,0,0,0,0,0,0,0,0,0,0,4,1,0
49385,199,247683,1,199,26,70,20,43,16,49,21,23,0.2,0,0,0,0,45,0,0,0,0,0,70,18,0
49390,213,334927,2,211,65,47,19,22,43,43,12,7,0.4,0,0,0,0,0,0,0,0,0,18,44,145,28
49394,4,188602,2,1,1,0,0,0,0,0,0,96,0.033333333,0,0,0,0,0,0,0,0,0,0,1,1,0
49420,129,247683,2,66,19,43,0,2,0,35,1,23,0.133333333,0,0,0,0,0,0,0,4,0,0,19,18,0
49421,28,247683,4,2,2,0,0,0,0,0,0,23,0.033333333,0,0,0,0,0,0,0,0,0,0,2,2,0
49436,145,42723,4,8,2,4,0,1,0,3,1,6,0.033333333,0,0,0,0,0,0,0,0,0,0,6,8,0
49442,7,346877,1,7,3,2,0,1,0,1,1,9,0.033333333,0,0,0,0,0,0,0,0,0,0,5,7,0
49492,222,346877,1,222,25,76,31,37,7,62,22,9,0.466666667,0,10,0,20,16,0,10,0,17,14,55,93,40
49502,90,346877,2,5,1,2,0,1,0,1,1,9,0.066666667,0,0,0,0,0,0,0,0,0,0,4,3,2
49506,214,346877,2,179,21,64,38,12,6,61,6,9,0.166666667,0,15,0,0,0,0,0,10,0,0,40,15,62
49507,2050,85576,11,35,6,10,5,6,0,5,2,54,0.1,0,0,0,0,0,0,0,0,0,0,13,8,0
49519,8,399092,2,1,1,0,0,0,0,0,0,101,0.033333333,0,0,0,0,0,0,0,1,0,0,1,1,0
49520,273,878119,5,36,2,10,2,9,0,17,5,20,0.033333333,0,0,0,0,0,0,0,0,0,0,17,36,0
49522,150,334927,2,124,27,32,6,1,36,17,0,7,0.166666667,0,0,0,0,0,0,0,0,0,0,20,58,15
49525,35,110497,1,35,5,13,0,10,0,8,6,24,0.066666667,0,0,0,0,0,0,0,0,0,0,18,35,0
49539,46,878119,1,46,17,16,0,9,0,8,2,20,0.1,0,0,0,0,0,0,0,0,0,0,15,23,19
49546,140,878119,1,140,17,44,20,35,5,38,9,20,0.166666667,15,0,0,0,0,0,56,0,0,0,38,37,43
49552,54,21560,2,2,2,0,0,0,0,0,0,9,0.033333333,0,0,0,0,0,0,0,0,0,0,1,2,0
49559,6,260769,1,6,2,2,0,1,0,1,1,0,0.066666667,0,5,0,0,0,0,0,0,0,0,4,1,0
49572,42,878119,5,4,1,2,0,1,0,1,0,20,0.033333333,0,0,0,0,0,0,0,0,0,0,3,4,0
49583,2,260769,1,2,2,0,0,0,0,0,0,0,0.033333333,0,2,0,0,0,0,0,0,0,0,2,2,0
49584,641,21560,3,18,4,5,0,3,0,4,2,9,0.1,4,0,0,1,0,0,0,0,0,0,8,13,0
49590,61,878119,4,8,6,0,0,0,1,0,0,20,0.033333333,0,0,0,0,0,0,0,0,0,0,7,8,0
49592,16,878119,2,1,1,0,0,0,0,0,0,20,0.033333333,0,0,0,0,0,0,0,0,0,0,1,1,0
49602,5,127749,1,5,1,2,0,1,0,1,1,102,0.033333333,0,5,0,0,0,0,0,0,0,0,4,5,0
49612,60,21560,4,13,1,3,0,2,0,5,2,9,0.033333333,0,0,0,0,0,0,0,0,0,0,6,13,0
49628,63,334927,2,41,11,11,0,8,3,9,8,7,0.1,0,0,0,0,0,0,0,0,0,0,14,25,13
49638,2,42723,2,1,1,0,0,0,0,0,0,6,0.033333333,0,0,0,0,0,0,0,0,0,0,1,1,0
49660,75,140022,3,15,5,7,0,2,0,6,1,232,0.1,0,6,0,0,0,0,0,0,0,0,8,9,0
49665,57,878119,1,57,8,32,5,3,0,24,3,20,0.2,0,0,0,0,0,0,24,0,0,0,30,7,20
49676,215,346877,2,189,24,40,38,30,21,39,16,9,0.2,0,50,0,0,0,0,0,43,0,0,46,21,0
49677,21,334927,1,21,7,9,0,2,1,6,1,7,0.066666667,0,0,0,0,0,0,0,0,0,0,10,15,0
49708,23,334927,1,23,4,9,0,6,0,9,3,7,0.1,0,0,0,0,0,0,0,0,0,0,6,2,0
49709,201,260769,3,128,7,54,42,6,6,44,4,0,0.2,0,37,0,0,37,0,0,0,0,0,61,47,37
49714,84,502584,2,50,15,15,0,2,1,16,1,143,0.033333333,0,0,0,0,0,0,0,0,50,0,14,50,0
49721,104,334927,2,66,10,21,6,17,0,14,10,7,0.133333333,0,0,0,0,0,0,0,0,0,0,23,16,12
49723,94,346877,1,94,10,28,17,18,0,29,7,9,0.1,0,0,0,0,0,61,0,22,0,0,23,11,0
49729,119,250865,5,29,5,7,8,5,0,4,3,34,0.033333333,0,29,0,0,0,0,0,0,0,0,10,29,0
49744,214,260769,2,35,4,17,0,7,0,16,7,0,0.1,0,33,0,0,1,0,0,0,0,0,14,33,1
49769,198,247683,7,20,4,10,0,4,0,5,2,23,0.066666667,0,0,0,0,0,0,0,0,0,0,8,6,0
49771,870,457932,5,325,30,107,36,76,13,62,39,21,0.566666667,42,15,38,2,13,0,0,0,3,0,76,74,56
49782,114,878119,2,22,3,9,0,6,0,5,3,20,0.066666667,0,0,0,0,0,0,0,0,0,0,8,15,7
49793,1603,878119,7,261,32,86,41,51,11,59,26,20,0.333333333,0,0,0,0,0,0,4,0,0,0,57,43,0
49795,23,334927,2,16,4,7,0,5,0,4,0,7,0.066666667,0,0,0,0,0,0,0,0,0,0,5,11,0
49796,3,346877,1,3,3,0,0,0,0,0,0,9,0.033333333,0,0,0,0,0,0,0,0,0,0,3,3,0
49797,6,85168,1,6,3,3,0,0,0,2,0,139,0.033333333,0,0,0,0,0,0,0,0,0,0,5,6,0
49798,15,334927,1,15,2,5,0,4,0,4,4,7,0.033333333,0,0,0,0,0,0,0,0,0,0,11,15,0
49819,52,127749,1,52,10,18,0,13,0,11,11,102,0.066666667,0,14,0,0,0,0,0,0,0,0,25,38,0
49821,117,457932,5,8,2,3,0,2,0,2,1,21,0.033333333,0,0,0,0,0,0,0,0,0,0,6,8,0
49824,180,334927,1,180,14,37,5,30,61,32,16,7,0.1,0,0,0,0,0,0,0,0,0,0,25,30,0
49830,140,878119,1,140,38,57,4,8,16,42,3,20,0.166666667,0,0,0,0,0,0,0,0,0,0,20,49,27
49831,117,42723,5,59,9,18,0,14,0,16,8,6,0.133333333,0,0,0,0,0,0,0,10,0,0,25,45,0
49833,478,457932,8,18,1,6,3,5,0,5,3,21,0.033333333,0,0,0,0,0,0,0,0,0,0,10,18,0
49846,301,457932,3,28,5,19,2,1,0,9,1,21,0.1,0,0,6,0,0,0,0,0,0,0,8,7,0
49847,202,457932,5,89,4,32,3,26,0,30,22,21,0.1,0,0,0,0,0,0,0,0,0,0,41,1,54
49875,224,346877,1,224,19,71,57,37,3,70,19,9,0.166666667,67,40,0,0,0,0,0,0,64,0,60,68,40
49887,313,334927,2,117,25,52,19,2,13,29,0,7,0.233333333,0,0,17,0,0,0,0,0,0,0,31,6,27
49899,1156,878119,6,47,7,22,3,14,0,9,1,20,0.166666667,0,0,0,0,0,0,0,0,0,0,13,11,6
49902,914,878119,3,281,37,105,23,71,0,72,40,20,0.3,33,0,23,0,35,0,5,54,0,0,53,83,0
49913,2,878119,1,2,2,0,0,0,0,0,0,20,0.033333333,0,0,0,0,0,0,0,0,0,0,2,2,0
49926,257,502584,3,114,11,24,33,3,11,26,3,143,0.1,0,0,0,0,0,0,0,0,100,0,14,2,12
49929,427,260769,1,427,26,100,56,77,6,170,54,0,0.3,78,20,20,13,13,0,0,0,0,0,69,25,91
49936,150,334927,1,150,42,46,20,5,19,33,3,7,0.2,0,0,0,0,0,0,5,0,32,0,32,39,0
49941,2615,86829,9,146,9,40,28,32,1,35,27,63,0.166666667,0,0,0,0,0,0,0,0,0,0,40,87,0
49942,421,260769,1,421,15,243,30,76,2,237,45,0,0.4,21,35,3,17,11,0,6,19,0,0,72,108,71
49944,709,250865,3,207,36,71,19,22,8,55,7,34,0.233333333,0,68,4,0,0,6,0,0,0,0,22,56,47
49953,207,334927,8,38,8,13,0,8,3,6,6,7,0.1,0,0,0,0,0,0,0,0,0,0,12,9,0
49986,484,346877,3,112,13,68,17,5,0,48,4,9,0.3,0,6,29,7,15,0,5,0,0,0,33,36,35
50000,32,878119,1,32,7,17,0,3,2,12,1,20,0.033333333,0,0,0,0,0,0,0,0,0,0,9,32,0
50014,6,346877,1,6,2,2,0,1,0,1,1,9,0.033333333,0,0,0,0,0,0,0,0,0,0,5,6,0
50020,19,260769,3,7,7,0,0,0,0,0,0,0,0.033333333,0,7,0,0,0,0,0,0,0,0,2,7,0
50022,10,247683,1,10,2,3,0,1,3,2,1,23,0.033333333,0,0,0,0,0,0,0,0,0,0,5,10,0
50024,577,457932,4,54,10,18,6,12,0,9,7,21,0.1,0,37,0,0,0,0,0,5,0,0,22,37,12
50027,534,346877,12,434,63,189,55,7,80,140,1,9,0.566666667,4,11,27,12,8,0,45,10,21,12,43,110,168
50031,174,250865,2,140,6,17,54,2,0,50,2,34,0.066666667,19,121,0,0,0,0,0,0,0,0,18,19,121
50056,91,247683,1,91,5,60,20,4,0,51,0,23,0.2,0,0,0,0,0,20,0,0,0,0,48,25,28
50060,7,878119,1,7,5,2,0,0,0,1,0,20,0.033333333,0,0,0,0,0,0,0,0,0,0,4,7,0
50075,173,260769,2,22,5,7,0,5,0,6,3,0,0.066666667,17,5,0,0,0,0,0,0,0,0,11,17,5
50093,511,334927,3,193,22,66,16,42,18,45,24,7,0.166666667,0,0,0,0,0,0,0,46,0,0,54,22,116
50094,519,502584,2,515,10,61,229,5,25,163,4,143,0.333333333,0,0,0,117,66,0,0,32,31,0,92,111,124
50097,3,110497,3,1,1,0,0,0,0,0,0,24,0.033333333,0,0,0,0,0,0,0,0,0,0,1,1,0
50101,450,457932,5,224,26,79,25,57,1,41,28,21,0.3,17,0,0,0,0,0,0,0,0,0,45,59,67
50109,57,334927,1,57,8,17,3,14,4,13,10,7,0.1,0,0,0,0,0,0,0,0,0,0,24,7,16
50120,33,334927,6,1,1,0,0,0,0,0,0,7,0.033333333,0,0,0,0,0,0,0,0,0,0,1,1,0
50134,208,334927,1,208,51,72,9,48,1,33,18,7,0.166666667,0,0,0,0,0,0,0,0,0,0,33,89,101
50183,8,878119,2,1,1,0,0,0,0,0,0,20,0.033333333,0,0,0,0,0,0,0,0,0,0,1,1,0
50212,23,334927,1,23,6,11,0,4,0,6,2,7,0.1,0,0,0,0,9,0,0,0,0,0,8,2,12
50216,358,140022,2,61,23,12,3,0,5,20,0,232,0.066666667,0,53,0,0,0,0,0,0,0,0,16,53,8
50228,1377,86829,4,1,1,0,0,0,0,0,0,63,0.033333333,0,0,0,0,0,0,0,0,0,0,1,1,0
50241,19,457932,3,16,2,6,2,4,0,5,2,21,0.033333333,0,0,0,0,0,0,0,0,0,0,9,16,0
50255,69,334927,1,69,7,27,21,9,1,18,1,7,0.166666667,0,0,0,0,15,13,0,0,0,0,16,21,15
50276,2,502584,1,2,2,0,0,0,0,0,0,143,0.033333333,0,0,0,0,0,0,0,0,2,0,2,2,0
50285,23,502584,1,23,11,8,0,1,0,5,1,143,0.166666667,12,0,0,0,0,0,0,0,1,5,10,4,12
50307,327,188602,1,327,14,64,87,48,13,88,34,96,0.333333333,32,0,12,0,0,0,0,0,0,0,64,11,70
50313,508,457932,5,65,2,34,4,18,0,31,7,21,0.066666667,0,0,0,0,0,55,0,0,0,0,25,10,0
50322,180,346877,3,63,13,18,19,4,0,13,5,9,0.133333333,0,8,9,0,0,0,0,0,0,0,18,8,0
50335,1,334927,1,1,1,0,0,0,0,0,0,7,0.033333333,0,0,0,0,0,0,0,0,0,0,1,1,0
50336,6,334927,1,6,3,1,0,1,0,1,1,7,0.033333333,0,0,0,0,0,0,0,0,0,0,6,6,0
50343,116,457932,2,14,7,3,0,0,0,1,0,21,0.033333333,0,0,0,0,0,0,0,0,0,0,4,14,0
50349,1104,247683,4,147,27,53,0,44,1,37,20,23,0.266666667,0,0,0,1,27,14,1,6,0,0,30,54,14
50371,57,334927,1,57,2,32,12,3,0,32,4,7,0.233333333,0,0,0,0,0,0,2,0,0,6,27,6,8
50381,127,878119,2,113,25,66,5,6,0,50,4,20,0.233333333,0,0,0,0,0,0,4,0,0,0,26,33,26
50383,74,346877,6,30,5,22,0,2,0,13,1,9,0.133333333,0,0,4,0,0,0,0,0,0,0,17,14,0
50388,857,878119,4,192,14,74,13,56,9,59,20,20,0.266666667,0,0,0,0,0,0,0,0,0,0,41,26,0
50391,72,878119,1,72,15,43,6,6,0,28,2,20,0.2,0,14,0,0,0,0,0,0,0,0,24,11,0
50392,12,878119,1,12,3,5,0,3,0,2,1,20,0.033333333,0,0,0,0,0,0,0,0,0,0,6,12,0
50400,91,502584,5,2,2,0,0,0,0,0,0,143,0.033333333,0,0,0,0,0,0,0,0,2,0,2,2,0
50412,18,878119,1,18,6,5,0,4,1,4,1,20,0.033333333,0,0,0,0,0,0,0,0,0,0,11,18,0
50419,610,457932,3,114,9,42,17,26,0,37,17,21,0.2,0,22,36,38,0,0,0,0,15,1,41,22,2
50433,1,86829,1,1,1,0,0,0,0,0,0,63,0.033333333,0,0,0,0,0,0,0,0,0,0,1,1,0
50435,12,878119,1,12,2,9,1,0,0,6,0,20,0.066666667,0,0,0,0,0,0,0,0,0,0,9,5,0
50441,147,247683,2,139,20,84,27,4,1,73,1,23,0.233333333,0,0,0,27,0,0,0,0,0,32,69,34,27
50444,22,188602,2,4,2,2,0,0,0,1,0,96,0.033333333,0,0,0,0,0,0,0,0,0,0,4,4,0
50449,1,43183,1,1,1,0,0,0,0,0,0,24,0.033333333,0,0,0,0,0,0,0,0,0,0,1,1,0
50450,101,250865,4,8,4,3,0,0,0,2,1,34,0.066666667,0,7,0,0,0,0,0,0,0,0,5,7,1
50455,418,346877,5,219,19,68,58,48,0,49,11,9,0.3,5,0,0,0,0,10,0,0,56,0,54,13,12
50478,470,250865,4,248,8,69,63,46,2,95,14,34,0.166666667,92,5,0,0,0,109,0,0,0,0,45,42,0
50479,159,127749,1,159,27,28,66,1,18,14,0,102,0.1,0,18,0,0,0,0,0,0,0,0,31,127,14
50492,33,878119,1,33,4,18,0,9,0,5,2,20,0.1,0,0,0,0,0,0,0,0,0,0,8,4,17
50495,122,346877,2,97,8,25,25,17,0,29,9,9,0.133333333,0,0,13,0,4,0,0,0,0,0,32,9,71
50511,384,457932,4,46,6,17,3,13,0,11,6,21,0.133333333,0,0,15,0,0,0,0,0,0,0,14,6,1
50518,1448,21560,3,8,1,2,0,1,3,1,1,9,0.033333333,0,0,0,0,0,0,0,0,0,0,4,8,0
50541,55,878119,1,55,14,32,0,3,2,27,3,20,0.166666667,0,0,0,0,0,0,0,0,0,0,23,29,0
50551,852,878119,3,239,21,101,17,63,5,87,18,20,0.233333333,0,0,0,58,0,0,0,0,0,0,67,56,0
50553,37,346877,5,1,1,0,0,0,0,0,0,9,0.033333333,0,0,0,0,0,0,0,0,0,0,1,1,0
50567,200,334927,2,92,18,33,15,1,8,18,0,7,0.2,0,0,0,0,0,0,0,0,0,0,26,10,4
50606,58,43183,2,50,6,16,5,2,2,17,2,24,0.1,0,0,0,0,0,0,0,0,0,0,10,9,15
50609,114,346877,1,114,15,57,0,27,1,37,14,9,0.233333333,0,0,0,0,0,16,15,0,0,12,34,49,43
50613,22,334927,3,14,4,2,0,1,3,1,1,7,0.033333333,0,0,0,0,0,0,0,0,0,0,7,14,0
50623,104,878119,2,82,18,32,3,17,3,21,6,20,0.166666667,0,0,0,14,0,0,0,0,0,0,23,8,47
50626,74,247683,3,45,8,30,7,0,0,15,0,23,0.166666667,0,0,0,0,11,0,0,16,0,0,22,11,0
50637,29,878119,1,29,3,15,0,8,0,12,3,20,0.1,0,0,0,0,0,0,0,0,0,0,8,7,10
50659,127,878119,1,127,12,49,3,36,11,28,14,20,0.2,0,0,0,0,0,0,0,0,0,0,24,40,22
50664,135,334927,1,135,15,41,2,31,7,60,8,7,0.1,0,0,0,0,0,0,0,0,0,0,24,13,0
50665,18,457932,1,18,3,7,6,0,0,6,0,21,0.066666667,0,0,0,0,16,0,0,0,0,0,9,2,0
50669,92,334927,1,92,2,27,5,25,0,39,17,7,0.066666667,0,0,0,0,0,0,0,0,0,0,23,63,29
50671,1,502584,1,1,1,0,0,0,0,0,0,143,0.033333333,0,0,0,0,0,0,0,0,1,0,1,1,0
50676,18,502584,1,18,11,2,0,1,1,1,1,143,0.033333333,0,0,0,0,0,0,0,0,18,0,7,18,0
50681,121,878119,2,107,24,39,2,25,0,28,15,20,0.233333333,0,0,0,0,0,0,0,0,0,0,22,14,0
50682,50,878119,1,50,12,9,0,9,12,14,3,20,0.066666667,0,0,0,0,0,0,0,0,0,0,13,35,0
50685,1818,260769,7,358,17,134,62,50,7,130,34,0,0.266666667,0,102,0,0,0,33,0,59,0,0,78,9,135
50696,194,21560,3,51,3,23,0,8,2,25,6,9,0.1,0,0,0,0,0,0,0,0,0,0,7,33,18
50700,240,127749,4,1,1,0,0,0,0,0,0,102,0.033333333,0,1,0,0,0,0,0,0,0,0,1,1,0
50703,282,346877,2,52,3,12,24,2,0,16,0,9,0.066666667,0,0,0,0,0,0,0,0,0,0,11,8,44
50713,71,260769,2,1,1,0,0,0,0,0,0,0,0.033333333,0,1,0,0,0,0,0,0,0,0,1,1,0
50730,7,85576,2,6,2,2,0,1,0,1,1,54,0.033333333,0,0,0,0,0,0,0,0,0,0,5,6,0
50742,4,110497,4,1,1,0,0,0,0,0,0,24,0.033333333,0,0,0,0,0,0,0,0,0,0,1,1,0
50750,286,457932,4,187,27,47,26,28,32,26,12,21,0.2,0,0,0,0,0,0,0,0,0,0,33,21,6
50767,279,43183,2,124,8,6,41,6,11,35,18,24,0.066666667,0,0,0,0,0,0,0,0,0,0,39,51,0
50771,379,878119,6,77,12,36,2,17,0,25,6,20,0.2,0,0,0,0,0,0,0,0,0,0,21,50,9
50777,724,85576,6,267,18,46,122,35,5,37,20,54,0.333333333,0,0,8,2,0,0,0,53,0,0,32,178,21
50793,71,457932,7,40,8,7,6,5,7,6,4,21,0.066666667,0,0,0,0,0,0,0,0,0,0,19,39,0
50799,228,502584,7,93,8,18,2,14,0,36,11,143,0.133333333,0,0,0,0,0,0,0,0,7,0,28,12,58
50803,13,878119,1,13,4,6,0,2,0,3,1,20,0.1,0,0,4,0,2,0,0,0,0,0,8,7,0
50806,13,878119,1,13,5,4,0,2,0,3,1,20,0.033333333,0,0,0,0,0,0,0,0,0,0,8,13,0
50816,128,457932,1,128,9,44,19,27,4,30,17,21,0.2,46,0,3,7,0,0,0,0,0,0,35,45,0
50827,20,878119,1,20,3,7,0,5,0,7,4,20,0.033333333,0,0,0,0,0,0,0,0,0,0,10,20,0
50829,202,399092,6,1,1,0,0,0,0,0,0,101,0.033333333,0,0,0,0,0,0,0,1,0,0,1,1,0
50835,202,127749,6,2,2,0,0,0,0,0,0,102,0.066666667,0,0,0,0,0,0,0,0,0,0,1,1,0
50845,848,34988,7,52,14,22,2,8,2,11,2,108,0.233333333,0,0,0,0,15,0,0,6,0,0,9,18,1
50846,848,21560,7,17,3,6,0,2,2,6,2,9,0.066666667,0,0,0,0,0,0,0,0,0,0,7,1,16
50849,1,652701,1,1,1,0,0,0,0,0,0,3,0.033333333,0,1,0,0,0,0,0,0,0,0,1,1,0
50856,25,652701,1,25,11,7,0,1,3,0,0,3,0.1,0,9,0,0,0,0,0,0,0,0,11,24,1
50880,19,652701,1,19,3,6,2,5,0,0,0,3,0.033333333,0,19,0,0,0,0,0,0,0,0,12,19,0
50895,348,652701,2,109,20,20,3,12,18,0,0,3,0.166666667,0,52,0,0,0,0,0,0,0,0,17,2,44
50938,310,221833,1,310,10,40,96,32,11,96,31,58,0.1,0,8,0,0,0,0,0,0,0,0,66,93,0
50956,99,221833,3,1,1,0,0,0,0,0,0,58,0.033333333,0,1,0,0,0,0,0,0,0,0,1,1,0
50962,24,652701,1,24,6,7,0,5,0,0,0,3,0.033333333,0,24,0,0,0,0,0,0,0,0,12,24,0
50966,79,652701,1,79,16,25,7,15,6,0,0,3,0.033333333,0,79,0,0,0,0,0,0,0,0,16,79,0
50978,104,652701,4,101,16,8,47,5,5,0,0,3,0.133333333,0,15,0,0,0,0,0,0,0,0,12,2,9
50983,6,221833,1,6,2,2,0,1,0,1,1,58,0.033333333,0,6,0,0,0,0,0,0,0,0,5,6,0
50984,191,221833,1,191,20,61,21,27,4,66,15,58,0.266666667,0,21,0,16,0,0,0,0,0,0,46,76,3
50993,929,652701,7,165,23,62,16,34,2,8,5,3,0.533333333,0,31,0,0,13,27,0,0,0,0,27,23,4
51006,828,221833,1,828,10,295,224,8,31,450,5,58,0.4,0,33,112,0,0,0,0,0,92,15,104,216,58
51007,194,652701,1,194,47,46,15,28,23,5,3,3,0.3,33,16,0,21,19,0,0,0,0,0,26,12,47
51009,496,156596,4,302,58,51,76,36,6,63,10,224,0.2,0,5,21,0,0,0,0,2,0,0,49,55,2
51016,25,652701,1,25,6,9,0,7,0,0,0,3,0.066666667,3,22,0,0,0,0,0,0,0,0,13,3,22
51034,44,652701,1,44,6,8,6,5,0,0,0,3,0.066666667,0,24,0,0,0,0,0,0,0,0,13,20,24
51039,147,652701,1,147,16,41,26,23,2,6,0,3,0.1,0,32,0,0,0,0,0,13,0,0,24,32,102
51062,396,148039,3,208,17,42,41,33,22,49,16,18,0.2,0,0,0,0,0,0,0,0,0,0,29,81,30
51067,133,652701,1,133,15,40,18,16,16,11,7,3,0.1,0,52,0,57,0,0,0,0,0,0,29,24,52
51086,61,652701,1,61,23,14,2,9,4,0,0,3,0.066666667,0,4,0,0,0,0,0,0,0,0,15,57,0
51104,20,652701,1,20,4,9,0,4,0,0,0,3,0.033333333,0,20,0,0,0,0,0,0,0,0,6,20,0
51110,507,652701,4,149,33,58,3,23,12,23,7,3,0.233333333,0,5,0,0,32,0,0,0,0,0,23,36,0
51121,549,156596,16,8,4,2,0,1,0,1,1,224,0.1,1,0,1,0,0,0,0,6,0,0,5,1,0
51127,32,41550,1,32,10,10,0,7,1,7,0,21,0.033333333,0,0,0,0,0,0,0,0,0,0,10,32,0
51129,228,652701,3,40,9,14,0,9,0,0,0,3,0.133333333,0,15,0,0,0,0,0,0,0,0,7,20,0
51131,14,156596,1,14,4,5,0,3,0,2,2,224,0.033333333,0,0,0,0,0,0,0,14,0,0,7,14,0
51137,93,652701,2,73,11,20,2,12,1,0,0,3,0.1,0,36,0,0,0,0,0,0,0,0,16,73,0
51139,290,148039,4,32,6,15,0,7,0,8,4,18,0.166666667,0,0,0,0,8,0,0,0,0,0,10,1,0
51146,4077,652701,14,69,9,27,10,6,2,4,1,3,0.1,0,52,0,0,0,10,0,0,0,0,17,62,0
51151,15,652701,1,15,2,5,0,4,1,0,0,3,0.033333333,0,15,0,0,0,0,0,0,0,0,10,15,0
51153,262,156596,3,260,26,51,16,35,9,92,32,224,0.266666667,0,22,0,0,0,0,0,39,31,21,35,116,32
51164,5,148039,1,5,3,2,0,0,0,1,0,18,0.033333333,0,0,0,0,0,0,0,0,0,0,5,5,0
51167,70,652701,1,70,5,10,14,8,12,0,0,3,0.033333333,0,70,0,0,0,0,0,0,0,0,15,70,0
51179,601,148039,6,148,14,57,7,42,2,47,12,18,0.266666667,0,0,0,0,0,0,0,0,0,0,30,31,21
51199,562,148039,3,112,19,29,11,20,7,16,9,18,0.233333333,0,0,0,0,0,0,0,0,0,0,29,8,0
51211,151,221833,1,151,10,24,33,20,7,45,12,58,0.133333333,0,20,0,0,0,0,0,0,0,0,39,16,0
51243,584,652701,4,1,1,0,0,0,0,0,0,3,0.033333333,0,1,0,0,0,0,0,0,0,0,1,1,0
51247,178,148039,2,160,16,40,25,15,21,40,13,18,0.233333333,0,0,0,0,0,0,0,0,0,0,29,8,0
51248,1,41550,1,1,1,0,0,0,0,0,0,21,0.033333333,0,0,0,0,0,0,0,0,0,0,1,1,0
51269,350,652701,2,116,12,34,28,22,0,6,4,3,0.166666667,0,29,0,0,0,22,0,0,0,0,23,3,0
51279,123,652701,3,80,7,32,5,14,1,0,0,3,0.133333333,0,49,0,0,0,0,0,0,0,0,13,9,49
51288,1226,156596,2,801,37,118,219,97,53,214,78,224,0.4,0,0,0,0,0,0,101,16,123,0,190,297,0
51289,38,652701,1,38,10,14,0,8,1,0,0,3,0.066666667,0,14,0,0,0,0,0,0,0,0,12,24,0
51300,90,652701,1,90,20,20,7,14,6,0,0,3,0.133333333,0,47,0,0,0,0,0,0,0,0,17,1,34
51301,103,652701,1,103,24,21,0,14,36,0,0,3,0.333333333,0,6,0,0,0,0,0,0,0,0,8,43,3
51320,18,652701,1,18,2,5,0,1,0,0,0,3,0.033333333,0,18,0,0,0,0,0,0,0,0,7,18,0
51321,6,652701,1,6,2,2,0,1,0,0,0,3,0.033333333,0,6,0,0,0,0,0,0,0,0,5,6,0
51322,44,652701,1,44,3,11,14,8,0,0,0,3,0.1,0,18,0,0,0,0,0,0,0,0,8,5,0
51325,53,652701,1,53,3,10,12,8,0,0,0,3,0.066666667,29,24,0,0,0,0,0,0,0,0,10,29,24
51339,36,652701,1,36,8,17,0,6,1,0,0,3,0.1,0,7,0,0,0,0,0,0,0,0,13,7,26
51349,152,652701,1,152,28,39,2,23,44,0,0,3,0.266666667,0,14,0,0,0,0,0,0,0,0,13,51,45
51352,87,221833,3,1,1,0,0,0,0,0,0,58,0.033333333,0,1,0,0,0,0,0,0,0,0,1,1,0
51364,255,148039,2,2,2,0,0,0,0,0,0,18,0.066666667,0,0,0,0,0,0,0,0,0,0,1,1,0
51383,1,156596,1,1,1,0,0,0,0,0,0,224,0.033333333,0,0,0,0,0,0,0,0,1,0,1,1,0
51389,1711,41550,5,1,1,0,0,0,0,0,0,21,0.033333333,0,0,0,0,0,0,0,0,0,0,1,1,0
51402,2,652701,1,2,2,0,0,0,0,0,0,3,0.033333333,0,2,0,0,0,0,0,0,0,0,2,2,0
51405,208,652701,2,27,3,12,4,4,0,0,0,3,0.066666667,0,19,0,0,0,0,0,0,0,0,12,8,0
51407,54,652701,1,54,8,10,14,7,5,0,0,3,0.1,0,18,0,0,0,0,0,0,0,0,13,3,33
51420,22,221833,2,1,1,0,0,0,0,0,0,58,0.033333333,0,1,0,0,0,0,0,0,0,0,1,1,0
51429,99,652701,1,99,19,28,3,16,18,2,0,3,0.166666667,0,12,0,0,6,0,0,0,0,0,16,36,37
51435,233,156596,2,22,16,2,0,1,1,1,1,224,0.1,0,0,0,0,0,0,0,0,2,0,10,16,0
51454,90,156596,2,28,6,9,0,6,0,10,2,224,0.033333333,0,0,0,0,0,0,0,0,28,0,13,28,0
51457,2,652701,1,2,2,0,0,0,0,0,0,3,0.033333333,0,2,0,0,0,0,0,0,0,0,2,2,0
51481,7,148039,1,7,4,3,0,0,0,2,0,18,0.066666667,0,0,0,0,0,0,0,0,0,0,6,6,1
51485,60,148039,2,4,4,0,0,0,0,0,0,18,0.033333333,0,0,0,0,0,0,0,0,0,0,1,4,0
51486,21,652701,2,18,2,5,0,4,0,0,0,3,0.033333333,0,0,0,0,0,0,0,0,0,0,10,18,0
51500,63,652701,2,58,15,23,3,11,1,1,1,3,0.233333333,0,0,0,0,7,5,6,0,0,0,17,12,0
51509,352,652701,3,350,84,83,9,54,94,20,8,3,0.566666667,0,0,0,46,51,15,0,0,12,0,33,23,122
51533,241,652701,3,154,22,35,21,26,14,0,0,3,0.166666667,0,0,0,0,0,0,0,0,0,0,12,58,0
51554,130,652701,2,38,7,7,13,5,2,0,0,3,0.066666667,0,0,0,0,0,0,0,0,0,0,9,26,0
51555,134,652701,1,134,18,42,3,32,21,16,9,3,0.1,0,0,0,69,0,0,0,0,0,0,34,64,1
51559,154,156596,6,8,2,3,0,2,0,2,1,224,0.033333333,0,0,0,0,0,0,0,0,8,0,6,8,0
51563,52,148039,2,46,4,13,3,10,0,13,6,18,0.1,0,0,0,0,0,0,0,0,0,0,15,5,0
51576,91,652701,1,91,13,16,8,15,8,8,6,3,0.066666667,0,0,0,0,26,0,0,0,0,0,25,65,0
51580,46,652701,1,46,8,9,13,6,2,0,0,3,0.066666667,0,0,0,0,0,0,0,0,0,0,16,46,0
51583,42,652701,2,2,2,0,0,0,0,0,0,3,0.033333333,0,0,0,0,0,0,0,0,0,0,2,2,0
51589,37,221833,2,36,4,8,0,7,0,13,5,58,0.033333333,0,0,0,0,0,0,0,0,0,0,17,36,0
51594,94,652701,1,94,13,16,13,13,3,0,0,3,0.1,0,0,0,0,0,0,0,0,0,0,18,40,0
51609,7,221833,1,7,3,2,0,1,0,1,1,58,0.033333333,0,0,0,0,0,0,0,0,0,0,5,7,0
51613,46,41550,4,7,4,2,0,1,0,1,0,21,0.066666667,0,0,0,0,0,0,0,0,0,0,5,2,0
51618,14,652701,1,14,3,2,0,1,0,0,0,3,0.033333333,0,0,0,0,0,0,0,0,0,0,6,14,0
51620,254,156596,1,254,64,40,43,26,6,61,27,224,0.266666667,0,0,0,0,0,0,0,0,12,0,67,81,12
51633,1108,221833,1,1108,57,193,165,148,36,452,67,58,0.366666667,0,0,60,0,0,0,0,0,161,0,145,878,61
51650,3,652701,1,3,3,0,0,0,0,0,0,3,0.066666667,0,0,0,0,0,0,0,0,0,0,2,1,0
51651,68,221833,6,56,4,17,15,0,3,25,0,58,0.066666667,0,0,0,0,0,0,0,0,0,0,16,56,0
51653,237,148039,2,221,23,58,41,45,7,51,19,18,0.233333333,0,0,4,66,0,0,0,0,0,0,58,12,76
51654,288,652701,2,76,16,11,8,8,22,0,0,3,0.066666667,0,0,0,0,0,0,0,0,0,0,12,63,0
51662,504,156596,2,497,15,55,189,37,0,142,48,224,0.333333333,0,32,0,0,0,0,0,0,103,0,110,149,70
51663,163,41550,2,54,17,12,0,12,1,15,8,21,0.033333333,0,0,0,0,0,0,0,0,0,0,18,54,0
51679,108,652701,6,1,1,0,0,0,0,0,0,3,0.033333333,0,0,0,0,0,0,0,0,0,0,1,1,0
51690,113,148039,2,10,4,2,0,1,1,1,1,18,0.033333333,0,0,0,0,0,0,0,0,0,0,6,10,0
51699,6,652701,2,5,5,0,0,0,0,0,0,3,0.066666667,0,0,0,0,2,0,0,0,0,0,2,3,0
51701,1,148039,1,1,1,0,0,0,0,0,0,18,0.033333333,0,0,0,0,0,0,0,0,0,0,1,1,0
51705,182,652701,2,115,17,53,2,20,0,0,0,3,0.3,0,2,0,0,0,0,0,0,0,0,12,17,0
51717,79,652701,1,79,25,13,9,9,13,0,0,3,0.066666667,0,0,0,0,0,0,0,0,0,0,12,62,0
51719,2,148039,1,2,2,0,0,0,0,0,0,18,0.033333333,0,0,0,0,0,0,0,0,0,0,1,2,0
51721,123,652701,1,123,10,19,25,13,9,0,0,3,0.066666667,0,0,0,0,0,0,0,0,0,0,17,41,82
51744,12,652701,1,12,4,7,0,1,0,0,0,3,0.033333333,0,0,0,0,0,0,0,0,0,0,5,12,0
51764,85,41550,4,29,9,10,0,6,1,5,1,21,0.066666667,0,0,0,0,0,0,0,0,0,8,12,21,8
51771,6,652701,1,6,1,2,0,1,0,0,0,3,0.033333333,0,0,0,0,0,0,0,0,0,0,4,6,0
51773,22,652701,1,22,9,4,0,1,3,0,0,3,0.066666667,0,0,0,0,0,0,0,0,0,0,7,17,0
51793,115,652701,1,115,20,40,0,30,2,12,8,3,0.166666667,0,0,45,0,0,0,0,0,0,0,32,13,12
51818,1379,156596,9,217,12,30,63,19,0,61,28,224,0.133333333,0,0,0,0,0,0,0,0,0,28,81,83,119
51821,188,652701,1,188,25,48,16,40,15,25,12,3,0.2,0,0,0,0,81,0,0,0,0,0,34,32,25
51824,9,148039,1,9,2,5,0,1,0,4,1,18,0.033333333,0,0,0,0,0,0,0,0,0,0,6,9,0
51825,86,148039,2,31,3,12,0,5,0,14,3,18,0.066666667,0,0,0,0,0,0,0,0,0,0,10,10,0
51828,6,652701,1,6,2,2,0,1,0,0,0,3,0.033333333,0,0,0,0,0,0,0,0,0,0,5,6,0
51829,197,156596,4,1,1,0,0,0,0,0,0,224,0.033333333,0,0,0,0,0,0,0,0,0,1,1,1,0
51833,10,652701,1,10,2,3,0,2,0,0,0,3,0.033333333,0,0,0,0,0,0,0,0,0,0,7,10,0
51839,119,652701,1,119,22,22,9,15,18,0,0,3,0.066666667,0,0,0,0,0,0,0,0,0,0,16,23,0
51841,93,652701,1,93,14,19,14,12,2,0,0,3,0.066666667,0,0,0,0,0,0,0,0,0,0,14,65,0
51849,389,221833,1,389,36,71,60,56,27,119,22,58,0.166666667,0,0,0,0,0,0,0,0,0,0,65,262,0
51851,633,652701,5,120,19,45,8,29,0,0,0,3,0.333333333,0,0,0,0,0,0,0,0,0,0,14,15,0
51857,13,221833,2,7,3,2,0,1,0,1,1,58,0.066666667,0,0,6,0,0,0,0,0,0,0,5,1,0
51858,13,41550,2,6,3,2,0,1,0,1,0,21,0.066666667,0,0,0,0,0,0,0,0,0,0,4,1,5
51869,140,652701,1,140,27,40,28,26,0,9,8,3,0.366666667,0,0,0,4,0,10,0,0,34,0,31,44,8
51875,51,652701,2,38,6,4,0,3,0,0,0,3,0.033333333,0,0,0,0,0,0,0,0,0,0,10,38,0
51885,3,148039,1,3,3,0,0,0,0,0,0,18,0.033333333,0,0,0,0,0,0,0,0,0,0,3,3,0
51886,8,652701,1,8,3,3,0,1,0,0,0,3,0.066666667,0,0,0,0,0,0,0,0,0,0,6,1,0
51888,62,652701,1,62,13,12,4,8,4,0,0,3,0.133333333,0,0,0,0,0,0,0,0,0,0,11,20,41
51890,1,41550,1,1,1,0,0,0,0,0,0,21,0.033333333,0,0,0,0,0,0,0,0,0,0,1,1,0
51896,66,652701,1,66,8,10,26,0,0,0,0,3,0.066666667,0,0,0,0,0,0,0,0,0,0,13,35,0
51928,2,652701,2,1,1,0,0,0,0,0,0,3,0.033333333,0,0,0,0,0,0,0,0,0,0,1,1,0
51944,120,221833,2,3,3,0,0,0,0,0,0,58,0.033333333,0,0,0,0,0,0,0,0,0,0,3,3,0
51952,32,652701,4,18,6,6,0,3,0,1,1,3,0.066666667,0,0,12,0,0,0,0,0,0,0,10,6,0
51972,49,148039,3,10,3,3,0,2,0,2,2,18,0.033333333,0,0,0,0,0,0,0,0,0,0,7,10,0
51982,25,652701,1,25,4,9,0,5,1,0,0,3,0.033333333,0,0,0,0,0,0,0,0,0,0,10,25,0
51986,63,652701,1,63,8,11,19,6,8,0,0,3,0.066666667,0,0,0,0,0,0,0,0,0,0,16,59,0
52004,7,652701,1,7,2,2,0,1,0,0,0,3,0.033333333,0,0,0,0,0,0,0,0,0,0,5,7,0
52019,16,652701,1,16,6,5,0,3,0,0,0,3,0.033333333,0,0,0,0,0,0,0,0,0,0,10,16,0
52022,17,652701,1,17,3,7,0,3,0,0,0,3,0.066666667,0,0,0,0,0,0,0,0,0,0,6,15,2
52050,5,156596,2,1,1,0,0,0,0,0,0,224,0.033333333,0,0,0,0,0,0,0,0,0,1,1,1,0
52064,2,652701,1,2,2,0,0,0,0,0,0,3,0.033333333,0,0,0,0,0,0,0,0,0,0,2,2,0
52071,8,652701,1,8,3,2,0,1,0,0,0,3,0.033333333,0,0,0,0,0,0,0,0,0,0,6,8,0
52086,15,652701,1,15,5,5,0,3,0,0,0,3,0.066666667,0,0,0,4,0,0,0,0,0,0,6,11,0
52095,11,652701,1,11,6,5,0,0,0,0,0,3,0.033333333,0,0,0,0,0,0,0,0,0,0,4,11,0
52110,2,652701,1,2,2,0,0,0,0,0,0,3,0.033333333,0,0,0,0,0,0,0,0,0,0,2,2,0
52111,7,652701,1,7,4,1,0,1,0,0,0,3,0.033333333,0,0,0,0,0,0,0,0,0,0,6,7,0
52112,7,652701,1,7,2,3,0,1,0,0,0,3,0.033333333,0,0,0,0,0,0,0,0,0,0,6,7,0
52138,1,148039,1,1,1,0,0,0,0,0,0,18,0.033333333,0,0,0,0,0,0,0,0,0,0,1,1,0
52146,577,652701,2,27,2,10,0,3,0,0,0,3,0.066666667,0,0,0,0,0,0,0,0,0,0,8,21,6
52184,9,221833,1,9,3,2,0,2,0,2,2,58,0.033333333,0,0,0,0,0,0,0,0,0,0,8,9,0
52190,20,652701,1,20,8,2,0,2,0,0,0,3,0.066666667,0,0,0,0,0,0,0,0,0,0,7,4,16
52213,1,41550,1,1,1,0,0,0,0,0,0,21,0.033333333,0,0,0,0,0,0,0,0,0,0,1,1,0
52226,33,652701,1,33,6,11,3,8,0,0,0,3,0.033333333,0,0,0,0,0,0,0,0,0,0,12,33,0
52227,250,652701,1,250,53,69,16,31,14,35,2,3,0.1,0,0,0,117,0,0,0,0,0,0,32,94,39
52237,24,652701,1,24,7,4,1,3,3,0,0,3,0.033333333,0,0,0,0,0,0,0,0,0,0,10,24,0
52240,16,652701,1,16,11,2,0,0,1,0,0,3,0.033333333,0,0,0,0,0,0,0,0,0,0,5,16,0
52253,2,652701,1,2,2,0,0,0,0,0,0,3,0.033333333,0,0,0,0,0,0,0,0,0,0,2,2,0
52254,10,652701,1,10,2,4,0,0,0,0,0,3,0.033333333,0,0,0,0,0,0,0,0,0,0,4,10,0
52279,6,652701,1,6,2,2,0,1,0,0,0,3,0.033333333,0,0,0,0,0,0,0,0,0,0,5,6,0
52282,31,148039,2,30,6,10,0,7,0,16,1,18,0.066666667,0,0,0,0,0,0,0,0,0,0,13,4,26
52285,6,41550,2,4,2,2,0,0,0,1,0,21,0.033333333,0,0,0,0,0,0,0,0,0,0,4,4,0
52286,44,652701,1,44,14,10,1,7,0,3,2,3,0.1,0,0,0,0,0,0,12,0,0,0,16,24,20
52291,6,652701,1,6,5,0,0,0,0,0,0,3,0.033333333,0,0,0,0,0,0,0,0,0,0,6,6,0
52293,14,652701,2,6,2,2,0,1,0,0,0,3,0.033333333,0,0,0,0,0,0,0,0,0,0,5,6,0
52304,14,652701,1,14,5,7,0,0,0,0,0,3,0.033333333,0,0,0,0,0,0,0,0,0,0,7,14,0
52305,14,148039,2,8,2,3,0,2,0,2,1,18,0.033333333,0,0,0,0,0,0,0,0,0,0,6,8,0
52311,10,652701,1,10,5,3,0,1,0,0,0,3,0.033333333,0,0,0,0,0,0,0,0,0,0,5,10,0
52312,2,652701,2,1,1,0,0,0,0,0,0,3,0.033333333,0,0,0,0,0,0,0,0,0,0,1,1,0
52315,2,221833,2,1,1,0,0,0,0,0,0,58,0.033333333,0,0,0,0,0,0,0,0,0,0,1,1,0
52316,2,652701,1,2,2,0,0,0,0,0,0,3,0.033333333,0,0,0,0,0,0,0,0,0,0,2,2,0
52324,600,156596,3,98,10,14,19,12,0,29,18,224,0.133333333,45,0,0,0,0,0,0,0,0,0,29,20,0
52327,42,652701,1,42,12,8,0,4,4,0,0,3,0.1,0,0,0,0,0,0,0,0,0,0,8,27,0
52336,146,221833,2,132,3,19,36,16,3,43,15,58,0.066666667,0,0,0,0,0,0,0,0,0,0,41,87,45
52340,585,652701,18,57,13,14,0,9,2,0,0,3,0.266666667,0,24,0,0,0,0,0,0,0,0,11,1,17
52356,24,652701,1,24,8,10,0,4,0,0,0,3,0.033333333,0,0,0,0,0,0,0,0,0,0,7,24,0
52357,270,41550,3,7,1,3,0,2,0,3,0,21,0.033333333,0,0,0,0,0,0,0,0,0,0,4,7,0
52363,52,652701,1,52,11,13,3,7,5,0,0,3,0.033333333,0,0,0,0,0,0,0,0,0,0,9,52,0
52367,29,195289,2,1,1,0,0,0,0,0,0,105,0.033333333,0,0,0,0,0,1,0,0,0,0,1,1,0
52382,474,156596,2,338,41,95,49,35,12,117,28,224,0.166666667,10,198,67,0,0,0,0,0,0,0,77,58,10
52398,12,148039,1,12,4,4,0,1,0,3,2,18,0.033333333,0,0,0,0,0,0,0,0,0,0,9,12,0
52399,276,878119,1,276,25,115,13,73,5,89,29,20,0.133333333,0,5,0,28,0,0,0,0,0,0,67,129,142
52404,37,878119,1,37,2,15,0,9,6,9,5,20,0.1,0,0,0,0,0,0,0,0,0,0,10,28,6
52414,31,148500,3,19,11,4,0,1,3,1,0,29,0.033333333,0,0,0,0,0,0,0,0,0,0,8,19,0
52418,147,148500,1,147,10,21,47,17,1,41,17,29,0.1,0,0,0,0,0,0,0,0,0,0,38,99,0
52422,33,878119,1,33,5,12,0,8,1,12,7,20,0.033333333,0,0,0,0,0,0,0,0,0,0,15,33,0
52432,55,334927,1,55,2,28,0,14,0,24,11,7,0.033333333,0,0,0,0,55,0,0,0,0,0,35,55,0
52436,515,334927,5,89,10,33,9,24,0,21,12,7,0.133333333,0,0,0,0,1,0,0,0,0,0,27,14,56
52438,11,878119,2,10,3,3,0,3,0,3,1,20,0.033333333,0,0,0,0,0,0,0,0,0,0,8,10,0
52441,39,878119,3,24,6,7,0,4,0,11,1,20,0.066666667,0,0,0,0,0,0,0,0,0,0,8,2,0
52445,211,878119,1,211,35,102,25,5,14,92,3,20,0.233333333,0,0,0,0,0,0,0,0,0,0,44,24,109
52449,111,878119,1,111,15,39,18,3,23,30,2,20,0.133333333,0,0,0,0,0,0,0,14,32,0,27,31,0
52460,2,334927,1,2,2,0,0,0,0,0,0,7,0.033333333,0,0,0,0,2,0,0,0,0,0,2,2,0
52464,319,878119,1,319,32,104,46,69,11,103,23,20,0.3,0,0,2,0,0,0,0,0,0,0,59,93,20
52465,222,878119,2,188,30,61,29,9,40,40,1,20,0.333333333,0,0,0,7,0,50,0,4,30,0,38,63,27
52467,345,878119,2,188,18,99,14,25,0,76,13,20,0.233333333,0,0,26,18,0,0,0,0,0,0,53,28,113
52470,138,43183,2,136,16,24,46,1,1,37,17,24,0.133333333,47,4,73,0,0,0,0,0,0,0,46,12,73
52474,9,878119,1,9,2,3,0,2,0,4,0,20,0.033333333,0,0,0,0,0,0,0,0,0,0,5,9,0
52489,72,334927,1,72,18,19,5,15,1,16,8,7,0.066666667,0,0,0,0,65,0,0,0,0,0,28,7,0
52505,219,878119,3,210,32,69,12,52,8,50,25,20,0.266666667,0,0,22,0,0,0,0,0,0,0,44,42,42
52508,256,878119,4,10,2,4,0,3,0,3,1,20,0.033333333,0,0,0,0,0,0,0,0,0,0,7,10,0
52540,60,334927,4,5,2,3,0,0,0,2,0,7,0.066666667,0,0,1,0,4,0,0,0,0,0,5,1,0
52565,77,334927,1,77,3,31,13,17,0,28,11,7,0.033333333,0,0,0,0,77,0,0,0,0,0,33,77,0
52580,9,334927,1,9,3,5,0,1,0,4,0,7,0.033333333,0,0,0,0,9,0,0,0,0,0,6,9,0
52581,90,878119,1,90,10,58,10,4,0,47,2,20,0.2,0,0,0,0,0,0,0,0,0,0,36,31,0
52584,18,878119,1,18,5,10,0,2,0,7,1,20,0.066666667,0,0,0,0,0,0,0,0,0,0,11,7,11
52610,6,334927,1,6,6,0,0,0,0,0,0,7,0.033333333,0,0,0,0,6,0,0,0,0,0,4,6,0
52611,12,878119,2,11,3,5,0,3,0,4,0,20,0.033333333,0,0,0,0,0,0,0,0,0,0,4,11,0
52613,11,878119,1,11,2,5,0,3,0,4,1,20,0.033333333,0,0,0,0,0,0,0,0,0,0,6,11,0
52616,6,334927,1,6,2,2,0,1,0,2,0,7,0.033333333,0,0,0,0,6,0,0,0,0,0,4,6,0
52625,58,878119,3,1,1,0,0,0,0,0,0,20,0.033333333,0,0,0,0,0,0,0,0,0,0,1,1,0
52628,43,878119,1,43,10,15,1,10,0,14,6,20,0.166666667,0,0,0,0,18,4,0,0,0,0,18,12,0
52633,234,334927,2,228,14,50,17,44,69,43,29,7,0.1,0,0,51,48,129,0,0,0,0,0,52,51,48
52636,453,878119,2,241,17,83,30,58,7,64,31,20,0.2,0,0,75,14,0,0,0,0,0,0,50,125,49
52639,21,334927,2,1,1,0,0,0,0,0,0,7,0.033333333,0,0,0,0,1,0,0,0,0,0,1,1,0
52640,21,878119,2,20,6,6,0,4,2,3,1,20,0.033333333,0,0,0,0,0,0,0,0,0,0,10,20,0
52646,6,334927,1,6,2,2,0,1,0,1,1,7,0.033333333,0,0,0,0,6,0,0,0,0,0,5,6,0
52652,411,878119,1,411,26,222,28,85,12,118,26,20,0.366666667,0,0,153,91,0,0,0,0,0,0,77,171,101
52653,18,334927,1,18,2,14,0,1,0,14,0,7,0.033333333,0,0,0,0,18,0,0,0,0,0,11,18,0
52656,273,878119,2,214,18,69,30,27,28,65,19,20,0.166666667,0,0,0,40,0,0,0,0,0,0,59,77,95
52664,55,878119,2,40,8,20,2,1,3,18,1,20,0.1,9,0,0,0,0,0,0,0,0,0,20,23,8
52668,6,34988,1,6,2,2,0,1,0,1,1,108,0.033333333,0,0,0,0,0,0,0,0,0,0,5,6,0
52671,21,334927,2,3,3,0,0,0,0,0,0,7,0.033333333,0,0,0,0,3,0,0,0,0,0,3,3,0
52703,154,878119,1,154,19,58,11,36,3,38,17,20,0.166666667,0,0,0,0,0,0,0,0,0,0,31,110,15
52705,1,34988,1,1,1,0,0,0,0,0,0,108,0.033333333,0,0,0,0,0,0,0,0,0,0,1,1,0
52707,35,878119,1,35,7,15,0,11,0,10,2,20,0.1,0,0,0,0,0,0,0,0,0,0,14,1,21
52715,146,334927,1,146,19,47,10,35,14,26,17,7,0.233333333,0,0,0,0,19,0,0,0,0,0,39,75,13
52721,11,21560,2,1,1,0,0,0,0,0,0,9,0.033333333,0,0,0,0,0,0,0,0,0,0,1,1,0
52726,251,878119,3,249,39,44,40,37,51,48,9,20,0.3,0,0,106,0,0,0,0,0,0,0,45,31,165
52727,1,43183,1,1,1,0,0,0,0,0,0,24,0.033333333,1,0,0,0,0,0,0,0,0,0,1,1,0
52729,38,334927,2,35,1,11,18,1,0,10,0,7,0.033333333,0,0,0,0,35,0,0,0,0,0,10,35,0
52734,99,334927,1,99,14,47,21,2,6,33,0,7,0.033333333,0,0,0,0,99,0,0,0,0,0,27,99,0
52735,1,21560,1,1,1,0,0,0,0,0,0,9,0.033333333,0,0,0,0,0,0,0,0,0,0,1,1,0
52738,25,878119,1,25,10,11,0,3,0,6,1,20,0.1,0,0,0,0,0,0,0,0,0,0,11,16,4
52760,6,334927,1,6,2,2,0,1,0,1,1,7,0.033333333,0,0,0,0,6,0,0,0,0,0,5,6,0
52762,206,148500,3,117,3,37,21,15,0,56,16,29,0.033333333,0,0,0,0,0,0,0,0,0,0,27,117,0
52793,214,878119,1,214,19,91,34,21,5,93,21,20,0.133333333,0,0,80,0,0,0,0,0,0,0,69,21,0
52794,265,148500,3,241,11,70,50,35,2,99,19,29,0.133333333,0,0,0,0,0,0,0,0,0,0,40,21,41
52796,1,148500,1,1,1,0,0,0,0,0,0,29,0.033333333,0,0,0,0,0,0,0,0,0,0,1,1,0
52798,26,334927,4,8,3,4,0,1,0,4,0,7,0.033333333,0,0,0,0,8,0,0,0,0,0,5,8,0
52813,72,334927,3,43,3,10,0,8,15,9,6,7,0.033333333,0,0,0,0,43,0,0,0,0,0,17,43,0
52817,326,334927,3,23,3,9,2,7,0,6,1,7,0.033333333,0,0,0,0,23,0,0,0,0,0,10,23,0
52821,579,878119,3,370,63,122,36,67,37,63,19,20,0.8,18,4,6,4,27,0,0,8,0,0,60,41,177
52836,1,43183,1,1,1,0,0,0,0,0,0,24,0.033333333,1,0,0,0,0,0,0,0,0,0,1,1,0
52837,573,43183,4,213,19,37,59,4,2,66,33,24,0.233333333,13,42,0,0,0,43,13,0,0,0,66,2,48
52842,33,334927,2,12,4,5,0,3,0,4,0,7,0.066666667,0,0,0,0,10,0,0,0,0,0,6,2,0
52845,274,878119,2,168,25,44,20,36,1,50,21,20,0.2,0,0,0,0,0,0,0,0,0,0,56,74,4
52857,301,878119,4,95,12,45,9,17,2,32,3,20,0.2,0,0,0,0,0,0,0,0,0,0,20,12,0
52879,304,334927,3,57,8,19,7,12,6,10,2,7,0.166666667,0,0,0,0,10,0,0,0,0,0,14,1,23
52892,54,334927,1,54,11,18,0,11,7,16,0,7,0.066666667,0,49,0,0,5,0,0,0,0,0,11,49,0
52893,2,334927,1,2,2,0,0,0,0,0,0,7,0.033333333,0,0,0,0,2,0,0,0,0,0,2,2,0
52895,348,334927,3,65,4,21,6,19,1,18,12,7,0.066666667,0,0,0,0,8,0,0,0,0,0,28,57,0
52897,15,334927,1,15,2,5,0,4,0,4,4,7,0.066666667,0,0,0,0,1,0,0,0,14,0,11,1,0
52904,5,334927,1,5,3,2,0,0,0,1,0,7,0.033333333,0,0,0,0,5,0,0,0,0,0,4,5,0
52921,1,43183,1,1,1,0,0,0,0,0,0,24,0.033333333,1,0,0,0,0,0,0,0,0,0,1,1,0
52923,86,878119,1,86,5,31,26,1,5,37,1,20,0.033333333,0,0,0,0,0,0,0,0,0,0,19,86,0
52928,27,334927,1,27,2,9,1,8,0,8,7,7,0.033333333,0,0,0,0,27,0,0,0,0,0,19,27,0
52940,1,334927,1,1,1,0,0,0,0,0,0,7,0.033333333,0,0,0,0,1,0,0,0,0,0,1,1,0
52945,105,878119,2,66,14,22,7,17,0,14,5,20,0.266666667,0,0,0,0,0,0,0,0,0,0,17,28,0
52949,3,334927,1,3,3,0,0,0,0,0,0,7,0.033333333,0,0,0,0,3,0,0,0,0,0,3,3,0
52951,2,148500,1,2,2,0,0,0,0,0,0,29,0.033333333,0,0,0,0,0,0,0,0,0,0,2,2,0
52954,284,34988,3,34,8,13,0,7,0,7,2,108,0.1,0,0,0,0,0,0,0,0,0,0,9,18,0
52963,86,878119,2,83,11,55,3,4,3,42,3,20,0.1,0,0,0,0,0,0,0,0,0,0,23,44,0
52976,422,148500,4,1,1,0,0,0,0,0,0,29,0.033333333,0,0,0,0,0,0,0,0,0,0,1,1,0
52978,265,21560,3,1,1,0,0,0,0,0,0,9,0.033333333,0,0,0,0,0,0,0,0,0,0,1,1,0
52980,15,878119,2,14,2,6,0,3,0,6,2,20,0.033333333,0,0,0,0,0,0,0,0,0,0,8,14,0
53008,7,334927,1,7,2,2,0,1,1,1,1,7,0.033333333,0,0,0,0,7,0,0,0,0,0,5,7,0
53024,67,878119,3,34,5,13,0,9,0,9,6,20,0.1,0,0,0,0,0,0,0,0,0,0,11,18,0
53025,23,334927,4,1,1,0,0,0,0,0,0,7,0.033333333,0,0,0,0,1,0,0,0,0,0,1,1,0
53030,1,148500,1,1,1,0,0,0,0,0,0,29,0.033333333,0,0,0,0,0,0,0,0,0,0,1,1,0
53034,10,346877,2,7,3,2,0,1,0,1,1,9,0.033333333,0,0,0,0,0,0,0,0,0,0,5,7,0
53052,19,188602,3,6,2,2,0,1,0,1,1,96,0.033333333,0,0,0,0,0,0,0,0,0,0,5,6,0
53064,29,334927,2,1,1,0,0,0,0,0,0,7,0.033333333,0,0,0,0,0,0,0,0,0,0,1,1,0
53068,8,261579,2,5,1,2,0,1,0,1,1,5,0.033333333,0,0,0,0,0,0,0,0,0,0,4,5,0
53077,6,140022,1,6,2,2,0,1,0,1,1,232,0.033333333,0,0,0,0,0,0,0,0,0,0,5,6,0
53083,26,334927,1,26,10,5,0,4,1,5,3,7,0.033333333,0,0,0,0,0,0,0,0,0,0,13,26,0
53084,108,188602,2,2,2,0,0,0,0,0,0,96,0.033333333,0,0,0,0,0,0,0,0,0,0,1,2,0
53091,29,502584,2,28,3,6,0,4,0,18,0,143,0.066666667,0,23,0,0,0,0,0,0,0,0,6,5,0
53110,2095,85576,10,418,34,34,264,21,17,50,8,54,0.166666667,0,0,0,0,0,4,0,8,0,0,38,3,309
53116,101,140022,2,92,6,26,10,20,0,27,14,232,0.1,0,0,0,0,0,0,0,0,0,0,28,16,41
53123,99,334927,1,99,16,21,10,17,15,17,11,7,0.133333333,0,0,0,0,0,0,0,0,0,0,27,23,0
53135,1370,46603,6,215,14,154,28,7,0,132,4,5,0.266666667,0,45,0,0,0,0,0,3,0,0,33,89,8
53138,64,127749,3,1,1,0,0,0,0,0,0,102,0.033333333,0,0,0,0,0,0,0,0,0,0,1,1,0
53152,61,457932,1,61,7,27,15,4,1,18,4,21,0.133333333,0,0,0,0,0,0,0,0,0,0,26,28,0
53184,278,457932,4,21,2,8,3,5,0,5,2,21,0.066666667,0,0,0,0,0,5,0,0,0,0,9,16,0
53189,50,110497,2,42,14,11,0,8,1,6,5,24,0.1,0,0,0,0,0,0,0,0,0,0,11,1,17
53192,1,334927,1,1,1,0,0,0,0,0,0,7,0.033333333,0,0,0,0,0,0,0,0,0,0,1,1,0
53196,20,110497,4,10,6,2,0,1,0,1,1,24,0.1,2,0,0,0,0,0,0,0,0,0,5,2,6
53208,9,250865,2,2,2,0,0,0,0,0,0,34,0.033333333,0,0,0,0,0,0,0,0,0,0,1,2,0
53210,173,188602,1,173,16,80,0,43,0,59,30,96,0.066666667,0,0,0,0,0,0,0,0,0,0,46,47,126
53214,1,247683,1,1,1,0,0,0,0,0,0,23,0.033333333,0,0,0,0,0,0,0,0,0,0,1,1,0
53233,582,346877,8,123,11,42,25,20,0,35,8,9,0.266666667,1,0,0,0,0,0,0,0,0,8,27,25,22
53282,21,457932,1,21,6,6,2,4,1,3,1,21,0.033333333,0,0,0,0,0,0,0,0,0,0,10,21,0
53284,3,188602,1,3,1,2,0,0,0,1,0,96,0.033333333,0,0,0,0,0,0,0,0,0,0,3,3,0
53297,432,86829,1,432,7,102,249,10,9,111,2,63,0.266666667,0,15,3,128,0,0,0,0,0,0,88,270,134
53314,2717,247683,12,10,6,3,0,1,0,2,0,23,0.066666667,0,0,0,0,9,0,0,0,0,0,4,1,0
53315,49,457932,4,14,1,5,1,4,0,4,3,21,0.033333333,0,0,0,0,0,0,0,0,0,0,10,14,0
53324,18,46603,2,13,3,6,0,2,0,3,2,5,0.033333333,0,0,0,0,0,0,0,0,0,0,8,13,0
53328,173,261579,6,22,8,12,0,2,0,5,0,5,0.066666667,0,0,21,0,0,0,0,0,0,0,8,1,21
53330,25,457932,1,25,2,8,2,7,0,7,6,21,0.066666667,0,0,0,0,0,0,0,0,0,0,13,16,0
53331,1,346877,1,1,1,0,0,0,0,0,0,9,0.033333333,0,0,0,0,0,0,0,0,0,0,1,1,0
53335,9,334927,1,9,2,5,0,1,0,4,1,7,0.033333333,0,0,0,0,0,0,0,0,0,0,8,9,0
53345,211,346877,3,101,5,25,31,21,3,22,6,9,0.1,0,0,0,0,0,0,0,0,0,0,27,49,52
53353,15,334927,1,15,5,5,0,2,1,2,1,7,0.033333333,0,0,0,0,0,0,0,0,0,0,8,15,0
53400,6,334927,1,6,2,2,0,1,0,1,1,7,0.033333333,0,0,0,0,0,0,0,0,0,0,5,6,0
53402,10,334927,1,10,3,4,0,2,0,3,1,7,0.033333333,0,0,0,0,0,0,0,0,0,0,5,10,0
53408,107,334927,4,3,2,1,0,0,0,1,0,7,0.033333333,0,0,0,0,0,0,0,0,0,0,3,3,0
53417,45,334927,9,3,3,0,0,0,0,0,0,7,0.033333333,0,0,0,0,0,0,0,0,0,0,1,3,0
53426,55,502584,1,55,5,22,0,13,5,13,10,143,0.1,0,29,0,0,0,0,0,0,0,0,19,14,0
53430,628,502584,3,289,9,114,40,2,57,149,1,143,0.133333333,0,0,0,0,0,0,0,0,0,0,32,207,0
53431,1111,457932,6,117,27,54,14,2,14,34,2,21,0.2,0,0,0,0,0,0,0,0,0,0,30,62,48
53442,16,457932,1,16,1,5,4,3,0,4,2,21,0.033333333,0,0,0,0,0,0,0,0,0,0,8,16,0
53448,16,457932,1,16,2,6,4,3,0,3,1,21,0.033333333,0,0,0,0,0,0,0,0,0,0,9,16,0
53463,211,334927,1,211,24,53,0,26,97,23,8,7,0.066666667,0,0,0,0,0,0,0,0,0,0,19,143,68
53467,101,334927,2,9,2,3,0,2,0,2,2,7,0.066666667,0,0,0,0,0,0,0,0,0,0,6,8,1
53490,169,110497,1,169,25,47,11,35,0,52,17,24,0.166666667,0,0,0,0,0,0,0,0,0,0,37,42,19
53492,527,502584,8,300,8,24,122,19,4,98,15,143,0.133333333,0,0,0,0,0,5,0,0,3,0,90,292,0
53498,636,46603,5,45,7,16,8,8,0,11,4,5,0.1,0,0,0,0,0,0,0,0,0,0,21,11,0
53502,198,346877,3,104,21,17,41,3,0,30,2,9,0.266666667,0,2,24,0,0,0,0,0,0,0,24,34,54
53510,12,261579,1,12,2,5,0,3,0,2,2,5,0.066666667,0,0,7,0,0,0,0,0,0,0,7,5,7
53513,198,334927,3,47,17,15,8,2,0,15,1,7,0.133333333,0,0,0,0,0,2,0,0,0,0,13,40,0
53516,9,250865,1,9,2,3,0,2,0,2,2,34,0.033333333,0,0,0,0,0,0,0,0,0,0,7,9,0
53524,299,247683,1,299,21,112,40,93,3,93,30,23,0.266666667,0,0,0,87,0,0,0,0,77,17,101,133,0
53528,362,250865,3,221,13,49,37,6,45,88,2,34,0.133333333,7,0,0,0,33,0,0,0,0,0,22,56,125
53545,1,110497,1,1,1,0,0,0,0,0,0,24,0.033333333,0,0,0,0,0,0,0,0,0,0,1,1,0
53556,182,457932,2,145,4,38,26,32,5,37,28,21,0.133333333,0,0,0,0,0,0,0,0,0,0,31,22,34
53575,269,250865,2,53,7,17,4,11,2,14,4,34,0.1,0,0,0,0,0,0,0,0,0,0,15,13,30
53582,13,334927,2,12,5,5,0,0,1,2,0,7,0.033333333,0,0,0,0,0,0,0,0,0,0,7,12,0
53597,91,346877,2,73,14,31,3,11,0,37,8,9,0.133333333,0,0,0,0,0,0,0,0,0,0,15,10,1
53599,40,334927,1,40,8,14,5,8,0,9,3,7,0.066666667,0,0,0,0,0,0,0,0,0,0,16,26,0
53608,167,247683,1,167,16,65,20,54,0,46,9,23,0.2,0,0,53,21,0,0,0,0,0,0,42,20,81
53615,1,261579,1,1,1,0,0,0,0,0,0,5,0.033333333,0,0,1,0,0,0,0,0,0,0,1,1,0
53618,16,334927,1,16,4,8,0,2,0,3,2,7,0.1,0,0,0,0,0,0,0,0,0,0,8,1,0
53623,476,457932,4,104,15,41,40,2,0,28,0,21,0.133333333,0,0,0,0,0,0,0,0,0,0,45,104,0
53627,14,399092,1,14,4,8,0,1,0,5,1,101,0.066666667,0,0,0,0,9,0,0,0,0,0,8,5,0
53638,260,247683,7,2,2,0,0,0,0,0,0,23,0.033333333,0,0,0,0,0,0,0,0,0,0,2,2,0
53639,260,46603,7,2,2,0,0,0,0,0,0,5,0.033333333,0,0,0,0,0,0,0,0,0,0,2,2,0
53654,658,140022,3,634,23,92,286,31,4,186,16,232,0.133333333,0,0,0,154,0,0,0,0,0,0,137,29,0
53674,34,140022,1,34,4,6,9,3,1,8,1,232,0.033333333,0,0,0,0,0,0,0,0,0,0,13,34,0
53683,70,250865,2,14,5,6,0,3,0,3,0,34,0.033333333,0,0,0,0,0,0,0,0,0,0,7,14,0
53687,16,334927,1,16,6,9,0,1,0,4,0,7,0.033333333,0,0,0,0,0,0,0,0,0,0,6,16,0
53690,675,457932,11,16,4,5,0,4,0,4,3,21,0.066666667,0,0,0,0,0,0,0,0,0,0,10,1,0
53699,593,110497,6,1,1,0,0,0,0,0,0,24,0.033333333,0,0,0,0,0,0,0,0,0,0,1,1,0
53705,164,247683,1,164,9,89,25,30,0,77,9,23,0.166666667,0,0,0,24,54,0,0,0,0,0,54,65,0
53713,155,346877,2,41,3,15,5,11,0,10,7,9,0.1,0,0,0,0,0,0,0,0,0,0,17,5,26
53716,503,250865,3,307,37,61,46,45,29,84,15,34,0.1,0,0,0,0,149,0,0,0,0,0,38,83,75
53723,188,334927,8,1,1,0,0,0,0,0,0,7,0.033333333,0,0,0,0,0,0,0,0,0,0,1,1,0
53758,76,346877,1,76,18,46,0,7,0,22,5,9,0.3,6,0,0,0,0,0,0,0,9,17,22,18,4
53765,7,346877,1,7,3,2,0,1,0,2,1,9,0.033333333,0,0,0,0,0,0,0,0,0,0,6,7,0
53768,76,260769,3,1,1,0,0,0,0,0,0,0,0.033333333,0,0,0,0,0,0,0,0,0,0,1,1,0
53775,67,346877,6,1,1,0,0,0,0,0,0,9,0.033333333,0,0,0,0,0,0,0,0,0,0,1,1,0
53798,37,247683,1,37,1,12,0,11,6,12,6,23,0.033333333,0,0,0,0,0,0,0,0,0,0,16,37,0
53806,67,457932,6,23,3,8,3,5,0,5,2,21,0.1,0,3,0,0,3,0,0,0,0,0,10,17,0
53815,77,346877,2,71,31,26,8,1,0,26,1,9,0.266666667,0,0,7,0,3,0,0,0,0,0,21,47,6
53817,69,334927,3,29,9,17,0,1,1,14,0,7,0.033333333,0,0,0,0,0,0,0,0,0,0,15,29,0
53839,203,502584,1,203,9,28,80,7,10,56,4,143,0.2,0,0,0,0,0,0,0,31,0,0,42,9,27
53852,20,457932,1,20,5,4,4,2,2,3,1,21,0.033333333,0,0,0,0,0,0,0,0,0,0,11,20,0
53859,90,334927,1,90,24,29,3,19,4,10,8,7,0.2,0,0,0,0,0,0,0,0,0,5,27,47,19
53863,234,250865,3,20,2,9,0,6,0,6,3,34,0.033333333,0,0,0,0,0,0,0,0,0,0,8,20,0
53870,658,110497,3,2,2,0,0,0,0,0,0,24,0.066666667,0,0,0,0,0,0,0,0,0,0,1,1,0
53890,82,247683,1,82,9,44,22,5,0,35,2,23,0.2,0,0,4,6,12,0,0,0,0,0,40,35,12
53909,883,334927,12,17,3,8,0,4,0,3,2,7,0.066666667,0,0,0,0,0,0,0,0,0,0,8,13,0
53914,11,24979,2,1,1,0,0,0,0,0,0,25,0.033333333,0,0,0,0,0,0,0,0,0,0,1,1,0
53931,409,247683,5,92,7,31,10,30,0,31,14,23,0.066666667,0,0,0,0,0,0,0,0,0,0,43,67,0
53939,773,346877,2,9,2,5,0,1,0,4,1,9,0.033333333,0,0,0,0,0,0,0,0,0,0,7,9,0
53966,274,334927,4,10,3,3,2,1,1,2,0,7,0.033333333,0,0,0,0,0,0,0,0,0,0,6,10,0
53968,68,346877,4,37,6,12,0,6,9,11,3,9,0.033333333,0,0,0,0,0,0,0,0,0,0,10,37,0
53971,283,247683,4,1,1,0,0,0,0,0,0,23,0.033333333,0,0,0,0,0,0,0,0,0,0,1,1,0
53972,68,457932,4,22,3,5,6,4,0,4,3,21,0.066666667,0,0,0,0,0,0,0,0,0,0,11,1,0
53978,362,334927,3,15,5,10,0,0,0,5,0,7,0.066666667,0,1,0,0,0,0,0,0,0,0,6,14,0
53982,111,399092,4,108,11,21,18,17,5,30,6,101,0.066666667,0,0,0,0,0,0,0,0,0,0,28,2,0
53983,106,127749,1,106,8,4,71,3,2,5,0,102,0.033333333,0,0,0,0,0,0,0,0,0,0,24,106,0
53996,147,334927,2,6,4,2,0,0,0,2,0,7,0.1,0,0,1,0,0,0,0,0,0,0,3,1,1
54016,256,399092,1,256,14,28,41,21,18,98,12,101,0.1,0,0,0,0,0,0,0,0,0,0,38,27,39
54026,377,346877,3,176,16,65,18,51,0,42,17,9,0.2,0,8,63,0,0,0,0,0,0,0,39,9,63
54032,309,261579,2,301,37,65,11,48,103,50,24,5,0.2,78,13,17,0,0,0,0,0,0,0,37,183,13
54036,9,334927,1,9,8,0,0,0,0,0,0,7,0.1,0,0,0,0,0,0,1,0,0,0,6,3,0
54039,2,261579,2,1,1,0,0,0,0,0,0,5,0.033333333,0,0,1,0,0,0,0,0,0,0,1,1,0
54044,300,399092,3,193,7,31,67,21,6,51,9,101,0.166666667,0,0,0,60,0,41,0,0,0,0,43,43,41
54050,668,247683,9,35,4,19,0,8,0,12,4,23,0.066666667,0,0,0,0,0,0,0,0,0,0,14,20,0
54051,463,110497,5,1,1,0,0,0,0,0,0,24,0.033333333,0,0,0,0,0,0,0,0,0,0,1,1,0
54071,443,346877,7,149,23,40,24,29,5,32,12,9,0.2,0,0,0,0,0,0,0,0,0,0,32,96,32
54081,18,457932,1,18,4,7,6,0,0,3,0,21,0.066666667,0,0,0,0,0,0,0,0,0,0,7,13,0
54084,122,502584,2,10,3,3,0,2,0,2,2,143,0.066666667,0,1,0,0,0,0,0,0,0,0,7,9,0
54092,283,110497,4,101,11,35,1,25,0,33,11,24,0.1,0,0,0,0,0,0,0,0,0,0,22,39,30
54094,316,346877,2,160,21,30,57,14,2,36,3,9,0.2,3,0,0,13,0,0,0,0,0,0,28,93,0
54103,67,346877,3,1,1,0,0,0,0,0,0,9,0.033333333,0,0,0,0,0,0,0,0,0,0,1,1,0
54108,198,247683,4,14,4,4,0,3,0,3,3,23,0.033333333,0,0,0,0,0,0,0,0,0,0,9,14,0
54121,528,85168,2,221,7,34,120,24,6,19,10,139,0.166666667,0,0,0,0,0,0,0,0,0,0,42,31,124
54124,7,140022,2,6,5,0,0,0,0,0,0,232,0.033333333,0,0,0,0,0,0,0,0,0,0,5,6,0
54132,235,85576,1,235,15,34,127,25,8,29,12,54,0.233333333,0,0,57,0,0,0,0,4,0,0,67,74,0
54133,124,346877,1,124,25,43,0,28,6,22,18,9,0.133333333,0,0,0,0,0,0,0,0,0,0,18,102,0
54134,105,127749,2,84,11,32,0,23,0,21,18,102,0.266666667,0,0,0,0,0,0,0,0,0,0,37,21,0
54152,33,334927,2,29,6,19,0,2,0,13,1,7,0.1,0,0,0,0,0,0,0,0,0,0,12,25,4
54176,607,346877,2,442,47,94,52,69,68,114,23,9,0.333333333,0,0,0,56,0,0,0,0,0,0,47,216,92
54180,16,457932,1,16,1,5,6,1,0,4,1,21,0.033333333,0,0,0,0,0,0,0,0,0,0,7,16,0
54182,32,334927,2,20,4,9,3,0,1,10,0,7,0.033333333,0,0,0,0,0,0,0,0,0,0,13,20,0
54185,118,346877,1,118,8,39,26,19,6,33,9,9,0.166666667,8,0,0,0,0,0,0,0,0,0,30,77,4
54199,18,127749,2,7,4,0,0,0,1,0,0,102,0.033333333,0,0,0,0,0,0,0,0,0,0,4,7,0
54200,45,250865,4,17,11,3,0,2,0,2,1,34,0.066666667,0,0,0,0,0,0,0,0,0,0,8,2,0
54218,49,334927,2,1,1,0,0,0,0,0,0,7,0.033333333,0,0,0,0,0,0,0,0,0,0,1,1,0
54224,15,334927,3,7,2,2,0,1,1,1,1,7,0.033333333,0,0,0,0,0,0,0,0,0,0,5,7,0
54235,187,261579,1,187,26,54,10,39,30,32,24,5,0.4,8,0,5,0,23,0,0,0,16,2,45,22,24
54238,33,346877,2,4,2,2,0,0,0,1,0,9,0.033333333,0,0,0,0,0,0,0,0,0,0,4,4,0
54241,13,457932,1,13,2,3,4,2,0,2,1,21,0.033333333,0,0,0,0,0,0,0,0,0,0,7,13,0
54254,1427,140022,3,1212,11,75,764,59,5,175,43,232,0.233333333,0,41,0,132,0,0,206,109,0,0,292,733,206
54255,155,399092,5,8,3,3,0,2,0,2,0,101,0.033333333,0,0,0,0,0,0,0,0,0,0,6,8,0
54264,820,24979,9,1,1,0,0,0,0,0,0,25,0.033333333,0,0,0,0,0,0,0,0,0,0,1,1,0
54272,71,250865,2,4,4,0,0,0,0,0,0,34,0.066666667,0,0,0,0,0,0,0,0,0,0,2,3,1
54287,176,346877,3,28,4,9,4,6,0,7,4,9,0.133333333,0,1,0,0,0,7,0,0,0,0,14,18,0
54294,374,261579,3,1,1,0,0,0,0,0,0,5,0.033333333,0,0,1,0,0,0,0,0,0,0,1,1,0
54300,42,457932,1,42,15,10,3,5,6,3,1,21,0.066666667,0,0,0,0,0,0,0,0,0,0,12,38,0
54305,39,46603,5,8,1,3,0,2,0,2,2,5,0.033333333,0,0,0,0,0,0,0,0,0,0,6,8,0
54325,63,399092,5,2,2,0,0,0,0,0,0,101,0.066666667,0,0,0,0,0,0,0,0,0,0,1,2,0
54335,382,250865,2,178,13,53,19,42,8,60,16,34,0.166666667,97,0,0,9,0,0,0,0,0,0,25,15,132
54340,2041,334927,7,1,1,0,0,0,0,0,0,7,0.033333333,0,0,0,0,0,0,0,0,0,0,1,1,0
54341,5,346877,3,1,1,0,0,0,0,0,0,9,0.033333333,0,0,0,0,0,0,0,0,0,0,1,1,0
54346,344,188602,9,9,2,3,0,2,0,2,2,96,0.033333333,0,0,0,0,0,0,0,0,0,0,7,9,0
54350,68,457932,2,67,16,26,3,10,3,11,6,21,0.1,0,0,0,0,0,0,0,28,0,13,18,26,13
54352,344,86829,9,6,2,2,0,1,0,1,1,63,0.033333333,0,0,0,0,0,0,0,0,0,0,5,6,0
54357,1,334927,1,1,1,0,0,0,0,0,0,7,0.033333333,0,0,0,0,0,0,0,0,0,0,1,1,0
54361,42,250865,1,42,11,12,0,3,9,8,2,34,0.166666667,0,0,0,0,0,0,0,0,0,0,10,32,5
54373,1,457932,1,1,1,0,0,0,0,0,0,21,0.033333333,0,0,0,0,0,0,0,0,0,0,1,1,0
54376,18,502584,10,2,2,0,0,0,0,0,0,143,0.066666667,0,0,0,0,0,0,0,0,0,0,1,1,1
54381,1,502584,1,1,1,0,0,0,0,0,0,143,0.033333333,0,0,0,0,0,0,0,0,0,0,1,1,0
54399,42,127749,3,40,1,15,0,12,0,15,11,102,0.033333333,0,0,0,0,0,0,0,0,0,0,21,40,0
54402,2,502584,1,2,2,0,0,0,0,0,0,143,0.033333333,0,0,0,0,0,0,0,0,0,0,1,2,0
54410,80,46603,2,1,1,0,0,0,0,0,0,5,0.033333333,0,0,0,0,0,0,0,0,0,0,1,1,0
54422,16,399092,1,16,7,2,0,1,0,5,1,101,0.066666667,0,0,0,0,1,0,0,0,0,0,6,15,0
54425,106,247683,7,24,9,5,0,5,0,5,5,23,0.1,0,0,0,0,1,0,0,0,0,0,10,23,1
54467,112,346877,1,112,15,33,11,27,0,27,18,9,0.266666667,0,4,20,0,0,0,0,0,30,0,43,62,25
54469,8,334927,1,8,2,3,0,2,0,2,1,7,0.033333333,0,0,0,0,0,0,0,0,0,0,6,8,0
54471,2,188602,2,1,1,0,0,0,0,0,0,96,0.033333333,0,0,0,0,0,0,0,0,0,0,1,1,0
54480,479,110497,4,167,31,72,9,29,1,67,6,24,0.166666667,0,0,0,0,0,0,0,1,0,0,29,41,60
54486,1,502584,1,1,1,0,0,0,0,0,0,143,0.033333333,0,0,0,0,0,0,0,0,0,0,1,1,0
54494,75,457932,2,21,5,7,4,3,1,2,0,21,0.033333333,0,0,0,0,0,0,0,0,0,0,6,21,0
54495,13,250865,2,5,2,2,0,0,0,1,1,34,0.033333333,0,0,0,0,0,0,0,0,0,0,5,5,0
54501,20,334927,2,2,2,0,0,0,0,0,0,7,0.033333333,0,0,0,0,0,0,0,0,0,0,2,2,0
54509,320,85576,3,94,52,19,0,12,5,8,1,54,0.266666667,0,0,0,1,0,0,0,0,0,0,11,40,33
54534,18,260769,3,6,2,2,0,1,0,1,1,0,0.033333333,0,0,0,0,0,0,0,0,0,0,5,6,0
54555,370,85168,5,24,5,7,0,4,0,12,2,139,0.033333333,0,0,0,0,0,0,0,0,0,0,13,24,0
54572,192,250865,4,36,3,11,7,8,0,13,0,34,0.066666667,0,0,0,0,0,0,0,0,0,0,11,27,0
54574,42,261579,1,42,6,16,0,12,3,11,2,5,0.1,0,0,13,0,0,0,0,0,0,0,8,20,9
54577,25,334927,1,25,2,10,0,8,0,7,5,7,0.066666667,0,0,0,0,0,0,0,0,0,0,13,12,13
54578,395,110497,4,8,1,3,0,2,0,3,1,24,0.033333333,0,0,0,0,0,0,0,0,0,0,5,8,0
54582,28,457932,1,28,2,13,4,5,0,10,3,21,0.1,0,0,0,0,0,0,0,0,0,0,11,26,1
54591,1,74042,1,1,1,0,0,0,0,0,0,27,0.033333333,0,0,0,0,0,0,0,0,0,0,1,1,0
54595,116,74042,6,20,3,9,0,6,0,6,2,27,0.066666667,0,0,0,0,0,0,0,0,0,0,9,9,11
54597,1435,74042,9,74,11,34,0,19,0,21,10,27,0.066666667,0,0,0,45,0,0,0,0,0,0,19,29,0
54598,1,74042,1,1,1,0,0,0,0,0,0,27,0.033333333,0,0,0,0,0,0,0,0,0,0,1,1,0
54600,3,74042,1,3,3,0,0,0,0,0,0,27,0.033333333,0,0,0,0,0,0,0,0,0,0,2,3,0
54607,7,74042,1,7,6,0,0,0,0,0,0,27,0.033333333,0,0,0,0,0,0,0,0,0,0,5,7,0
54615,18,74042,1,18,4,9,0,3,0,2,2,27,0.033333333,0,0,0,0,0,0,0,0,0,0,8,18,0
54617,9,74042,1,9,3,2,0,2,0,2,2,27,0.033333333,0,0,0,0,0,0,0,0,0,0,8,9,0
54628,134,74042,3,1,1,0,0,0,0,0,0,27,0.033333333,0,0,0,0,0,0,0,0,0,0,1,1,0
54635,159,74042,5,1,1,0,0,0,0,0,0,27,0.033333333,0,0,1,0,0,0,0,0,0,0,1,1,0
54672,3253,334927,7,8,4,0,0,0,4,0,0,7,0.033333333,8,0,0,0,0,0,0,0,0,0,3,8,0
54678,213,250865,2,196,5,22,91,17,6,51,3,34,0.1,0,0,101,27,68,0,0,0,0,0,40,101,27
54688,8,878119,1,8,2,3,0,1,0,4,0,20,0.033333333,0,0,0,0,0,0,0,0,0,0,5,8,0
54699,33,21560,2,24,3,12,0,1,0,13,1,9,0.066666667,0,0,0,0,0,0,0,0,0,0,6,20,0
54707,23,878119,1,23,2,11,0,6,0,10,4,20,0.033333333,0,0,0,0,0,0,0,0,0,0,10,23,0
54734,389,457932,1,389,24,143,41,83,39,108,54,21,0.3,0,7,91,0,0,76,0,8,90,0,92,128,96
54736,226,346877,3,180,18,54,33,26,11,55,15,9,0.2,14,45,0,0,0,48,0,2,0,0,47,68,0
54744,51,247683,1,51,4,18,12,15,0,15,2,23,0.066666667,29,0,0,0,0,0,22,0,0,0,22,29,0
54760,9,260769,1,9,3,2,0,1,1,1,1,0,0.033333333,0,0,0,0,9,0,0,0,0,0,6,9,0
54761,49,346877,1,49,4,19,4,13,0,14,8,9,0.1,0,0,0,4,0,0,0,14,0,0,14,31,4
54766,138,457932,1,138,18,73,24,5,9,53,2,21,0.133333333,0,8,0,0,0,6,0,0,0,78,51,14,0
54770,290,334927,3,223,25,75,14,56,19,44,30,7,0.2,0,65,0,0,0,0,0,0,0,0,38,46,80
54774,46,346877,1,46,2,8,18,7,0,13,4,9,0.033333333,0,0,0,0,0,0,0,46,0,0,16,46,0
54776,105,457932,1,105,6,28,42,8,0,21,5,21,0.1,0,55,0,0,0,49,0,0,0,0,33,1,0
54777,71,457932,1,71,19,17,23,8,4,16,0,21,0.1,0,0,0,0,3,39,0,0,0,0,30,29,3
54789,2,878119,1,2,2,0,0,0,0,0,0,20,0.033333333,0,0,0,0,0,0,0,0,0,0,2,2,0
54793,34,457932,1,34,4,11,2,9,0,9,7,21,0.033333333,0,0,0,0,0,34,0,0,0,0,15,34,0
54794,69,878119,1,69,13,20,3,16,0,23,12,20,0.1,0,0,0,0,0,0,0,0,0,0,28,20,48
54795,426,878119,2,256,25,104,21,63,6,85,23,20,0.4,0,0,24,25,0,0,11,17,0,0,61,35,139
54796,243,457932,1,243,22,84,39,43,9,77,32,21,0.2,0,0,0,7,0,98,0,0,0,0,63,59,7
54801,6,110497,6,1,1,0,0,0,0,0,0,24,0.033333333,0,0,0,0,0,0,0,1,0,0,1,1,0
54803,6,247683,6,1,1,0,0,0,0,0,0,23,0.033333333,0,0,0,0,0,0,1,0,0,0,1,1,0
54804,6,140022,6,1,1,0,0,0,0,0,0,232,0.033333333,0,0,0,0,1,0,0,0,0,0,1,1,0
54811,6,127749,6,1,1,0,0,0,0,0,0,102,0.033333333,0,0,0,0,1,0,0,0,0,0,1,1,0
54812,190,247683,1,190,11,64,22,59,6,58,24,23,0.166666667,0,0,0,0,0,0,7,53,0,0,71,10,0
54813,9,334927,1,9,2,3,0,2,0,2,2,7,0.033333333,0,9,0,0,0,0,0,0,0,0,7,9,0
54823,158,127749,3,37,6,11,0,10,0,10,10,102,0.1,0,0,0,0,33,0,0,0,0,0,23,4,0
54837,448,148500,7,1,1,0,0,0,0,0,0,29,0.033333333,0,0,0,0,0,0,0,0,0,0,1,1,0
54858,15,457932,2,1,1,0,0,0,0,0,0,21,0.033333333,0,0,0,0,0,1,0,0,0,0,1,1,0
54863,105,334927,2,98,7,33,18,25,2,28,12,7,0.033333333,0,98,0,0,0,0,0,0,0,0,26,98,0
54891,85,250865,3,1,1,0,0,0,0,0,0,34,0.033333333,0,0,0,0,1,0,0,0,0,0,1,1,0
54898,6,457932,1,6,2,2,1,1,0,1,0,21,0.033333333,0,0,0,0,0,6,0,0,0,0,4,6,0
54928,861,346877,4,1,0,0,0,0,1,0,0,9,0.033333333,0,0,0,0,0,0,0,1,0,0,1,1,0
54933,126,457932,3,89,10,23,16,20,2,18,14,21,0.066666667,0,0,0,0,0,66,0,0,23,0,42,66,0
54942,505,346877,3,127,19,33,22,25,0,36,11,9,0.233333333,50,0,0,0,0,0,0,10,0,0,38,31,13
54947,51,43183,2,48,22,8,5,1,0,16,1,24,0.033333333,0,0,0,0,0,0,0,0,0,0,10,48,0
54951,2,86829,2,1,1,0,0,0,0,0,0,63,0.033333333,0,0,0,0,0,0,0,1,0,0,1,1,0
54953,385,878119,2,228,32,70,20,49,43,39,2,20,0.3,68,0,0,0,1,0,20,0,0,0,30,29,155
54960,38,43183,2,37,3,7,11,5,0,14,0,24,0.1,0,0,0,0,0,0,0,0,0,0,11,33,0
54961,4,334927,4,1,1,0,0,0,0,0,0,7,0.033333333,0,1,0,0,0,0,0,0,0,0,1,1,0
54963,25,457932,2,19,2,6,7,1,0,5,1,21,0.033333333,0,0,0,0,0,19,0,0,0,0,11,19,0
54999,23,148500,1,23,5,4,0,3,2,7,2,29,0.033333333,0,0,0,0,0,0,0,0,0,0,10,23,0
55007,3,250865,3,1,1,0,0,0,0,0,0,34,0.033333333,0,0,0,0,1,0,0,0,0,0,1,1,0
55034,191,878119,5,4,4,0,0,0,0,0,0,20,0.1,0,0,0,0,0,0,0,0,0,0,1,1,1
55039,265,346877,4,64,10,31,0,13,1,15,8,9,0.2,0,0,0,0,0,0,0,15,0,0,18,19,18
55042,352,457932,2,263,14,85,43,62,23,64,34,21,0.266666667,1,15,0,0,0,89,22,11,0,0,60,1,104
55045,223,127749,2,221,13,25,121,21,0,21,14,102,0.066666667,0,0,0,0,38,0,0,0,183,0,72,38,0
55066,33,457932,1,33,7,16,4,1,1,13,2,21,0.066666667,0,0,0,30,0,3,0,0,0,0,19,30,0
55070,90,878119,5,44,8,25,6,1,0,25,1,20,0.033333333,0,0,0,0,0,0,0,0,0,0,15,44,0
55072,235,878119,1,235,19,85,23,72,0,62,31,20,0.266666667,0,0,0,0,0,6,4,109,0,0,45,36,0
55075,18,878119,1,18,5,6,0,5,2,5,0,20,0.033333333,0,0,0,0,0,0,0,0,0,0,6,18,0
55085,44,346877,1,44,2,12,15,0,0,25,0,9,0.033333333,0,0,0,0,0,0,0,44,0,0,11,44,0
55097,2,334927,1,2,2,0,0,0,0,0,0,7,0.033333333,0,2,0,0,0,0,0,0,0,0,1,2,0
55101,16,250865,1,16,5,6,0,4,0,3,1,34,0.066666667,10,0,0,0,6,0,0,0,0,0,9,16,0
55109,11,260769,2,9,4,3,0,1,0,2,1,0,0.066666667,0,0,0,0,7,0,0,0,0,0,5,2,0
55117,299,457932,3,41,3,18,3,10,0,15,6,21,0.066666667,0,0,0,0,13,28,0,0,0,0,17,13,28
55125,63,457932,1,63,6,18,13,14,2,12,9,21,0.1,0,53,0,0,0,2,0,0,0,0,27,8,0
55126,18,334927,2,9,2,3,0,2,0,2,2,7,0.033333333,0,9,0,0,0,0,0,0,0,0,5,9,0
55128,3,878119,1,3,3,0,0,0,0,0,0,20,0.033333333,0,0,0,0,0,0,0,0,0,0,2,3,0
55146,3,457932,1,3,1,2,0,0,0,1,0,21,0.033333333,0,0,0,0,0,3,0,0,0,0,3,3,0
55147,42,878119,1,42,10,22,4,2,0,18,1,20,0.066666667,0,0,0,0,0,0,0,0,0,0,19,35,0
55154,147,878119,1,147,13,70,6,17,10,66,6,20,0.233333333,0,0,0,0,0,0,0,0,0,0,22,24,56
55163,41,878119,1,41,4,22,2,6,0,24,5,20,0.066666667,0,0,0,0,0,0,0,0,0,0,17,33,8
55169,4,334927,1,4,2,2,0,0,0,1,0,7,0.033333333,0,4,0,0,0,0,0,0,0,0,4,4,0
55188,27,85576,2,22,2,2,0,0,17,1,0,54,0.033333333,0,0,0,0,0,0,0,22,0,0,4,22,0
55190,6,85576,3,3,3,0,0,0,0,0,0,54,0.066666667,0,2,0,0,0,0,0,1,0,0,1,2,0
55200,688,457932,3,125,26,42,47,1,0,40,1,21,0.133333333,0,37,0,0,0,19,0,0,0,0,48,55,56
55202,81,46603,1,81,5,54,0,13,0,43,9,5,0.133333333,0,0,0,27,0,2,9,43,0,0,17,27,0
55209,3,878119,3,1,1,0,0,0,0,0,0,20,0.033333333,0,0,0,0,0,0,0,0,0,0,1,1,0
55211,13,85168,1,13,2,6,0,5,0,5,0,139,0.033333333,0,0,0,0,0,0,0,13,0,0,8,13,0
55220,483,86829,9,21,6,9,0,2,2,4,1,63,0.066666667,0,0,0,0,0,0,0,6,0,0,9,15,0
55230,51,34988,2,3,3,0,0,0,0,0,0,108,0.033333333,0,0,0,0,0,0,0,0,0,0,2,3,0
55237,183,247683,1,183,13,70,17,58,0,59,18,23,0.166666667,0,0,0,0,0,0,0,48,0,0,54,23,0
55242,69,878119,1,69,4,25,3,21,0,21,15,20,0.1,0,0,0,0,0,0,0,0,0,0,27,39,17
55247,69,110497,4,40,3,19,5,0,0,24,1,24,0.066666667,0,0,0,0,9,0,0,31,0,0,14,9,0
55251,17,188602,1,17,5,7,0,3,0,4,2,96,0.033333333,0,0,0,0,0,0,0,17,0,0,8,17,0
55252,192,346877,2,116,7,49,40,6,1,41,4,9,0.2,0,27,0,0,0,10,6,38,18,17,44,37,6
55265,261,247683,1,261,8,90,19,81,12,79,49,23,0.2,0,0,0,0,0,0,0,61,0,0,67,11,0
55269,6,878119,1,6,2,3,0,0,0,3,0,20,0.033333333,0,0,0,0,0,0,0,0,0,0,5,6,0
55272,15,346877,1,15,5,6,0,4,0,3,0,9,0.033333333,0,0,0,0,0,0,0,15,0,0,7,15,0
55294,28,457932,8,1,1,0,0,0,0,0,0,21,0.033333333,0,0,0,0,0,1,0,0,0,0,1,1,0
55300,28,85576,8,1,1,0,0,0,0,0,0,54,0.033333333,0,0,0,0,0,0,0,1,0,0,1,1,0
55316,44,334927,2,6,2,2,0,1,0,1,1,7,0.033333333,0,6,0,0,0,0,0,0,0,0,5,6,0
55323,1125,188602,5,102,8,28,34,15,2,16,6,96,0.2,0,8,0,66,0,4,10,4,0,0,30,12,20
55356,467,250865,1,467,23,101,71,79,21,165,61,34,0.2,0,0,21,0,16,0,138,99,127,0,67,193,21
55357,94,457932,1,94,9,32,17,21,0,21,13,21,0.1,0,0,34,0,0,18,0,0,0,0,29,42,34
55369,227,247683,1,227,16,87,21,74,0,66,29,23,0.2,0,0,0,0,0,0,0,44,0,0,68,11,9
55396,1,43183,1,1,1,0,0,0,0,0,0,24,0.033333333,0,0,0,0,0,0,0,0,0,0,1,1,0
55397,71,42723,3,31,9,11,0,7,0,6,4,6,0.033333333,0,0,0,0,0,0,0,31,0,0,17,31,0
55401,339,250865,2,69,11,26,0,19,0,16,10,34,0.066666667,0,0,0,0,62,0,0,7,0,0,24,62,0
55408,171,247683,2,169,20,82,26,5,31,63,1,23,0.166666667,0,0,0,0,0,0,0,21,0,0,39,135,0
55415,62,85576,1,62,4,15,7,13,6,13,8,54,0.033333333,0,0,0,0,0,0,0,62,0,0,25,62,0
55424,167,334927,3,1,1,0,0,0,0,0,0,7,0.033333333,0,1,0,0,0,0,0,0,0,0,1,1,0
55426,1633,188602,5,310,15,82,108,45,0,83,15,96,0.366666667,7,0,0,0,0,0,0,66,0,0,64,57,47
55442,166,334927,3,99,4,34,0,25,15,27,21,7,0.066666667,0,77,0,0,0,22,0,0,0,0,33,99,0
55446,680,250865,13,10,5,3,0,1,0,2,1,34,0.066666667,0,0,0,0,7,0,0,0,0,0,5,3,0
55462,4,346877,1,4,2,2,0,0,0,1,0,9,0.033333333,0,0,0,0,0,0,0,4,0,0,4,4,0
55473,6,260769,1,6,2,2,0,1,0,1,1,0,0.033333333,0,0,0,0,6,0,0,0,0,0,5,6,0
55483,2615,127749,9,619,23,118,302,66,1,95,46,102,0.3,16,0,0,0,125,0,0,0,0,0,129,38,133
55484,779,250865,4,137,8,46,13,29,6,52,13,34,0.166666667,0,0,0,0,16,0,0,0,0,0,15,25,99
55489,153,346877,1,153,22,46,33,7,12,54,2,9,0.2,0,0,0,13,0,0,0,33,0,0,35,26,17
55505,86,86829,3,51,9,31,0,2,2,25,3,63,0.133333333,19,0,0,0,0,0,0,17,0,0,24,7,0
55549,5,250865,1,5,3,0,0,0,1,0,0,34,0.033333333,0,0,0,0,5,0,0,0,0,0,4,5,0
55551,809,85576,5,3,3,0,0,0,0,0,0,54,0.066666667,0,0,0,0,0,0,0,2,1,0,2,2,1
55553,43,346877,2,41,3,9,12,8,0,10,7,9,0.066666667,0,0,0,0,0,0,2,39,0,0,17,2,39
55557,985,346877,9,35,12,7,0,4,9,2,2,9,0.1,0,0,0,0,0,0,0,18,0,0,9,10,7
55559,13,878119,1,13,4,4,0,3,0,3,2,20,0.033333333,0,0,0,0,0,0,0,0,0,0,10,13,0
55566,401,188602,3,134,9,45,16,36,0,34,23,96,0.166666667,0,0,0,0,0,4,0,59,0,0,53,24,4
55570,112,334927,2,45,8,13,8,8,0,12,2,7,0.066666667,0,39,0,0,0,0,0,0,0,0,16,6,0
55595,2307,188602,10,430,23,84,155,56,20,82,28,96,0.4,14,0,0,3,0,40,3,4,0,0,87,20,38
55597,5,878119,1,5,1,2,0,1,0,2,0,20,0.033333333,0,0,0,0,0,0,0,0,0,0,3,5,0
55598,1879,188602,3,104,10,35,18,25,0,24,12,96,0.133333333,0,0,0,39,0,0,9,2,0,0,28,63,2
55603,153,878119,1,153,16,82,8,28,0,66,16,20,0.233333333,0,0,0,0,0,0,0,0,0,0,57,75,6
55608,69,457932,3,57,14,11,8,10,4,9,6,21,0.033333333,0,0,0,0,0,57,0,0,0,0,21,57,0
55613,10,334927,1,10,6,2,0,1,0,1,1,7,0.033333333,0,10,0,0,0,0,0,0,0,0,6,10,0
55615,32,46603,1,32,10,6,0,4,8,5,3,5,0.133333333,0,0,0,9,0,0,0,0,0,0,10,4,17
55619,127,878119,1,127,36,27,14,19,10,26,2,20,0.133333333,0,0,0,12,0,0,0,0,0,0,24,82,45
55621,189,457932,2,24,3,12,3,5,0,7,0,21,0.066666667,0,0,0,0,0,13,0,0,0,0,8,11,13
55627,400,878119,3,146,13,58,6,44,3,47,13,20,0.166666667,0,0,0,0,0,0,0,0,0,0,34,7,75
55638,413,247683,9,12,2,7,0,2,0,6,1,23,0.033333333,0,0,0,0,0,0,0,12,0,0,5,12,0
55652,14,188602,1,14,5,2,0,1,3,1,1,96,0.033333333,0,0,0,0,0,0,0,14,0,0,7,14,0
55655,689,21560,13,6,2,2,0,1,0,1,1,9,0.033333333,0,0,0,0,0,0,0,0,0,0,5,6,0
55663,84,127749,3,29,20,6,0,0,1,2,0,102,0.1,0,0,1,13,15,0,0,0,0,0,9,1,13
55671,945,140022,6,264,2,36,32,32,0,105,31,232,0.033333333,0,0,0,0,264,0,0,0,0,0,63,264,0
55672,55,110497,5,1,1,0,0,0,0,0,0,24,0.033333333,0,0,0,0,0,0,0,1,0,0,1,1,0
55691,839,188602,3,59,12,23,0,17,0,14,6,96,0.2,0,0,0,0,0,0,0,4,0,0,18,7,22
55692,114,346877,3,17,7,6,0,1,3,2,0,9,0.066666667,0,0,0,0,0,0,0,7,0,0,7,10,0
55695,19,878119,1,19,11,4,0,1,0,3,1,20,0.1,5,0,0,0,0,0,0,0,0,0,11,14,5
55721,74,457932,2,18,4,6,2,4,0,3,2,21,0.066666667,0,0,0,0,0,8,0,0,0,0,8,10,0
55727,435,346877,2,120,20,32,42,3,2,43,2,9,0.133333333,0,0,0,46,29,0,41,4,0,0,31,46,29
55728,1,43183,1,1,1,0,0,0,0,0,0,24,0.033333333,0,0,0,0,0,0,0,0,0,0,1,1,0
55732,601,127749,3,1,1,0,0,0,0,0,0,102,0.033333333,0,0,0,0,1,0,0,0,0,0,1,1,0
55735,173,457932,3,120,10,35,18,27,10,20,18,21,0.133333333,0,17,0,0,0,26,0,0,0,0,49,43,0
55750,206,250865,1,206,20,34,53,25,2,59,7,34,0.233333333,38,0,46,0,12,6,0,0,0,0,42,50,50
55753,49,188602,1,49,3,27,0,13,1,12,5,96,0.033333333,0,0,0,0,0,0,0,49,0,0,12,49,0
55757,1,346877,1,1,1,0,0,0,0,0,0,9,0.033333333,0,0,0,0,0,0,0,1,0,0,1,1,0
55773,31,346877,2,18,3,8,0,5,0,3,2,9,0.1,0,0,7,0,0,0,0,7,0,0,7,4,7
55775,4,148500,1,4,4,0,0,0,0,0,0,29,0.1,0,1,0,0,0,0,0,0,0,0,2,2,0
55793,2,334927,1,2,2,0,0,0,0,0,0,7,0.033333333,0,2,0,0,0,0,0,0,0,0,2,2,0
55817,146,878119,3,87,18,32,0,24,3,21,8,20,0.133333333,0,0,0,0,0,0,0,0,0,0,23,22,0
55834,887,247683,10,179,17,56,14,30,52,39,10,23,0.133333333,0,0,0,0,0,0,0,29,0,0,37,131,29
55836,48,878119,1,48,2,17,7,11,0,18,5,20,0.033333333,0,0,0,0,0,0,0,0,0,0,19,48,0
55840,266,188602,3,213,21,41,67,31,6,37,15,96,0.366666667,0,0,0,0,6,0,0,7,0,0,47,19,16
55842,3,334927,1,3,3,0,0,0,0,0,0,7,0.066666667,0,2,0,0,0,0,0,0,0,1,2,2,0
55858,152,247683,1,152,20,50,26,2,49,40,0,23,0.2,25,0,0,0,0,0,0,25,0,0,38,78,10
55863,23,878119,2,8,5,2,0,1,0,1,0,20,0.033333333,0,0,0,0,0,0,0,0,0,0,5,8,0
55866,26,346877,1,26,1,9,0,8,0,8,8,9,0.033333333,0,0,0,0,0,0,0,26,0,0,16,26,0
55868,39,334927,4,1,1,0,0,0,0,0,0,7,0.033333333,0,1,0,0,0,0,0,0,0,0,1,1,0
55876,15,457932,1,15,2,4,3,3,0,3,2,21,0.033333333,0,0,0,0,0,15,0,0,0,0,9,15,0
55881,165,457932,2,85,13,21,0,16,2,13,10,21,0.1,0,0,0,0,0,16,0,0,49,20,21,16,0
55882,23,346877,2,15,2,5,0,4,0,4,4,9,0.033333333,0,0,0,0,0,0,0,15,0,0,11,15,0
55883,634,260769,3,367,10,134,25,52,2,183,50,0,0.166666667,0,0,47,0,28,82,0,0,205,0,86,52,0
55889,29,247683,2,1,1,0,0,0,0,0,0,23,0.033333333,0,0,0,0,0,0,0,1,0,0,1,1,0
55890,6,334927,1,6,2,2,0,1,0,1,1,7,0.033333333,0,6,0,0,0,0,0,0,0,0,5,6,0
55892,13,878119,1,13,5,6,0,2,0,3,0,20,0.033333333,0,0,0,0,0,0,0,0,0,0,7,13,0
55909,78,878119,1,78,13,26,1,20,1,21,12,20,0.2,0,0,0,0,0,0,0,0,0,0,26,43,6
55917,95,334927,1,95,20,45,17,3,2,30,0,7,0.2,0,22,0,0,0,0,12,0,0,0,31,58,12
55944,36,188602,1,36,10,24,0,1,0,15,1,96,0.033333333,0,0,0,0,0,0,0,36,0,0,10,36,0
55948,624,85168,1,624,27,109,156,79,57,180,42,139,0.266666667,0,0,0,0,0,0,0,97,0,0,76,34,5
55963,158,334927,1,158,25,52,7,34,17,33,15,7,0.166666667,0,2,4,0,0,0,0,0,0,0,28,82,46
55965,2,878119,2,1,1,0,0,0,0,0,0,20,0.033333333,0,0,0,0,0,0,0,0,0,0,1,1,0
55989,72,247683,1,72,28,16,20,4,2,12,0,23,0.166666667,0,0,0,15,0,0,0,15,0,0,28,44,0
55999,20,457932,4,2,2,0,0,0,0,0,0,21,0.033333333,0,0,0,0,0,2,0,0,0,0,2,2,0
56001,126,85576,3,29,8,15,0,4,0,9,2,54,0.133333333,12,0,0,0,0,0,0,4,0,0,10,7,0
56002,126,346877,2,19,4,8,0,5,0,3,2,9,0.066666667,0,0,0,0,0,0,0,7,0,0,6,12,0
56016,113,878119,1,113,17,45,6,22,8,27,12,20,0.2,0,0,0,0,0,0,0,0,0,0,25,61,0
56021,171,247683,1,171,22,56,20,47,0,48,22,23,0.1,0,0,0,0,0,0,0,45,0,0,70,171,0
56026,168,878119,3,131,17,68,11,7,14,50,7,20,0.2,0,0,0,0,0,0,0,0,0,0,37,72,48
56029,175,247683,1,175,6,76,20,45,0,71,24,23,0.166666667,0,22,0,0,0,0,0,47,0,0,66,153,0
56033,46,27035,2,1,1,0,0,0,0,0,0,60,0.033333333,0,0,0,0,0,1,0,0,0,0,1,1,0
56048,6,334927,1,6,2,2,0,1,0,1,1,7,0.033333333,0,6,0,0,0,0,0,0,0,0,4,6,0
56055,375,878119,3,211,17,58,59,45,3,51,8,20,0.133333333,0,111,0,0,69,0,0,0,0,0,53,18,13
56061,170,878119,2,117,17,48,2,26,5,36,13,20,0.2,0,0,0,0,0,0,0,5,0,0,30,18,64
56065,131,247683,2,129,16,72,24,5,10,59,2,23,0.233333333,0,0,27,8,0,0,0,2,0,0,49,66,3
56069,1,334927,1,1,1,0,0,0,0,0,0,7,0.033333333,0,1,0,0,0,0,0,0,0,0,1,1,0
56070,10,346877,2,5,2,2,0,1,0,1,0,9,0.033333333,0,0,0,0,0,0,0,5,0,0,4,5,0
56072,10,334927,2,5,2,2,0,1,0,1,0,7,0.033333333,0,5,0,0,0,0,0,0,0,0,4,5,0
56074,573,260769,4,16,4,7,1,2,0,4,1,0,0.066666667,0,0,0,0,8,0,0,0,0,0,10,8,8
56079,132,188602,4,68,3,27,0,21,0,21,16,96,0.1,0,0,0,27,17,0,0,24,0,0,28,27,17
56091,385,457932,4,250,34,54,47,40,25,37,27,21,0.366666667,18,38,0,0,0,2,0,0,1,0,80,32,0
56096,107,247683,1,107,10,68,21,5,0,57,1,23,0.2,0,0,0,0,7,0,0,25,0,0,50,1,13
56099,888,878119,3,194,28,95,27,10,28,66,0,20,0.366666667,39,0,0,0,0,0,17,0,0,0,43,67,1
56103,142,346877,2,111,17,36,16,25,0,27,7,9,0.2,0,0,0,0,0,0,0,13,0,0,19,12,0
56124,34,110497,3,6,2,2,0,1,0,1,1,24,0.033333333,0,0,0,0,0,0,0,6,0,0,5,6,0
56132,3,457932,1,3,3,0,0,0,0,0,0,21,0.033333333,0,0,0,0,0,3,0,0,0,0,2,3,0
56134,253,247683,1,253,28,92,25,65,14,71,29,23,0.266666667,0,0,0,0,0,53,0,17,0,0,71,22,102
56136,1031,346877,8,62,4,28,18,1,1,27,2,9,0.1,0,0,0,0,0,0,0,6,0,0,24,33,0
56152,1,457932,1,1,1,0,0,0,0,0,0,21,0.033333333,0,0,0,0,0,1,0,0,0,0,1,1,0
56163,116,334927,2,91,25,50,8,0,3,29,0,7,0.166666667,0,4,0,0,0,0,0,0,0,0,21,47,9
56174,418,878119,1,418,27,121,50,98,47,112,46,20,0.166666667,0,0,0,0,95,0,0,0,0,0,79,61,0
56218,202,247683,2,164,16,51,24,42,11,52,19,23,0.2,0,2,0,0,0,1,0,13,0,0,56,83,0
56225,71,457932,1,71,4,21,13,18,1,17,14,21,0.066666667,0,0,0,0,0,10,0,0,0,0,27,71,0
56226,423,346877,4,28,2,9,5,7,0,6,3,9,0.066666667,0,0,0,0,0,0,0,8,0,0,11,20,8
56232,2,260769,2,1,1,0,0,0,0,0,0,0,0.033333333,0,0,0,0,1,0,0,0,0,0,1,1,0
56245,88,247683,1,88,9,28,7,26,2,27,13,23,0.066666667,0,0,86,0,0,0,0,2,0,0,28,86,0
56262,90,127749,1,90,12,19,36,6,2,17,3,102,0.066666667,0,0,0,0,84,0,0,0,6,0,26,84,0
56304,16,110497,3,1,1,0,0,0,0,0,0,24,0.033333333,0,0,0,0,0,0,0,1,0,0,1,1,0
56316,15,110497,1,15,3,8,0,2,0,5,2,24,0.066666667,0,0,0,0,0,7,0,8,0,0,9,7,0
56319,207,334927,3,160,20,56,2,45,1,47,23,7,0.3,0,17,0,0,0,0,0,0,0,0,26,22,42
56332,16,127749,3,12,3,8,0,0,0,5,1,102,0.066666667,0,0,0,0,10,2,0,0,0,0,8,10,2
56348,33,34988,2,3,3,0,0,0,0,0,0,108,0.033333333,0,0,0,0,0,0,0,0,0,0,1,3,0
56375,8,260769,1,8,3,2,0,1,1,1,1,0,0.033333333,0,0,0,0,8,0,0,0,0,0,5,8,0
56406,23,21560,1,23,3,12,0,2,0,11,4,9,0.066666667,0,0,0,0,0,0,0,0,0,0,9,23,0
56416,294,334927,2,56,5,27,0,13,3,15,8,7,0.166666667,0,4,0,0,0,0,0,0,0,0,12,20,24
56435,262,247683,3,183,27,59,27,47,1,47,21,23,0.166666667,0,0,0,0,0,0,0,25,0,0,49,52,123
56475,628,457932,3,159,16,55,18,45,0,38,22,21,0.2,0,0,0,0,0,4,0,0,0,69,52,30,69
56480,192,247683,1,192,19,63,20,50,9,47,23,23,0.266666667,0,0,0,0,0,0,0,25,0,0,64,48,0
56488,2,188602,1,2,2,0,0,0,0,0,0,96,0.033333333,0,0,0,0,0,0,0,2,0,0,2,2,0
56489,12,878119,1,12,5,5,0,2,0,2,0,20,0.033333333,0,0,0,0,0,0,0,0,0,0,7,12,0
56490,412,346877,8,315,27,113,36,64,20,85,28,9,0.466666667,0,0,0,5,0,0,0,9,0,10,34,34,30
56510,22,334927,2,3,3,0,0,0,0,0,0,7,0.066666667,0,1,0,0,0,0,0,0,0,0,2,2,0
56512,27,878119,1,27,7,11,5,0,3,6,0,20,0.066666667,0,0,0,0,0,0,0,0,0,0,13,23,4
56540,15,334927,2,5,3,2,0,0,0,1,0,7,0.033333333,0,5,0,0,0,0,0,0,0,0,5,5,0
56560,8,878119,1,8,2,5,0,0,0,4,1,20,0.033333333,0,0,0,0,0,0,0,0,0,0,6,8,0
56563,28,878119,1,28,15,4,0,2,3,1,0,20,0.033333333,0,0,0,0,0,0,0,0,0,0,9,28,0
56581,12,334927,6,7,3,2,0,1,0,1,1,7,0.066666667,0,1,0,0,0,0,6,0,0,0,5,1,6
56594,132,334927,2,12,2,8,0,1,0,7,1,7,0.033333333,0,12,0,0,0,0,0,0,0,0,7,12,0
56612,422,250865,3,185,17,44,33,24,13,53,10,34,0.233333333,78,7,0,0,18,0,0,0,6,0,29,6,24
56639,49,334927,1,49,7,15,3,12,1,13,8,7,0.033333333,0,0,0,0,0,0,0,0,0,0,21,49,0
56643,312,247683,1,312,30,121,28,92,0,87,40,23,0.366666667,9,19,1,0,8,0,0,0,0,62,98,57,17
56649,886,399092,1,886,18,218,220,42,60,404,22,101,0.3,0,0,87,149,205,2,196,0,0,60,110,148,153
56675,250,260769,1,250,29,77,41,56,0,55,33,0,0.166666667,0,0,0,0,0,0,0,0,0,0,41,15,27
56701,181,127749,2,1,1,0,0,0,0,0,0,102,0.033333333,0,0,0,0,0,0,0,0,0,0,1,1,0
56707,12,346877,2,4,2,2,0,0,0,1,0,9,0.033333333,0,4,0,0,0,0,0,0,0,0,3,4,0
56710,560,457932,5,81,4,25,13,21,0,20,15,21,0.1,4,0,0,0,0,0,0,0,0,0,27,65,4
56715,428,346877,4,111,8,25,34,21,2,24,9,9,0.066666667,0,57,0,0,0,0,0,0,0,0,28,54,0
56720,1830,457932,2,49,2,12,14,11,0,11,8,21,0.066666667,43,0,0,0,0,0,0,0,0,0,27,6,43
56722,334,127749,3,18,4,7,0,3,1,6,3,102,0.066666667,0,0,0,0,0,0,0,0,0,0,11,16,2
56723,152,334927,3,12,1,10,0,1,0,9,0,7,0.066666667,0,0,0,0,0,0,0,0,0,0,7,10,2
56728,23,140022,1,23,9,4,0,2,6,1,1,232,0.033333333,0,0,0,0,0,0,0,0,0,0,10,23,0
56734,20,878119,1,20,9,8,0,2,0,5,1,20,0.033333333,0,0,0,0,0,0,0,0,0,0,10,20,0
56737,270,878119,4,76,9,28,4,21,2,18,10,20,0.1,0,0,0,0,0,12,0,0,0,0,23,39,25
56742,291,878119,2,287,15,82,45,55,48,78,22,20,0.2,0,0,71,53,0,0,0,0,0,0,53,41,145
56747,197,457932,1,197,12,92,17,44,2,71,29,21,0.3,4,0,0,0,0,0,0,22,0,11,58,72,44
56752,541,399092,4,509,21,81,85,70,77,131,34,101,0.233333333,0,0,5,177,173,44,104,0,0,0,72,6,5
56755,585,110497,18,33,8,13,0,7,0,9,0,24,0.133333333,0,0,0,0,0,0,0,0,0,0,9,4,0
56761,556,110497,14,72,7,28,0,24,2,26,6,24,0.066666667,0,0,0,0,14,0,0,0,0,0,20,58,0
56773,11,399092,1,11,2,4,0,3,0,4,1,101,0.066666667,0,0,0,0,7,4,0,0,0,0,7,7,4
56793,24,334927,1,24,6,6,0,5,1,5,5,7,0.066666667,0,0,0,0,0,0,0,0,0,0,10,23,1
56799,31,43183,2,9,2,3,0,2,0,2,2,24,0.033333333,0,0,0,0,0,0,0,0,0,0,7,9,0
56812,65,878119,5,38,11,16,2,1,2,5,0,20,0.066666667,0,0,0,0,0,0,0,0,0,0,12,1,37
56827,31,457932,2,22,4,8,0,6,0,5,4,21,0.033333333,22,0,0,0,0,0,0,0,0,0,15,22,0
56832,90,878119,2,67,15,44,1,3,0,24,2,20,0.1,19,0,0,0,0,0,0,0,0,0,23,33,0
56839,423,457932,3,131,17,34,19,28,8,26,15,21,0.1,12,0,0,0,0,0,0,0,0,0,33,28,0
56840,4,878119,1,4,1,3,0,0,0,2,0,20,0.033333333,0,0,0,0,0,0,0,0,0,0,4,4,0
56861,104,502584,1,104,9,17,13,11,13,31,9,143,0.066666667,0,0,0,0,0,0,87,17,0,0,29,87,17
56862,184,260769,1,184,18,56,0,44,0,61,33,0,0.133333333,35,0,0,0,0,0,0,0,0,0,58,6,0
56872,8,878119,1,8,4,4,0,0,0,1,0,20,0.1,0,0,0,0,0,0,0,0,0,0,5,1,3
56878,939,878119,3,424,62,196,78,21,7,163,8,20,0.433333333,136,11,34,22,19,0,16,20,36,0,73,61,49
56883,10,188602,1,10,6,4,0,0,0,3,0,96,0.066666667,0,0,0,0,0,0,0,0,0,0,5,2,0
56893,1086,250865,7,204,14,46,16,36,0,71,28,34,0.233333333,70,0,9,0,0,0,0,1,0,0,40,10,43
56901,56,502584,5,25,10,2,0,1,8,2,1,143,0.066666667,0,0,0,0,0,0,18,0,0,0,7,7,0
56914,103,457932,1,103,13,41,24,10,0,28,9,21,0.2,49,0,6,0,0,0,0,13,0,0,36,14,13
56946,11,250865,1,11,5,2,0,1,0,2,0,34,0.033333333,0,0,0,0,0,0,0,0,0,0,7,11,0
56950,336,346877,3,66,7,20,21,3,3,16,0,9,0.1,0,49,0,13,0,0,0,0,0,0,12,49,4
56953,189,334927,5,133,6,63,12,16,27,47,7,7,0.066666667,0,0,0,0,0,0,0,0,0,0,25,17,116
56973,120,346877,1,120,6,51,25,21,3,48,9,9,0.066666667,0,17,0,0,0,0,0,0,0,0,28,17,103
56987,1,260769,1,1,1,0,0,0,0,0,0,0,0.033333333,0,0,0,0,0,0,0,0,0,0,1,1,0
56989,76,502584,6,9,2,3,0,0,0,4,0,143,0.033333333,0,0,0,0,0,0,9,0,0,0,5,9,0
57001,8,457932,1,8,2,3,0,2,0,2,1,21,0.033333333,8,0,0,0,0,0,0,0,0,0,6,8,0
57015,160,457932,5,11,2,4,0,3,0,3,2,21,0.033333333,11,0,0,0,0,0,0,0,0,0,8,11,0
57022,294,334927,2,176,28,60,9,43,8,34,23,7,0.2,0,0,0,0,0,0,0,0,0,0,34,66,0
57038,19,334927,1,19,5,7,0,4,0,3,2,7,0.033333333,0,0,0,0,0,0,0,0,0,0,6,19,0
57040,294,250865,2,118,13,29,28,24,10,20,11,34,0.066666667,0,0,0,0,0,0,0,0,0,0,31,55,63
57053,141,878119,1,141,29,46,14,32,1,29,15,20,0.233333333,0,0,0,0,0,0,0,0,0,0,34,35,100
57055,68,457932,2,49,12,23,0,9,1,14,2,21,0.166666667,26,0,0,0,0,0,0,0,9,3,10,26,0
57062,24,260769,1,24,3,12,0,5,0,10,3,0,0.033333333,0,0,0,0,0,0,0,0,0,0,11,24,0
57074,154,334927,3,81,6,19,4,17,18,17,15,7,0.033333333,0,0,0,0,0,0,0,0,0,0,24,81,0
57078,48,110497,4,21,10,5,0,2,1,2,2,24,0.1,0,0,0,0,0,0,0,0,0,0,8,1,0
57085,54,43183,1,54,3,8,15,1,1,20,1,24,0.066666667,0,0,0,0,0,0,0,0,0,0,11,7,47
57086,14,457932,1,14,2,5,0,4,0,4,3,21,0.033333333,14,0,0,0,0,0,0,0,0,0,10,14,0
57092,3,878119,1,3,3,0,0,0,0,0,0,20,0.033333333,0,0,0,0,0,0,0,0,0,0,1,3,0
57099,1,878119,1,1,1,0,0,0,0,0,0,20,0.033333333,0,0,0,0,0,0,0,0,0,0,1,1,0
57103,8,399092,1,8,8,0,0,0,0,0,0,101,0.033333333,0,0,0,0,0,8,0,0,0,0,2,8,0
57113,71,457932,2,43,12,13,3,9,0,6,5,21,0.1,13,0,0,0,0,0,0,0,0,0,13,31,0
57126,218,502584,1,218,15,42,39,29,4,74,19,143,0.166666667,0,0,0,0,0,125,61,0,0,19,45,6,0
57127,3,188602,1,3,3,0,0,0,0,0,0,96,0.033333333,0,0,0,0,0,0,0,0,0,0,3,3,0
57130,54,878119,1,54,5,20,0,13,2,19,6,20,0.1,0,0,0,0,0,0,0,0,0,0,17,49,5
57143,20,250865,2,1,1,0,0,0,0,0,0,34,0.033333333,0,0,0,0,0,0,0,0,0,0,1,1,0
57162,112,85168,1,112,10,38,15,32,7,37,0,139,0.066666667,0,0,0,45,0,0,0,0,0,0,29,67,0
57166,56,457932,2,27,4,11,0,8,0,6,4,21,0.033333333,27,0,0,0,0,0,0,0,0,0,12,27,0
57172,130,502584,4,12,3,5,0,2,0,4,2,143,0.066666667,0,10,0,0,0,0,2,0,0,0,5,10,2
57175,13,334927,2,12,6,2,0,1,1,1,1,7,0.033333333,0,0,0,0,0,0,0,0,0,0,8,12,0
57184,9,878119,2,8,1,3,2,2,0,2,0,20,0.033333333,0,0,0,0,0,0,0,0,0,0,5,8,0
57192,455,878119,1,455,20,109,64,89,90,106,47,20,0.266666667,69,0,0,121,0,0,0,0,0,0,81,81,60
57201,415,457932,4,18,5,8,2,1,0,5,0,21,0.033333333,18,0,0,0,0,0,0,0,0,0,11,18,0
57212,104,140022,5,32,3,12,0,9,0,11,4,232,0.1,0,0,0,0,0,0,0,0,0,0,15,9,0
57219,11,334927,1,11,2,5,0,2,1,5,0,7,0.033333333,0,0,0,0,0,0,0,0,0,0,5,11,0
57224,509,399092,2,379,18,41,127,35,0,103,25,101,0.133333333,0,0,0,0,0,299,0,0,0,0,67,2,71
57229,47,110497,2,1,1,0,0,0,0,0,0,24,0.033333333,0,0,0,0,0,0,0,0,0,0,1,1,0
57253,39,399092,1,39,5,6,20,4,0,6,1,101,0.133333333,0,0,0,0,1,36,0,0,0,0,13,1,0
57256,63,457932,3,44,5,14,5,10,4,7,5,21,0.1,10,0,0,0,0,0,0,0,0,0,12,24,10
57258,278,878119,2,237,40,104,10,52,3,65,22,20,0.3,0,0,0,0,0,0,0,0,0,0,34,92,54
57263,524,878119,5,410,27,215,22,81,7,132,45,20,0.3,8,0,0,0,0,0,0,0,0,0,60,129,231
57273,6,878119,1,6,2,3,0,1,0,2,0,20,0.033333333,0,0,0,0,0,0,0,0,0,0,5,6,0
57279,440,24979,2,149,10,35,23,28,28,32,21,25,0.166666667,0,0,7,32,81,0,28,1,0,0,48,7,32
57288,356,457932,1,356,30,209,51,3,44,172,7,21,0.433333333,47,0,33,0,1,0,0,11,42,0,76,54,22
57293,100,334927,1,100,25,56,0,10,2,29,6,7,0.166666667,0,0,0,0,0,0,4,0,0,0,17,16,1
57299,91,878119,1,91,14,31,8,23,1,21,8,20,0.066666667,0,0,0,0,0,0,0,0,0,0,20,79,0
57307,91,334927,1,91,14,25,9,19,9,16,10,7,0.066666667,0,0,0,0,0,0,0,0,0,0,28,62,0
57311,14,334927,1,14,4,5,0,2,0,2,2,7,0.033333333,0,0,0,0,0,0,0,0,0,0,7,14,0
57319,1,250865,1,1,1,0,0,0,0,0,0,34,0.033333333,0,0,0,0,0,0,0,0,0,0,1,1,0
57320,48,334927,3,6,3,1,0,1,0,1,1,7,0.033333333,0,0,0,0,0,0,0,0,0,0,5,6,0
57331,9,86829,1,9,2,3,0,2,0,2,2,63,0.033333333,0,0,0,0,0,0,0,0,0,0,7,9,0
57351,37,346877,2,1,1,0,0,0,0,0,0,9,0.033333333,0,0,0,0,0,0,0,0,0,0,1,1,0
57356,12,86829,4,1,1,0,0,0,0,0,0,63,0.033333333,0,0,0,0,0,0,0,0,0,0,1,1,0
57374,128,878119,6,9,2,4,0,3,0,3,0,20,0.033333333,0,0,0,0,0,0,0,0,0,0,6,9,0
57377,540,334927,3,122,11,45,10,34,0,28,20,7,0.233333333,0,0,31,0,0,0,0,0,4,0,50,30,0
57383,126,247683,1,126,12,41,10,37,12,37,10,23,0.1,0,0,0,0,0,0,0,0,0,27,37,98,0
57395,25,878119,2,18,3,8,0,1,4,7,1,20,0.033333333,0,0,0,0,0,0,0,0,0,0,10,18,0
57397,24,878119,1,24,4,13,0,2,0,13,2,20,0.033333333,0,0,0,0,0,0,0,0,0,0,14,24,0
57398,7,346877,2,3,3,0,0,0,0,0,0,9,0.033333333,0,0,0,0,0,0,0,0,0,0,2,3,0
57406,171,878119,1,171,28,46,6,33,35,30,13,20,0.133333333,31,0,0,0,0,0,0,0,0,0,21,25,75
57412,182,46603,2,46,6,20,0,11,1,13,8,5,0.1,0,0,0,0,0,0,0,0,0,0,18,13,4
57421,143,346877,2,124,7,47,0,40,1,30,28,9,0.233333333,0,0,47,2,0,0,0,0,10,0,35,15,0
57429,59,878119,1,59,11,11,0,7,28,8,1,20,0.066666667,0,0,0,0,0,0,0,0,0,0,13,33,26
57437,128,399092,1,128,27,27,24,21,3,44,0,101,0.233333333,0,0,1,0,1,17,0,0,43,0,28,57,33
57440,1405,110497,5,760,137,77,94,54,298,125,8,24,0.5,0,11,80,0,3,59,0,49,78,0,61,187,185
57441,59,85576,4,4,4,0,0,0,0,0,0,54,0.033333333,0,0,0,0,0,0,0,0,0,0,2,4,0
57445,6,334927,1,6,2,2,0,1,0,1,1,7,0.033333333,0,0,0,0,0,0,0,0,0,0,5,6,0
57450,431,188602,1,431,28,70,169,56,11,86,39,96,0.2,0,0,17,26,0,0,0,13,0,0,119,6,305
57455,384,457932,1,384,25,162,45,90,12,152,43,21,0.233333333,122,0,0,0,0,0,123,68,12,19,62,159,68
57456,31,878119,1,31,20,5,0,1,3,2,0,20,0.066666667,0,0,0,0,0,0,0,0,0,0,8,17,0
57462,329,127749,4,67,19,18,0,13,1,20,12,102,0.1,28,0,0,0,35,0,0,0,0,0,28,4,63
57472,2,250865,1,2,2,0,0,0,0,0,0,34,0.033333333,0,0,0,0,0,0,0,0,0,0,2,2,0
57477,531,346877,4,189,46,49,23,38,11,36,11,9,0.266666667,0,8,68,0,0,0,0,0,0,0,41,67,72
57510,26,127749,1,26,4,12,0,7,0,9,3,102,0.1,0,0,0,0,0,0,0,0,0,0,12,5,3
57519,110,27035,1,110,10,47,12,5,1,66,3,60,0.166666667,8,0,0,0,0,0,0,0,0,0,28,2,0
57520,49,334927,2,25,3,12,0,10,0,9,0,7,0.066666667,0,0,0,0,0,0,0,0,0,0,12,20,5
57546,19,260769,1,19,6,0,0,0,3,0,0,0,0.033333333,0,0,0,0,0,0,0,0,0,0,5,19,0
57553,48,110497,6,1,1,0,0,0,0,0,0,24,0.033333333,0,0,0,0,0,0,0,0,0,0,1,1,0
57556,16,878119,1,16,4,6,0,4,0,3,2,20,0.033333333,0,0,0,0,0,0,0,0,0,0,9,16,0
57564,2493,85576,14,38,6,4,20,2,0,4,0,54,0.1,0,0,0,0,0,0,0,0,0,0,7,3,0
57565,158,250865,4,6,2,2,0,1,0,1,1,34,0.033333333,0,0,0,0,0,0,0,0,0,0,5,6,0
57568,568,346877,2,167,16,66,26,47,1,44,0,9,0.433333333,0,4,19,0,4,0,0,0,0,0,31,53,68
57570,1370,250865,6,89,16,50,7,0,8,37,0,34,0.233333333,0,0,0,0,0,0,0,0,3,0,12,35,16
57586,64,188602,2,46,24,18,0,1,2,7,0,96,0.2,0,0,0,0,0,0,0,0,0,0,13,6,6
57588,61,457932,1,61,9,40,11,0,0,32,0,21,0.166666667,12,0,0,0,0,0,0,0,0,0,25,4,9
57592,17,140022,1,17,12,3,0,1,0,3,1,232,0.033333333,0,0,0,0,0,0,0,0,0,0,8,17,0
57605,14,46603,1,14,6,5,0,1,0,5,1,5,0.033333333,0,0,0,0,0,0,0,0,0,0,10,14,0
57620,546,878119,5,4,1,2,0,1,0,1,0,20,0.033333333,0,0,0,0,0,0,0,0,0,0,3,4,0
57630,43,140022,1,43,6,9,0,8,5,14,7,232,0.1,0,18,0,0,0,0,0,0,0,0,12,21,0
57634,123,250865,1,123,2,16,53,16,0,38,7,34,0.033333333,0,0,0,0,0,0,0,0,0,0,29,123,0
57655,152,250865,2,22,3,9,1,2,0,13,0,34,0.066666667,0,0,0,0,0,0,0,0,0,0,8,6,0
57662,52,86829,1,52,5,40,0,3,0,32,3,63,0.1,0,0,0,0,17,0,0,0,0,0,30,22,13
57663,50,346877,1,50,8,10,15,2,0,19,1,9,0.066666667,0,0,0,0,0,0,0,0,0,0,14,3,0
57668,4,110497,4,1,1,0,0,0,0,0,0,24,0.033333333,0,0,0,0,0,0,0,0,0,0,1,1,0
57685,56,260769,2,48,13,18,0,11,1,9,5,0,0.133333333,0,0,0,0,5,0,0,0,0,0,18,29,19
57690,1258,250865,5,146,34,45,0,33,4,33,12,34,0.233333333,1,59,0,7,0,12,0,0,0,0,26,14,1
57694,453,457932,4,15,9,2,3,0,0,2,0,21,0.066666667,11,4,0,0,0,0,0,0,0,0,7,11,4
57696,12,334927,1,12,4,6,0,2,0,3,0,7,0.033333333,0,0,0,0,0,0,0,0,0,0,6,12,0
57705,13,110497,5,1,1,0,0,0,0,0,0,24,0.033333333,0,0,0,0,0,0,0,0,0,0,1,1,0
57719,33,127749,2,32,6,13,0,4,7,4,2,102,0.033333333,0,0,0,0,0,0,0,0,0,0,8,32,0
57724,15,250865,1,15,2,7,0,1,2,4,1,34,0.033333333,0,0,0,0,0,0,0,0,0,0,6,15,0
57728,25,110497,2,9,4,4,0,1,0,1,0,24,0.066666667,0,0,0,0,0,0,0,0,0,0,5,5,0
57735,166,346877,7,101,12,41,29,5,0,38,3,9,0.2,72,4,0,0,0,0,0,4,0,0,26,17,4
57745,33,85576,2,7,3,2,0,1,0,1,1,54,0.033333333,0,0,0,0,0,0,0,0,0,0,6,7,0
57746,33,140022,1,33,6,6,5,3,2,10,1,232,0.033333333,0,0,0,0,0,0,0,0,0,0,13,33,0
57749,730,247683,4,62,6,33,8,14,0,24,1,23,0.133333333,0,0,6,0,0,0,0,0,0,0,24,32,0
57758,2,878119,2,1,1,0,0,0,0,0,0,20,0.033333333,0,0,0,0,0,0,0,0,0,0,1,1,0
57767,9,334927,1,9,5,3,0,1,0,2,0,7,0.066666667,0,0,0,0,0,0,0,0,0,0,7,3,0
57771,967,502584,3,811,63,263,141,49,92,327,26,143,0.433333333,0,0,0,20,0,63,6,77,0,4,85,216,10
57787,56,334927,1,56,9,23,0,14,0,16,10,7,0.066666667,0,0,0,0,0,0,0,0,0,0,24,24,32
57791,192,457932,2,27,6,16,1,2,0,9,2,21,0.133333333,6,0,0,0,0,0,0,3,7,0,15,11,0
57793,7,85576,1,7,4,3,0,0,0,2,0,54,0.033333333,0,0,0,0,0,0,0,0,0,0,4,7,0
57797,556,127749,14,161,11,29,62,23,0,27,17,102,0.1,0,0,0,0,0,0,0,0,0,0,48,2,0
57805,1,110497,1,1,1,0,0,0,0,0,0,24,0.033333333,0,0,0,0,0,0,0,0,0,0,1,1,0
57815,556,399092,14,1,1,0,0,0,0,0,0,101,0.033333333,0,0,0,0,0,1,0,0,0,0,1,1,0
57818,3729,399092,21,39,24,9,0,1,5,4,0,101,0.266666667,7,0,1,0,0,17,0,0,0,0,8,9,0
57835,15,878119,1,15,5,10,0,0,0,7,0,20,0.033333333,0,0,0,0,0,0,0,0,0,0,8,15,0
57844,2,334927,1,2,2,0,0,0,0,0,0,7,0.033333333,0,0,0,0,0,0,0,0,0,0,2,2,0
57847,117,334927,5,3,3,0,0,0,0,0,0,7,0.033333333,0,0,0,0,0,0,0,0,0,0,2,3,0
57853,32,399092,2,30,21,4,0,3,0,3,2,101,0.2,0,0,7,3,6,2,0,0,2,0,8,17,3
57858,117,46603,5,2,2,0,0,0,0,0,0,5,0.033333333,0,0,0,0,0,0,0,0,0,0,2,2,0
57862,72,250865,2,7,3,2,0,1,0,1,1,34,0.033333333,0,0,0,0,0,0,0,0,0,0,4,7,0
57878,2,250865,1,2,2,0,0,0,0,0,0,34,0.033333333,0,0,0,0,0,0,0,0,0,0,2,2,0
57879,2,878119,2,1,1,0,0,0,0,0,0,20,0.033333333,0,0,0,0,0,0,0,0,0,0,1,1,0
57881,333,457932,4,91,10,45,30,1,2,31,3,21,0.166666667,45,0,0,0,0,0,0,0,0,0,39,2,0
57891,7,127749,1,7,3,2,0,1,0,1,1,102,0.033333333,0,0,0,0,0,0,0,0,0,0,5,7,0
57897,111,247683,1,111,34,54,9,2,6,57,0,23,0.1,0,81,0,0,0,0,0,0,0,0,26,24,0
57905,202,502584,4,9,5,2,0,1,0,1,1,143,0.1,0,0,0,2,2,0,5,0,0,0,5,2,2
57920,724,457932,6,308,26,98,26,78,27,65,47,21,0.3,49,17,4,82,0,0,0,32,0,0,64,28,91
57923,590,127749,3,87,5,14,46,11,0,10,8,102,0.1,0,0,0,0,0,0,0,0,0,0,34,83,0
57931,1,334927,1,1,1,0,0,0,0,0,0,7,0.033333333,0,0,0,0,0,0,0,0,0,0,1,1,0
57934,22,250865,3,14,6,6,0,0,0,2,0,34,0.066666667,12,0,0,0,0,0,0,0,0,0,6,2,12
57935,177,399092,3,93,20,30,2,9,0,27,2,101,0.133333333,0,0,0,0,0,57,7,0,18,11,15,57,7
57941,146,457932,3,129,3,35,26,32,7,30,25,21,0.066666667,125,0,0,0,0,0,0,0,0,0,50,125,0
57945,104,878119,1,104,58,43,0,0,2,42,1,20,0.166666667,0,0,0,0,0,0,0,0,0,0,16,13,5
57957,35,502584,2,11,1,3,0,2,0,4,2,143,0.033333333,0,0,0,0,0,0,11,0,0,0,6,11,0
57974,37,346877,2,21,2,11,5,1,0,11,1,9,0.066666667,20,0,0,0,0,0,0,0,0,0,11,20,0
57976,184,878119,3,182,28,53,15,41,17,36,14,20,0.2,0,0,0,0,0,0,0,0,0,0,39,62,31
57995,74,260769,4,11,2,6,0,3,0,5,0,0,0.066666667,0,0,0,0,0,0,0,0,0,0,5,1,0
57999,302,457932,3,2,2,0,0,0,0,0,0,21,0.033333333,2,0,0,0,0,0,0,0,0,0,1,2,0
58006,119,878119,2,110,10,26,8,19,34,21,10,20,0.1,0,0,0,0,0,0,0,0,0,0,37,77,33
58033,20,878119,3,18,2,7,0,6,0,7,2,20,0.033333333,0,0,0,0,0,0,0,0,0,0,8,18,0
58036,27,502584,2,4,2,2,0,0,0,1,0,143,0.033333333,0,0,0,0,0,0,4,0,0,0,4,4,0
58041,8,878119,1,8,5,2,0,0,0,1,0,20,0.033333333,0,0,0,0,0,0,0,0,0,0,6,8,0
58049,95,334927,1,95,17,29,10,20,5,16,9,7,0.1,0,0,0,0,0,0,0,0,0,0,30,65,10
58061,2,878119,1,2,2,0,0,0,0,0,0,20,0.033333333,0,0,0,0,0,0,0,0,0,0,2,2,0
58072,58,85168,1,58,2,23,3,15,0,25,9,139,0.066666667,0,0,0,0,0,0,0,0,0,0,20,21,37
58073,2,457932,1,2,2,0,0,0,0,0,0,21,0.033333333,2,0,0,0,0,0,0,0,0,0,2,2,0
58099,12,878119,1,12,5,2,0,1,1,2,2,20,0.066666667,0,0,0,0,0,0,0,0,0,0,8,7,0
58113,73,878119,1,73,9,19,3,15,16,14,9,20,0.033333333,0,0,0,0,0,0,0,0,0,0,21,73,0
58129,24,878119,1,24,3,12,5,2,0,11,0,20,0.066666667,0,0,0,0,0,0,0,0,0,0,13,7,0
58150,72,346877,2,71,6,25,6,20,1,20,10,9,0.066666667,0,0,0,0,0,0,0,0,0,0,18,43,0
58159,227,334927,3,3,3,0,0,0,0,0,0,7,0.066666667,0,0,0,0,0,0,0,0,0,0,2,2,0
58164,85,43183,7,24,3,10,0,6,0,7,5,24,0.066666667,0,0,0,0,0,0,0,0,0,0,8,13,0
58168,141,260769,3,139,23,62,31,4,8,60,3,0,0.166666667,68,0,0,0,0,0,0,0,0,0,48,17,0
58189,85,250865,2,3,2,1,0,0,0,1,0,34,0.033333333,0,0,0,0,0,0,0,0,0,0,3,3,0
58201,234,878119,4,134,19,47,5,33,6,37,11,20,0.166666667,0,0,0,0,0,0,0,0,0,0,25,21,77
58208,12,399092,2,1,1,0,0,0,0,0,0,101,0.033333333,0,0,0,0,0,1,0,0,0,0,1,1,0
58222,149,42723,5,1,1,0,0,0,0,0,0,6,0.033333333,0,0,0,0,0,0,0,0,0,0,1,1,0
58229,215,878119,1,215,15,63,31,47,24,49,13,20,0.366666667,20,0,1,0,19,1,0,0,0,0,43,78,25
58232,71,878119,1,71,9,23,0,19,2,20,15,20,0.066666667,0,0,0,0,0,0,0,0,0,0,19,21,50
58234,267,42723,4,1,1,0,0,0,0,0,0,6,0.033333333,0,0,0,0,0,0,0,0,0,0,1,1,0
58250,192,878119,1,192,11,54,38,48,0,55,24,20,0.2,0,0,49,0,0,0,0,0,0,0,67,154,1
58257,22,878119,1,22,4,10,0,7,0,5,1,20,0.033333333,0,0,0,0,0,0,0,0,0,0,9,22,0
58262,12,27035,4,4,4,0,0,0,0,0,0,60,0.033333333,4,0,0,0,0,0,0,0,0,0,2,4,0
58271,43,85168,1,43,8,11,0,9,0,14,7,139,0.066666667,0,0,0,20,0,0,0,0,0,0,13,23,0
58273,11,346877,1,11,3,5,0,2,0,2,1,9,0.066666667,0,0,0,0,5,0,0,0,0,0,7,6,0
58274,134,188602,2,5,1,3,0,1,0,2,0,96,0.033333333,0,0,0,0,0,0,0,0,0,0,3,5,0
58284,7,399092,1,7,7,0,0,0,0,0,0,101,0.033333333,0,0,0,0,0,7,0,0,0,0,2,7,0
58296,34,188602,1,34,3,8,6,5,0,9,5,96,0.066666667,0,0,0,0,0,0,0,0,0,0,12,14,20
58303,78,334927,2,67,12,29,9,1,8,22,0,7,0.066666667,0,0,0,0,0,0,0,0,0,0,20,34,0
58315,30,878119,1,30,9,15,0,3,0,10,2,20,0.1,0,0,0,0,0,0,0,0,0,0,15,21,1
58316,115,346877,4,102,7,50,26,3,1,44,2,9,0.233333333,0,7,0,0,0,0,0,0,0,7,25,47,7
58328,2843,85168,4,438,21,183,77,5,0,244,5,139,0.3,1,1,14,60,0,0,18,1,0,0,60,256,1
58343,25,878119,1,25,4,15,0,2,0,8,2,20,0.066666667,0,0,0,0,0,0,0,0,0,0,14,15,10
58345,31,457932,1,31,10,9,4,2,0,5,1,21,0.066666667,14,0,0,0,0,0,0,0,17,0,12,14,0
58347,23,878119,1,23,5,6,4,5,0,6,1,20,0.033333333,0,0,0,0,0,0,0,0,0,0,10,23,0
58360,917,42723,9,251,26,94,7,32,17,99,16,6,0.266666667,23,22,0,0,0,0,0,0,0,0,27,133,27
58381,401,140022,4,156,6,22,66,1,0,45,1,232,0.133333333,64,36,0,0,0,0,0,0,0,0,47,18,64
58390,27,878119,1,27,6,9,0,7,1,6,3,20,0.033333333,0,0,0,0,0,0,0,0,0,0,12,27,0
58413,264,878119,2,132,12,36,23,31,0,33,23,20,0.166666667,0,14,64,0,0,0,0,0,0,0,65,87,0
58438,105,334927,2,38,8,25,0,2,1,16,1,7,0.133333333,0,0,0,0,0,0,0,0,0,0,15,23,1
58456,231,250865,2,1,1,0,0,0,0,0,0,34,0.033333333,0,0,0,0,0,0,0,0,0,0,1,1,0
58457,145,334927,5,6,6,0,0,0,0,0,0,7,0.033333333,0,0,0,0,0,0,0,0,0,0,2,6,0
58459,82,346877,3,80,14,42,3,11,0,20,8,9,0.3,11,16,4,0,3,7,0,0,12,4,19,14,23
58494,712,250865,2,338,13,116,56,62,38,115,14,34,0.133333333,210,0,0,0,0,0,0,0,0,0,40,216,0
58498,6,250865,1,6,2,2,0,1,0,1,1,34,0.033333333,0,0,0,0,0,0,0,0,0,0,5,6,0
58517,13,457932,2,7,2,3,0,1,0,2,1,21,0.033333333,7,0,0,0,0,0,0,0,0,0,6,7,0
58524,465,127749,6,108,5,48,0,32,0,33,23,102,0.1,69,0,0,0,0,0,0,0,0,0,40,16,0
58527,3,502584,1,3,3,0,0,0,0,0,0,143,0.066666667,0,0,0,0,0,2,1,0,0,0,2,2,1
58532,14,878119,1,14,9,1,0,1,0,1,1,20,0.033333333,0,0,0,0,0,0,0,0,0,0,7,14,0
58541,6,878119,1,6,3,2,0,0,0,1,0,20,0.033333333,0,0,0,0,0,0,0,0,0,0,5,6,0
58542,87,457932,1,87,10,40,22,11,0,22,4,21,0.1,17,0,0,63,0,0,0,0,0,0,35,7,63
58566,39,110497,4,10,3,3,0,2,0,2,2,24,0.033333333,0,0,0,0,0,0,0,0,0,0,7,10,0
58577,5,46603,4,2,2,0,0,0,0,0,0,5,0.033333333,0,0,0,0,0,0,0,0,0,0,2,2,0
58583,503,457932,5,43,7,16,6,8,0,13,5,21,0.033333333,43,0,0,0,0,0,0,0,0,0,18,43,0
58589,3,110497,2,1,1,0,0,0,0,0,0,24,0.033333333,0,0,0,0,0,0,0,0,0,0,1,1,0
58594,258,260769,1,258,23,50,58,49,0,70,35,0,0.1,0,5,0,0,0,0,0,0,0,0,67,218,0
58597,39,457932,4,20,3,5,4,4,0,4,3,21,0.033333333,20,0,0,0,0,0,0,0,0,0,11,20,0
58599,248,457932,4,13,4,7,2,0,0,6,0,21,0.166666667,1,1,1,0,0,0,0,0,0,0,7,1,1
58602,700,247683,5,3,1,2,0,0,0,1,0,23,0.033333333,0,0,0,0,0,0,0,0,0,0,3,3,0
58610,924,334927,8,86,5,32,6,26,3,25,12,7,0.2,0,0,0,0,0,0,0,0,0,0,24,13,0
58615,1640,399092,7,1232,81,229,262,175,10,398,67,101,0.6,0,0,34,38,89,171,101,0,43,5,159,154,192
58630,13,334927,1,13,4,6,0,2,0,3,1,7,0.1,0,0,0,0,0,0,0,0,0,0,6,6,0
58632,262,457932,1,262,25,67,44,52,25,48,34,21,0.2,78,0,59,0,0,0,0,0,0,0,58,79,18
58634,995,110497,12,4,4,0,0,0,0,0,0,24,0.1,0,0,0,0,1,0,0,0,0,0,1,2,0
58646,130,457932,2,126,14,39,18,27,0,30,20,21,0.1,24,0,0,0,0,0,0,0,0,0,38,46,56
58658,8,346877,1,8,1,3,0,2,0,2,2,9,0.033333333,0,0,0,0,0,0,0,0,0,0,6,8,0
58659,36,110497,3,9,2,3,0,2,0,2,2,24,0.033333333,0,0,0,0,0,0,0,0,0,0,7,9,0
58675,294,346877,6,91,13,38,22,6,1,25,1,9,0.166666667,0,0,0,0,0,0,0,0,0,0,23,19,31
58679,428,457932,3,53,9,24,16,0,0,13,0,21,0.066666667,3,0,0,0,0,0,0,0,0,0,23,50,0
58681,201,334927,3,109,6,40,6,32,0,29,23,7,0.166666667,0,0,0,0,0,0,0,0,0,0,24,20,1
58686,1,85576,1,1,1,0,0,0,0,0,0,54,0.033333333,0,0,0,0,0,0,0,0,0,0,1,1,0
58701,126,260769,5,15,4,7,0,2,0,3,1,0,0.066666667,0,0,0,0,0,0,0,0,0,0,7,6,0
58708,22,878119,2,21,7,9,0,3,0,4,2,20,0.1,0,0,0,0,0,0,0,0,0,0,10,7,13
58717,209,878119,1,209,16,59,30,50,0,67,30,20,0.133333333,0,0,67,0,0,0,0,0,0,0,76,112,97
58726,77,334927,4,27,7,11,0,6,0,5,3,7,0.1,0,0,0,0,0,0,0,0,0,5,12,6,16
58728,3,399092,1,3,3,0,0,0,0,0,0,101,0.033333333,0,0,0,0,0,3,0,0,0,0,1,3,0
58731,641,502584,3,259,7,52,2,48,0,123,38,143,0.066666667,0,0,0,0,0,0,81,0,0,0,65,259,0
58734,29,502584,1,29,11,11,0,2,2,8,2,143,0.1,0,0,0,0,11,0,11,0,0,7,16,11,0
58737,109,878119,1,109,15,33,10,26,5,21,11,20,0.166666667,4,0,0,0,0,0,0,0,0,0,34,30,35
58745,217,250865,4,127,10,41,14,23,0,50,7,34,0.166666667,62,0,0,0,0,0,0,0,0,6,18,50,62
58747,9,250865,2,8,4,2,0,1,0,1,1,34,0.066666667,0,0,0,0,0,0,0,0,0,0,5,3,0
58766,19,878119,3,7,4,2,0,1,0,1,0,20,0.066666667,0,0,0,0,0,0,0,0,0,0,4,5,2
58769,144,334927,3,68,4,22,7,19,0,17,14,7,0.1,13,38,0,0,0,0,0,0,0,0,25,30,38
58786,637,250865,4,185,33,44,10,27,13,59,5,34,0.266666667,61,0,0,0,0,0,0,0,0,0,19,19,42
58794,554,346877,5,63,3,12,26,9,0,14,1,9,0.1,0,0,0,0,0,0,9,0,0,0,16,27,0
58802,17,334927,2,16,4,5,0,4,0,4,2,7,0.066666667,0,0,0,0,0,0,0,0,0,0,10,15,0
58806,1002,346877,6,14,1,10,0,1,1,10,0,9,0.033333333,0,0,0,0,0,0,0,0,0,0,9,14,0
58816,6,334927,1,6,2,2,0,1,0,1,1,7,0.033333333,0,0,0,0,0,0,0,0,0,0,5,6,0
58818,223,85168,2,192,24,63,10,40,3,51,28,139,0.2,85,29,0,13,0,10,0,0,0,0,68,85,39
58819,551,43183,6,120,9,32,21,3,0,42,14,24,0.2,0,34,0,22,0,0,0,0,0,0,35,5,89
58828,72,110497,3,29,7,9,0,6,0,7,3,24,0.1,9,13,0,0,0,0,0,0,0,0,11,9,13
58842,6,260769,1,6,2,2,0,1,0,1,1,0,0.033333333,0,0,0,0,0,0,0,0,0,0,5,6,0
58848,577,43183,4,229,25,48,42,34,0,57,27,24,0.3,30,42,12,0,0,0,0,0,0,0,45,125,45
58872,152,140022,2,57,12,14,4,9,9,12,5,232,0.1,48,0,0,0,0,0,0,0,0,0,13,8,0
58877,1190,346877,7,283,25,72,39,54,49,57,19,9,0.366666667,9,0,38,0,16,0,0,0,0,18,47,118,56
58878,369,457932,3,146,28,33,4,23,7,16,13,21,0.133333333,47,3,4,0,0,0,0,0,0,0,17,92,47
58882,28,502584,1,28,9,4,0,3,0,9,3,143,0.066666667,0,0,0,0,0,0,7,21,0,0,12,7,21
58884,8,188602,1,8,6,0,0,0,1,0,0,96,0.066666667,0,2,0,0,0,0,0,0,0,0,5,2,6
58892,11,188602,3,1,1,0,0,0,0,0,0,96,0.033333333,0,0,0,0,0,0,0,0,0,0,1,1,0
58899,21,399092,1,21,3,7,0,6,0,6,5,101,0.066666667,0,0,0,0,0,20,0,0,0,0,14,1,0
58906,36,247683,4,1,1,0,0,0,0,0,0,23,0.033333333,0,0,0,0,0,0,0,0,0,0,1,1,0
58908,15,260769,1,15,3,7,0,3,0,6,2,0,0.066666667,0,0,0,0,0,0,0,0,0,0,7,2,13
58912,74,878119,1,74,28,16,6,7,5,14,1,20,0.133333333,0,0,0,0,0,0,0,0,0,0,14,23,8
58918,11,27035,3,6,2,2,0,1,0,1,1,60,0.033333333,6,0,0,0,0,0,0,0,0,0,5,6,0
58934,102,878119,1,102,12,33,7,25,6,25,14,20,0.133333333,0,0,0,0,0,0,0,0,0,0,38,44,10
58937,401,346877,3,89,14,34,18,4,1,33,0,9,0.266666667,4,0,0,0,5,0,0,0,0,0,24,63,0
58938,10,260769,1,10,4,5,0,1,0,2,0,0,0.033333333,0,0,0,0,0,0,0,0,0,0,6,10,0
58946,20,457932,1,20,2,4,6,3,0,5,1,21,0.033333333,20,0,0,0,0,0,0,0,0,0,8,20,0
58950,12,34988,2,4,2,2,0,0,0,1,0,108,0.033333333,0,0,0,0,0,0,0,0,0,0,3,4,0
58962,429,878119,1,429,42,131,34,100,47,122,33,20,0.333333333,54,1,0,0,0,0,0,28,84,0,60,177,8
58964,12,878119,1,12,7,0,0,0,3,0,0,20,0.033333333,0,0,0,0,0,0,0,0,0,0,6,12,0
58976,266,878119,3,140,25,59,18,14,4,46,7,20,0.233333333,0,9,29,0,0,0,0,39,0,0,33,78,0
58986,91,260769,14,6,2,0,0,0,4,0,0,0,0.033333333,0,0,0,0,0,0,0,0,0,0,3,6,0
58991,91,399092,14,6,2,0,0,0,4,0,0,101,0.033333333,0,0,0,0,0,6,0,0,0,0,3,6,0
58993,367,334927,2,1,1,0,0,0,0,0,0,7,0.033333333,0,0,0,0,0,0,0,0,0,0,1,1,0
59000,91,85576,14,6,2,0,0,0,4,0,0,54,0.033333333,0,0,0,0,0,0,0,0,0,0,3,6,0
59026,58,34988,6,2,2,0,0,0,0,0,0,108,0.033333333,0,0,0,0,0,0,0,0,0,0,2,2,0
59028,177,878119,5,37,4,15,0,11,0,10,7,20,0.066666667,0,0,0,0,0,0,0,0,0,0,16,4,0
59036,110,247683,6,1,1,0,0,0,0,0,0,23,0.033333333,0,0,0,0,0,0,0,0,0,0,1,1,0
59040,110,399092,2,32,10,13,0,9,0,13,0,101,0.233333333,0,0,0,0,0,10,1,0,1,1,8,4,1
59041,2,878119,1,2,2,0,0,0,0,0,0,20,0.033333333,0,0,0,0,0,0,0,0,0,0,1,2,0
59042,6,878119,1,6,2,3,0,1,0,2,0,20,0.033333333,0,0,0,0,0,0,0,0,0,0,5,6,0
59045,179,188602,4,19,5,7,0,4,0,4,3,96,0.1,0,0,0,0,0,0,0,0,0,0,9,14,0
59049,11,878119,1,11,1,5,0,3,0,3,2,20,0.066666667,0,0,0,0,0,0,0,0,0,0,5,6,5
59050,638,140022,3,1,1,0,0,0,0,0,0,232,0.033333333,0,0,0,0,0,0,0,0,0,0,1,1,0
59051,26,502584,1,26,3,2,0,1,0,13,1,143,0.066666667,0,0,0,0,0,0,2,24,0,0,5,2,24
59070,427,399092,2,152,9,37,5,32,4,48,25,101,0.233333333,0,0,0,8,0,50,59,0,7,16,32,25,11
59078,113,878119,5,2,2,0,0,0,0,0,0,20,0.033333333,0,0,0,0,0,0,0,0,0,0,2,2,0
59083,35,247683,3,1,1,0,0,0,0,0,0,23,0.033333333,0,0,0,0,0,0,0,0,0,0,1,1,0
59086,35,85576,3,1,1,0,0,0,0,0,0,54,0.033333333,0,0,0,0,0,0,0,0,0,0,1,1,0
59088,1358,457932,7,66,11,49,1,2,1,38,2,21,0.133333333,33,2,0,0,0,0,0,0,0,0,18,32,0
59112,372,346877,2,198,37,71,36,5,8,68,4,9,0.266666667,12,59,0,4,0,0,0,0,0,14,28,38,18
59113,457,878119,4,321,64,50,66,38,43,64,20,20,0.266666667,3,0,0,0,0,136,4,0,33,0,70,102,0
59134,16,110497,3,2,2,0,0,0,0,0,0,24,0.066666667,0,0,0,0,0,0,0,0,0,0,1,1,0
59135,16,399092,3,2,2,0,0,0,0,0,0,101,0.066666667,0,0,0,0,0,1,0,0,0,0,1,2,0
59140,412,34988,8,14,3,5,0,3,0,3,2,108,0.033333333,0,0,0,0,0,0,0,0,0,0,7,14,0
59142,412,502584,8,22,5,8,0,4,1,6,1,143,0.1,0,0,0,0,0,0,9,0,0,0,8,3,0
59155,46,86829,3,43,10,6,10,2,4,8,0,63,0.033333333,0,0,0,0,0,0,0,0,0,0,11,43,0
59157,368,188602,6,21,4,12,0,5,0,9,0,96,0.066666667,0,0,0,0,0,0,0,0,0,0,6,14,0
59159,65,502584,2,31,7,12,0,6,1,7,5,143,0.066666667,0,0,0,0,0,28,3,0,0,0,14,28,3
59170,12,334927,1,12,2,5,0,2,2,1,1,7,0.066666667,0,0,0,0,0,0,0,0,0,0,5,5,0
59178,126,399092,6,11,3,4,0,3,0,4,0,101,0.066666667,0,0,2,0,0,9,0,0,0,0,6,2,0
59180,276,140022,3,1,1,0,0,0,0,0,0,232,0.033333333,0,0,0,0,0,0,0,0,0,0,1,1,0
59181,69,457932,1,69,3,35,0,18,0,32,13,21,0.066666667,5,0,0,0,0,0,0,0,64,0,31,5,0
59184,9,85576,2,1,1,0,0,0,0,0,0,54,0.033333333,0,0,0,0,0,0,0,0,0,0,1,1,0
59202,293,250865,2,291,27,109,26,17,8,148,6,34,0.233333333,99,0,0,0,0,0,4,0,0,0,29,123,0
59209,203,907118,3,159,34,58,8,35,7,29,12,19,0.266666667,0,0,0,0,0,0,0,0,0,17,39,55,11
59214,375,907118,2,324,34,165,34,62,9,147,0,19,0.466666667,0,0,0,29,0,19,0,10,9,0,31,80,0
59219,228,907118,1,228,31,78,4,62,14,58,30,19,0.133333333,0,0,0,0,0,0,0,0,0,0,48,131,0
59227,105,907118,1,105,19,47,5,29,1,20,0,19,0.133333333,27,18,0,0,0,0,0,0,0,0,22,52,53
59229,81,907118,1,81,4,34,6,22,0,34,13,19,0.1,0,0,0,0,0,0,0,0,0,0,23,43,20
59268,162,907118,1,162,31,44,18,36,1,44,17,19,0.066666667,0,0,0,0,0,0,0,0,0,0,50,114,0
59272,194,907118,1,194,25,71,6,59,5,51,20,19,0.166666667,0,0,0,0,0,0,0,0,0,0,38,27,107
59278,409,907118,2,355,22,97,38,82,31,110,43,19,0.266666667,0,0,0,0,0,0,0,0,72,36,87,101,55
59299,38,907118,1,38,12,12,0,8,0,9,5,19,0.066666667,0,0,0,0,0,0,0,0,0,0,17,10,28
59300,23,155579,2,17,6,5,0,3,0,3,0,17,0.033333333,0,0,0,0,0,0,0,0,0,0,6,17,0
59302,139,907118,1,139,16,51,10,38,2,44,19,19,0.066666667,0,0,0,0,0,0,0,0,0,0,38,76,63
59309,269,907118,4,194,21,80,7,54,8,43,15,19,0.233333333,0,14,16,0,0,0,0,0,0,0,37,29,71
59312,14,907118,1,14,2,5,0,4,0,4,3,19,0.033333333,0,0,0,0,0,0,0,0,0,0,10,14,0
59320,5,907118,1,5,1,4,0,0,0,3,0,19,0.033333333,0,0,0,0,0,0,0,0,0,0,4,5,0
59321,6,89830,1,6,2,2,0,0,0,2,1,108,0.066666667,0,0,0,0,0,5,0,0,1,0,4,5,0
59328,477,907118,1,477,26,265,6,94,43,185,43,19,0.333333333,0,0,47,0,0,40,0,0,0,37,70,138,165
59339,27,907118,1,27,6,8,0,6,4,8,0,19,0.033333333,0,0,0,0,0,0,0,0,0,0,11,27,0
59357,248,907118,3,213,38,77,12,41,7,73,15,19,0.133333333,0,0,0,0,0,0,0,0,0,0,40,23,46
59367,23,907118,1,23,3,11,0,1,0,11,5,19,0.033333333,0,0,0,0,0,0,0,0,0,0,14,23,0
59368,285,907118,1,285,19,93,16,76,33,101,31,19,0.466666667,0,0,0,19,30,0,0,0,0,0,64,95,30
59372,29,907118,1,29,7,11,0,6,0,8,4,19,0.066666667,0,0,0,0,0,0,0,0,0,0,13,23,0
59374,11,907118,1,11,1,5,0,3,0,5,1,19,0.033333333,0,0,0,0,0,0,0,0,0,0,6,11,0
59379,92,907118,1,92,14,29,3,25,3,24,15,19,0.033333333,0,0,0,0,0,0,0,0,0,0,34,92,0
59380,248,907118,1,248,41,138,21,1,28,124,0,19,0.3,0,0,99,0,0,0,0,0,8,10,63,81,152
59385,618,907118,1,618,85,301,15,161,1,186,45,19,0.7,0,20,6,23,30,27,14,27,6,99,69,114,169
59394,26,907118,1,26,11,6,0,4,0,3,2,19,0.1,0,0,0,0,0,0,0,0,0,0,10,19,0
59412,31,907118,1,31,11,10,0,7,0,9,3,19,0.066666667,0,0,0,0,0,0,0,0,0,0,14,24,0
59420,343,907118,1,343,33,171,11,81,8,135,35,19,0.166666667,0,0,44,89,0,0,0,0,0,0,69,104,0
59422,245,907118,1,245,44,144,4,15,3,87,21,19,0.333333333,0,0,0,0,0,0,0,0,8,26,47,19,52
59432,1,907118,1,1,1,0,0,0,0,0,0,19,0.033333333,0,0,0,0,0,0,0,0,0,0,1,1,0
59436,74,907118,1,74,24,27,0,9,9,10,2,19,0.066666667,0,0,0,0,0,0,0,0,0,0,16,66,0
59440,242,907118,1,242,19,86,5,72,0,85,54,19,0.433333333,1,4,27,0,2,0,0,0,0,19,73,162,10
59450,9,907118,2,1,1,0,0,0,0,0,0,19,0.033333333,0,0,0,0,0,0,0,0,0,0,1,1,0
59451,149,907118,1,149,18,62,11,32,0,42,21,19,0.3,0,0,10,0,14,0,0,0,17,0,56,41,36
59453,144,907118,1,144,27,70,0,20,3,44,19,19,0.166666667,0,0,0,0,10,0,0,0,0,0,34,35,78
59456,14,907118,1,14,4,6,0,3,0,3,1,19,0.066666667,0,0,0,0,0,0,0,0,0,0,9,11,0
59457,76,907118,1,76,11,31,12,11,0,18,5,19,0.166666667,0,0,0,0,0,0,0,0,0,0,24,26,38
59464,128,907118,1,128,11,62,8,27,1,49,10,19,0.133333333,19,0,0,0,0,0,0,0,0,0,33,53,0
59491,680,91935,5,11,2,3,0,2,0,3,3,26,0.033333333,0,0,0,11,0,0,0,0,0,0,6,11,0
59499,3,907118,1,3,3,0,0,0,0,0,0,19,0.033333333,0,0,0,0,0,0,0,0,0,0,2,3,0
59506,1953,155579,4,191,23,44,38,30,22,32,16,17,0.3,0,0,0,0,0,0,0,10,0,0,41,5,65
59514,310,907118,3,232,21,119,19,8,1,101,49,19,0.2,0,0,0,0,0,0,0,0,0,33,71,173,3
59517,171,907118,1,171,35,83,3,4,27,50,12,19,0.233333333,0,0,0,0,0,0,0,0,0,0,34,9,0
59523,6,907118,1,6,6,0,0,0,0,0,0,19,0.033333333,0,0,0,0,0,0,0,0,0,0,2,6,0
59526,35,907118,1,35,5,20,5,0,0,15,5,19,0.066666667,0,0,0,0,0,0,0,0,0,0,19,27,0
59527,17,907118,1,17,4,6,0,3,0,6,4,19,0.066666667,0,0,0,0,0,0,0,0,0,0,8,7,10
59531,235,907118,3,12,4,5,0,3,0,2,0,19,0.033333333,0,0,0,0,0,0,0,0,0,0,5,12,0
59532,5,907118,1,5,1,3,0,1,0,2,0,19,0.033333333,0,0,0,0,0,0,0,0,0,0,4,5,0
59540,74,907118,1,74,19,34,0,19,1,29,0,19,0.033333333,0,0,0,0,0,0,0,0,0,0,22,74,0
59558,383,907118,1,383,36,129,39,98,19,104,36,19,0.233333333,0,0,179,4,0,0,0,0,0,0,73,91,179
59570,393,907118,2,385,117,85,31,70,0,108,49,19,0.566666667,0,3,57,0,0,0,0,7,0,0,67,87,176
59571,40,907118,1,40,14,15,1,3,0,11,1,19,0.2,0,9,0,0,0,0,0,0,0,0,15,10,0
59576,17,89830,2,7,3,2,0,1,0,1,1,108,0.033333333,0,0,0,0,0,7,0,0,0,0,6,7,0
59584,198,907118,2,101,11,47,5,28,0,24,9,19,0.166666667,0,0,0,0,0,0,0,0,0,0,22,8,44
59586,322,907118,3,202,51,73,13,37,3,38,13,19,0.2,0,0,0,14,0,11,0,0,0,0,42,93,71
59588,346,907118,2,259,28,80,31,61,15,66,24,19,0.433333333,13,8,0,6,24,0,83,0,4,0,57,16,3
59589,68,91935,2,1,1,0,0,0,0,0,0,26,0.033333333,0,0,0,1,0,0,0,0,0,0,1,1,0
59650,99,907118,2,75,8,26,5,21,2,22,8,19,0.066666667,0,0,0,0,0,0,0,0,0,0,29,75,0
59677,20,907118,1,20,2,9,0,6,0,6,3,19,0.066666667,0,0,0,0,0,0,0,0,0,0,9,9,0
59687,52,907118,1,52,9,25,0,12,0,16,5,19,0.066666667,0,0,0,0,0,0,0,0,0,0,17,46,6
59693,162,907118,1,162,15,71,8,43,1,46,13,19,0.2,0,32,0,0,0,0,0,0,13,0,21,55,0
59694,160,907118,1,160,21,55,4,44,9,43,21,19,0.2,10,24,9,0,13,0,0,0,0,0,46,33,0
59698,16,907118,1,16,12,2,0,1,0,1,0,19,0.033333333,0,0,0,0,0,0,0,0,0,0,7,16,0
59699,14,155579,1,14,6,3,0,1,2,3,1,17,0.033333333,0,0,0,0,0,0,0,0,0,0,6,14,0
59709,160,907118,1,160,17,58,6,47,2,40,28,19,0.166666667,0,0,0,0,0,0,0,0,0,0,36,78,0
59711,39,907118,1,39,4,14,5,9,0,13,5,19,0.033333333,0,0,0,0,0,0,0,0,0,0,16,39,0
59717,1,91935,1,1,1,0,0,0,0,0,0,26,0.033333333,0,0,0,1,0,0,0,0,0,0,1,1,0
59723,316,907118,1,316,32,115,51,67,3,112,28,19,0.3,0,0,0,25,34,30,1,0,0,5,80,100,70
59734,1,89830,1,1,1,0,0,0,0,0,0,108,0.033333333,0,0,0,0,0,1,0,0,0,0,1,1,0
59776,243,907118,2,222,23,79,23,56,4,56,26,19,0.466666667,0,0,0,16,53,4,4,3,0,0,69,60,99
59777,11,907118,1,11,4,2,0,1,3,1,0,19,0.033333333,0,0,0,0,0,0,0,0,0,0,5,11,0
59789,5,155579,1,5,1,2,0,1,0,1,1,17,0.033333333,0,0,0,0,0,0,0,0,0,0,4,5,0
59792,704,907118,1,704,95,314,57,148,4,224,54,19,0.433333333,33,25,6,0,0,8,6,84,0,184,88,155,210
59797,136,155579,3,25,3,9,3,5,0,9,3,17,0.066666667,0,0,0,0,0,0,0,0,0,0,11,2,23
59802,135,907118,1,135,15,39,22,29,13,36,0,19,0.133333333,0,0,0,0,0,0,0,32,0,0,32,66,0
59813,1558,91935,4,302,33,94,26,77,11,75,48,26,0.333333333,5,0,35,1,0,0,0,0,0,57,97,98,148
59822,538,907118,2,17,12,2,0,1,1,1,0,19,0.033333333,0,0,0,0,0,0,0,0,0,0,7,17,0
59826,402,155579,1,402,27,82,70,46,16,151,63,17,0.133333333,0,0,0,62,66,0,0,181,0,0,62,93,0
59830,89,907118,1,89,10,27,6,19,7,26,12,19,0.066666667,0,0,0,0,0,0,0,0,0,0,35,54,35
59843,88,907118,1,88,13,27,6,20,2,20,15,19,0.133333333,0,0,0,0,9,0,0,0,0,0,31,65,16
59860,27,907118,1,27,8,7,0,6,1,7,3,19,0.033333333,0,0,0,0,0,0,0,0,0,0,14,27,0
59864,16,907118,1,16,1,8,0,1,0,9,4,19,0.033333333,0,0,0,0,0,0,0,0,0,0,10,16,0
59886,1243,907118,1,1243,137,384,91,294,104,354,84,19,0.5,0,0,33,10,13,49,0,0,0,152,101,147,13
59887,81,89830,1,81,4,20,19,5,4,32,11,108,0.066666667,0,0,0,59,0,22,0,0,0,0,20,59,0
59906,44,89830,2,2,2,0,0,0,0,0,0,108,0.033333333,0,0,0,0,0,2,0,0,0,0,1,2,0
59915,37,907118,1,37,5,20,0,10,0,15,2,19,0.066666667,0,0,0,0,0,0,0,0,0,0,10,10,0
59917,5,907118,1,5,1,2,0,1,1,1,0,19,0.033333333,0,0,0,0,0,0,0,0,0,0,3,5,0
59923,254,907118,1,254,25,88,11,69,12,77,23,19,0.266666667,8,0,0,21,0,0,0,0,0,78,54,58,51
59933,201,89830,2,1,1,0,0,0,0,0,0,108,0.033333333,0,0,0,0,0,1,0,0,0,0,1,1,0
59944,14,907118,1,14,8,1,0,1,2,1,1,19,0.066666667,0,0,0,0,0,0,0,0,0,0,7,10,0
59952,178,907118,2,177,27,66,10,45,0,44,23,19,0.3,4,13,0,22,0,0,10,0,14,0,52,8,14
59954,17,907118,1,17,9,5,0,2,0,2,0,19,0.033333333,0,0,0,0,0,0,0,0,0,0,10,17,0
59966,196,91935,3,29,11,9,0,5,2,2,2,26,0.1,0,0,0,13,0,0,0,0,0,0,7,6,0
59988,105,907118,1,105,8,40,7,31,0,31,16,19,0.066666667,0,0,0,0,0,0,0,0,0,0,34,81,0
59996,4,89830,2,1,1,0,0,0,0,0,0,108,0.033333333,0,0,0,0,0,1,0,0,0,0,1,1,0
60000,78,91935,3,59,6,27,1,20,0,22,1,26,0.133333333,0,0,0,10,0,18,0,26,0,0,16,5,0
60015,10,907118,1,10,6,2,0,1,0,1,0,19,0.033333333,0,0,0,0,0,0,0,0,0,0,5,10,0
60016,8,155579,1,8,2,5,0,1,0,2,0,17,0.033333333,0,0,0,0,0,0,0,0,0,0,5,8,0
60019,75,907118,1,75,14,29,0,21,2,18,9,19,0.1,0,0,0,0,0,0,30,22,0,0,15,23,30
60020,280,907118,2,279,25,108,11,77,1,80,41,19,0.4,0,0,30,60,18,1,7,14,43,0,64,93,18
60029,54,907118,1,54,15,20,4,13,1,13,0,19,0.1,0,0,0,0,0,0,0,0,0,0,19,44,0
60031,10,907118,1,10,1,4,0,3,1,3,1,19,0.033333333,0,0,0,0,0,0,0,0,0,0,6,10,0
60041,55,907118,1,55,14,24,0,13,2,17,1,19,0.1,0,0,0,0,0,0,0,0,0,0,14,22,33
60049,5,878119,1,5,5,0,0,0,0,0,0,20,0.033333333,0,0,0,0,0,0,0,0,0,0,1,5,0
60057,9,878119,1,9,5,2,0,1,0,2,0,20,0.033333333,0,0,0,0,0,0,0,0,0,0,6,9,0
60063,585,334927,18,1,1,0,0,0,0,0,0,7,0.033333333,0,0,0,0,0,0,0,0,0,1,1,1,0
60069,163,21216,2,12,4,5,0,2,0,2,1,19,0.033333333,0,0,0,0,0,0,0,0,0,0,6,12,0
60081,173,878119,1,173,27,47,26,36,15,44,1,20,0.133333333,0,0,0,0,7,0,18,0,0,0,32,44,104
60088,92,878119,1,92,13,38,3,32,0,34,0,20,0.033333333,0,0,0,0,0,0,0,0,0,0,23,92,0
60090,19,334927,3,17,6,5,0,2,2,2,1,7,0.033333333,0,0,0,0,0,0,0,0,0,17,9,17,0
60092,33,21216,3,4,3,0,0,0,0,0,0,19,0.033333333,0,0,0,0,0,0,0,0,0,0,4,4,0
60093,19,21216,1,19,7,5,0,3,0,3,3,19,0.166666667,0,0,0,0,0,0,0,0,0,0,7,5,4
60098,134,334927,3,107,11,47,20,4,19,38,1,7,0.1,0,0,0,0,0,0,54,0,0,28,37,25,28
60099,585,43183,18,1,1,0,0,0,0,0,0,24,0.033333333,0,0,1,0,0,0,0,0,0,0,1,1,0
60101,68,878119,1,68,9,40,10,4,0,32,2,20,0.133333333,0,0,0,0,0,0,0,0,0,0,31,35,8
60110,5,21216,1,5,2,2,0,1,0,1,0,19,0.033333333,0,0,0,0,0,0,0,0,0,0,4,5,0
60127,41,878119,2,25,3,10,0,8,0,7,4,20,0.066666667,0,0,0,0,0,0,0,0,0,0,12,12,0
60144,296,878119,3,167,24,66,19,5,37,53,3,20,0.2,17,0,0,0,0,0,0,0,0,0,39,7,32
60148,2,334927,1,2,2,0,0,0,0,0,0,7,0.033333333,0,0,0,0,0,0,0,0,0,2,2,2,0
60171,188,21216,3,80,4,14,0,12,0,36,25,19,0.133333333,0,0,0,0,0,0,71,2,0,0,21,1,0
60178,1,878119,1,1,1,0,0,0,0,0,0,20,0.033333333,0,0,0,0,0,0,0,0,0,0,1,1,0
60186,249,148500,4,78,7,13,30,10,0,17,6,29,0.066666667,0,0,0,0,0,0,0,0,0,0,27,72,0
60191,2,334927,1,2,2,0,0,0,0,0,0,7,0.033333333,0,0,0,0,0,0,0,0,0,2,2,2,0
60211,163,878119,2,1,1,0,0,0,0,0,0,20,0.033333333,0,0,0,0,0,0,0,0,0,0,1,1,0
60213,50,878119,2,33,3,19,0,7,0,13,4,20,0.033333333,0,0,0,0,0,0,0,0,0,0,14,33,0
60215,40,334927,1,40,7,19,0,9,0,16,5,7,0.033333333,0,0,0,0,0,0,0,0,0,40,13,40,0
60239,300,334927,6,58,7,44,0,1,3,42,0,7,0.1,0,0,0,0,0,0,0,0,0,24,23,33,0
60241,108,148500,2,101,7,46,1,22,0,48,15,29,0.133333333,0,0,0,0,5,0,0,29,0,0,42,79,17
60245,3,148500,2,1,1,0,0,0,0,0,0,29,0.033333333,0,0,0,0,0,0,0,0,0,0,1,1,0
60250,56,21216,1,56,13,23,1,0,12,12,0,19,0.033333333,0,0,0,0,0,0,0,0,0,0,10,56,0
60264,8,148500,1,8,8,0,0,0,0,0,0,29,0.1,0,0,0,0,0,0,0,0,0,0,2,3,2
60279,5,148500,1,5,3,2,0,0,0,1,0,29,0.033333333,0,0,0,0,0,0,0,0,0,0,5,5,0
60287,15,334927,1,15,4,9,0,2,0,6,0,7,0.033333333,0,0,0,0,0,0,0,0,0,15,6,15,0
60300,108,43183,1,108,13,51,0,27,0,42,15,24,0.066666667,0,0,107,1,0,0,0,0,0,0,19,107,1
60303,251,334927,2,11,6,3,0,1,0,2,1,7,0.066666667,0,0,10,0,0,0,0,0,0,1,5,11,0
60308,67,21216,3,1,1,0,0,0,0,0,0,19,0.033333333,0,0,0,0,0,0,0,0,0,0,1,1,0
60313,467,878119,2,20,5,9,0,6,0,4,0,20,0.033333333,0,0,0,0,0,0,0,0,0,0,10,20,0
60339,17,334927,1,17,7,5,0,3,0,2,2,7,0.1,0,0,0,0,0,0,0,0,0,10,6,5,2
60356,3,43183,1,3,3,0,0,0,0,0,0,24,0.033333333,0,0,3,0,0,0,0,0,0,0,2,3,0
60369,2,43183,1,2,2,0,0,0,0,0,0,24,0.033333333,0,0,2,0,0,0,0,0,0,0,2,2,0
60386,1,334927,1,1,1,0,0,0,0,0,0,7,0.033333333,0,0,0,0,0,0,0,0,0,1,1,1,0
60390,6,334927,1,6,3,2,0,1,0,1,0,7,0.033333333,0,0,0,0,0,0,0,0,0,6,4,6,0
60391,7,334927,1,7,4,1,0,1,0,1,1,7,0.033333333,0,0,0,0,0,0,0,0,0,7,6,7,0
60408,45,334927,2,24,4,12,4,2,0,10,1,7,0.1,0,0,0,0,0,0,6,0,0,17,14,1,17
60447,310,878119,3,175,17,64,15,49,9,49,13,20,0.2,0,19,0,0,0,0,0,0,0,0,36,33,34
60454,119,878119,2,111,11,74,14,7,0,56,2,20,0.133333333,0,0,0,0,0,0,91,0,0,0,25,1,91
60458,104,334927,2,23,5,15,1,1,0,5,1,7,0.133333333,0,3,0,0,0,0,0,0,0,6,8,12,0
60490,13,878119,1,13,3,7,0,2,0,4,1,20,0.066666667,0,0,0,0,0,0,0,0,0,0,9,9,0
60495,131,878119,2,105,6,34,21,25,0,39,3,20,0.066666667,0,0,0,0,0,0,0,0,0,0,26,42,0
60511,368,334927,6,6,2,3,0,1,0,2,0,7,0.066666667,0,0,0,0,0,0,0,4,0,2,4,4,0
60527,135,878119,2,134,27,53,23,0,17,42,0,20,0.1,0,0,0,0,0,0,0,0,0,0,40,51,0
60545,94,878119,2,36,8,14,0,5,0,10,2,20,0.033333333,0,0,0,0,0,0,0,0,0,0,12,36,0
60552,19,334927,1,19,9,6,0,1,1,5,1,7,0.033333333,0,0,0,0,0,0,0,0,0,19,11,19,0
60570,3,878119,1,3,1,0,0,1,0,0,1,20,0.033333333,0,0,0,0,0,0,0,0,0,0,3,3,0
60587,193,334927,7,1,1,0,0,0,0,0,0,7,0.033333333,0,0,0,0,0,0,0,0,0,1,1,1,0
60603,3,21216,2,2,2,0,0,0,0,0,0,19,0.033333333,0,0,0,0,0,0,0,0,0,0,1,2,0
60625,28,21560,2,6,2,3,0,1,0,2,0,9,0.033333333,6,0,0,0,0,0,0,0,0,0,4,6,0
60632,6,21216,1,6,3,0,0,0,3,0,0,19,0.033333333,0,0,0,0,0,0,0,0,0,0,4,6,0
60644,430,334927,3,21,2,7,0,6,0,6,6,7,0.033333333,0,0,0,0,0,0,0,0,0,21,15,21,0
60651,61,878119,1,61,14,22,0,15,8,12,0,20,0.066666667,0,0,0,0,0,0,0,0,0,0,14,45,0
60652,2,334927,1,2,2,0,0,0,0,0,0,7,0.033333333,0,0,0,0,0,0,0,0,0,2,2,2,0
60659,2,334927,1,2,2,0,0,0,0,0,0,7,0.033333333,0,0,0,0,0,0,0,0,0,2,2,2,0
60673,5,21560,1,5,1,3,0,1,0,2,0,9,0.033333333,5,0,0,0,0,0,0,0,0,0,4,5,0
60675,4,334927,1,4,2,2,0,0,0,1,0,7,0.033333333,0,0,0,0,0,0,0,0,0,4,4,4,0
60677,2,334927,1,2,2,0,0,0,0,0,0,7,0.033333333,0,0,0,0,0,0,0,0,0,2,1,2,0
60683,649,21216,8,5,1,2,0,1,0,1,1,19,0.033333333,0,0,0,0,0,0,0,0,0,0,4,5,0
60687,91,334927,1,91,8,39,4,19,7,25,12,7,0.1,0,0,0,0,0,0,0,0,0,16,24,31,0
60693,81,334927,2,57,6,34,0,9,0,29,8,7,0.1,0,0,0,0,0,0,0,18,0,4,28,39,0
60694,18,878119,1,18,10,3,0,2,1,2,1,20,0.066666667,0,0,5,0,0,0,0,0,0,0,10,13,0
60698,1,148500,1,1,1,0,0,0,0,0,0,29,0.033333333,0,0,0,0,0,0,0,0,0,0,1,1,0
60702,18,334927,1,18,3,9,0,3,2,4,1,7,0.033333333,0,0,0,0,0,0,0,0,0,18,7,18,0
60740,2,21216,1,2,2,0,0,0,0,0,0,19,0.033333333,0,0,0,0,0,0,0,0,0,0,2,2,0
60745,1,21216,1,1,1,0,0,0,0,0,0,19,0.033333333,0,0,0,0,0,0,0,0,0,0,1,1,0
60765,149,156596,6,13,2,4,0,3,0,5,2,224,0.033333333,0,0,0,0,0,0,0,0,0,0,8,13,0
60768,149,195289,6,37,3,7,1,6,0,23,3,105,0.066666667,0,0,0,0,0,0,0,0,0,0,12,36,0
60774,125,208752,2,11,4,4,0,2,0,1,1,24,0.033333333,0,0,0,0,0,0,0,0,0,0,6,11,0
60778,248,221833,4,146,16,31,15,21,19,54,4,58,0.166666667,0,0,0,0,0,0,0,0,0,0,18,90,29
60779,12,221833,1,12,4,3,0,1,2,2,1,58,0.066666667,0,0,0,0,0,0,0,0,0,0,6,12,0
60784,6,221833,1,6,2,2,0,1,0,1,1,58,0.033333333,0,0,0,0,0,0,0,0,0,0,5,6,0
60788,1143,148039,11,56,16,14,1,8,11,6,4,18,0.066666667,0,0,0,0,0,0,0,0,0,0,15,34,0
60814,52,652701,1,52,8,14,15,7,3,0,0,3,0.2,0,0,0,0,0,0,0,0,0,0,7,2,35
60833,19,195289,2,18,3,3,4,1,0,5,2,105,0.1,1,0,0,0,0,0,0,0,0,0,8,1,0
60861,7,156596,2,2,2,0,0,0,0,0,0,224,0.033333333,0,0,0,0,0,0,0,0,0,0,2,2,0
60869,9,221833,1,9,4,2,0,1,1,1,1,58,0.033333333,0,0,0,0,0,0,0,0,0,0,7,9,0
60884,25,221833,2,15,2,4,2,2,0,5,2,58,0.033333333,0,0,0,0,0,0,0,0,0,0,9,15,0
60895,5,148039,1,5,1,2,0,1,0,1,1,18,0.033333333,0,0,0,0,0,0,0,0,0,0,4,5,0
60896,1,652701,1,1,1,0,0,0,0,0,0,3,0.033333333,0,0,0,0,0,0,0,0,0,0,1,1,0
60898,84,221833,1,84,10,31,0,25,0,25,8,58,0.1,0,0,0,0,0,0,0,0,0,0,26,43,0
60902,106,208752,1,106,12,20,0,16,6,35,28,24,0.066666667,0,0,0,0,0,0,0,0,0,0,34,32,0
60905,11,221833,1,11,5,2,0,1,1,1,1,58,0.033333333,0,0,0,0,0,0,0,0,0,0,8,11,0
60906,1,221833,1,1,1,0,0,0,0,0,0,58,0.033333333,0,0,0,0,0,0,0,0,0,0,1,1,0
60911,642,208752,1,642,58,159,49,103,41,204,111,24,0.466666667,0,34,0,4,0,88,70,8,9,0,96,133,71
60913,46,652701,2,36,15,4,1,1,8,0,0,3,0.066666667,0,0,0,0,0,0,0,0,0,0,8,20,16
60924,77,878119,2,64,9,27,0,15,0,16,13,20,0.1,57,0,2,0,0,0,0,0,0,0,18,57,0
60931,37,878119,1,37,6,21,0,3,0,18,4,20,0.066666667,0,0,27,10,0,0,0,0,0,0,14,27,10
60937,823,21560,4,202,26,73,16,23,2,85,18,9,0.466666667,0,0,8,4,10,2,0,0,0,0,38,109,14
60944,5,878119,1,5,5,0,0,0,0,0,0,20,0.033333333,0,0,5,0,0,0,0,0,0,0,4,5,0
60946,89,43183,1,89,3,10,25,1,2,38,15,24,0.066666667,0,0,0,2,87,0,0,0,0,0,33,2,87
60947,10,878119,1,10,5,2,0,1,0,1,0,20,0.033333333,0,0,10,0,0,0,0,0,0,0,6,10,0
60950,11,878119,2,10,4,2,0,0,0,1,0,20,0.033333333,0,0,10,0,0,0,0,0,0,0,4,10,0
60952,2,878119,1,2,2,0,0,0,0,0,0,20,0.033333333,0,0,2,0,0,0,0,0,0,0,1,2,0
60965,3,21216,1,3,3,0,0,0,0,0,0,19,0.033333333,0,0,0,0,0,0,0,0,0,0,2,3,0
60966,11,878119,1,11,6,3,0,2,0,2,0,20,0.1,0,0,6,0,0,0,0,1,0,0,6,4,0
60974,86,878119,5,19,7,6,0,4,0,5,0,20,0.066666667,0,0,5,0,0,0,0,0,0,0,8,14,5
60987,1736,21216,10,86,3,16,0,12,0,36,30,19,0.1,29,0,0,0,0,0,0,35,0,0,37,22,29
60997,255,21216,2,59,5,9,0,7,0,23,21,19,0.066666667,0,0,0,0,0,0,0,0,0,0,22,41,18
61000,391,878119,5,212,11,75,40,39,0,86,22,20,0.233333333,0,0,49,0,0,0,0,0,0,0,66,11,50
61019,55,878119,3,39,2,16,3,14,0,14,2,20,0.033333333,0,0,39,0,0,0,0,0,0,0,15,39,0
61022,4,43183,1,4,4,0,0,0,0,0,0,24,0.066666667,0,0,0,3,1,0,0,0,0,0,3,3,1
61030,36,878119,1,36,6,9,8,6,0,9,2,20,0.066666667,0,0,31,0,5,0,0,0,0,0,13,31,0
61039,24,148500,4,4,4,0,0,0,0,0,0,29,0.066666667,0,0,0,0,0,0,0,0,0,0,2,2,0
61052,84,878119,3,7,1,3,0,2,0,2,1,20,0.033333333,0,0,7,0,0,0,0,0,0,0,5,7,0
61055,88,878119,1,88,18,27,1,20,5,21,9,20,0.066666667,0,0,55,33,0,0,0,0,0,0,32,55,33
61056,2,878119,1,2,2,0,0,0,0,0,0,20,0.033333333,0,0,2,0,0,0,0,0,0,0,2,2,0
61058,3,878119,2,2,2,0,0,0,0,0,0,20,0.033333333,0,0,2,0,0,0,0,0,0,0,1,2,0
61066,6,21216,1,6,3,0,0,0,1,0,0,19,0.033333333,0,0,0,0,0,0,0,0,0,0,4,6,0
61073,111,878119,2,35,5,17,0,8,0,12,5,20,0.066666667,0,0,24,11,0,0,0,0,0,0,11,24,11
61095,547,878119,3,312,8,109,71,66,0,89,29,20,0.233333333,0,0,82,0,0,0,0,0,7,0,79,8,224
61098,10,878119,1,10,2,4,0,3,0,3,1,20,0.033333333,0,0,10,0,0,0,0,0,0,0,7,10,0
61122,22,878119,2,8,5,1,0,1,0,1,1,20,0.033333333,0,0,8,0,0,0,0,0,0,0,7,8,0
61139,776,878119,3,5,5,0,0,0,0,0,0,20,0.066666667,0,0,1,0,0,0,0,0,0,0,4,4,1
61142,1218,43183,3,1,1,0,0,0,0,0,0,24,0.033333333,0,0,0,0,1,0,0,0,0,0,1,1,0
61148,6,21216,2,2,2,0,0,0,0,0,0,19,0.033333333,0,0,0,0,0,0,0,0,0,0,1,2,0
61149,65,878119,1,65,9,41,1,1,0,47,2,20,0.066666667,0,0,15,0,0,0,50,0,0,0,28,15,0
61156,23,21216,2,1,1,0,0,0,0,0,0,19,0.033333333,0,0,0,0,0,0,0,0,0,0,1,1,0
61175,128,878119,1,128,10,86,2,12,1,68,6,20,0.233333333,0,31,1,18,20,0,10,0,0,0,37,31,10
61179,2,878119,1,2,2,0,0,0,0,0,0,20,0.033333333,0,0,2,0,0,0,0,0,0,0,1,2,0
61195,12,878119,1,12,2,7,0,3,0,3,0,20,0.033333333,0,0,12,0,0,0,0,0,0,0,6,12,0
61197,9,21560,1,9,3,3,0,2,0,2,1,9,0.033333333,0,0,0,0,0,0,0,0,0,0,7,9,0
61218,118,878119,1,118,6,49,0,34,0,43,27,20,0.133333333,0,0,7,13,24,0,74,0,0,0,19,7,13
61225,15,878119,1,15,2,9,1,0,1,9,0,20,0.033333333,0,0,0,15,0,0,0,0,0,0,12,15,0
61261,19,21216,12,1,1,0,0,0,0,0,0,19,0.033333333,0,0,0,0,0,0,0,0,0,0,1,1,0
61268,34,91935,1,34,8,7,0,6,9,5,2,26,0.066666667,0,0,0,0,0,0,0,0,0,0,8,18,0
61275,12,155579,2,11,4,4,0,2,0,1,1,17,0.066666667,0,0,0,0,0,0,0,0,0,0,7,7,0
61277,298,155579,2,96,9,17,9,12,14,30,14,17,0.1,0,0,0,21,0,0,0,0,0,0,16,12,0
61286,43,155579,3,19,7,5,0,3,1,2,2,17,0.033333333,0,0,0,0,0,0,0,0,0,0,9,19,0
61295,7,155579,1,7,3,0,0,0,3,0,0,17,0.033333333,0,0,0,0,0,0,0,0,0,0,4,7,0
61298,6,91935,1,6,2,0,0,0,4,0,0,26,0.033333333,0,0,0,0,0,0,0,0,0,0,3,6,0
61299,17,91935,1,17,5,9,0,1,0,7,1,26,0.1,0,0,0,0,0,0,0,0,0,0,6,1,5
61304,1,155579,1,1,1,0,0,0,0,0,0,17,0.033333333,0,0,0,0,0,0,0,0,0,0,1,1,0
61313,83,155579,1,83,10,32,0,20,2,19,13,17,0.133333333,0,0,0,0,0,0,0,0,0,0,22,55,0
61323,5,155579,1,5,1,2,0,1,0,1,1,17,0.033333333,0,0,0,0,0,0,0,0,0,0,4,5,0
61329,1,155579,1,1,1,0,0,0,0,0,0,17,0.033333333,0,0,0,0,0,0,0,0,0,0,1,1,0
61332,137,91935,1,137,11,30,31,24,3,36,23,26,0.1,68,60,0,0,0,0,0,0,0,0,40,9,68
61334,14,155579,1,14,4,7,0,2,0,3,1,17,0.033333333,0,0,0,0,0,0,0,0,0,0,7,14,0
61342,9,155579,1,9,3,2,0,1,0,1,1,17,0.033333333,0,0,0,0,0,0,0,0,0,0,6,9,0
61347,7,155579,2,6,3,2,0,0,0,1,1,17,0.066666667,0,0,0,0,0,0,0,0,0,0,5,1,0
61350,44,91935,1,44,13,14,0,8,0,7,5,26,0.033333333,0,0,0,0,0,0,0,0,0,0,11,44,0
61362,52,155579,2,38,6,12,1,7,9,4,2,17,0.066666667,0,0,0,0,0,0,0,0,0,0,8,33,0
61364,219,155579,2,33,3,6,3,4,3,10,6,17,0.033333333,0,0,0,0,0,0,0,0,0,0,8,33,0
61366,39,155579,2,9,2,2,0,1,0,3,2,17,0.066666667,0,0,0,0,0,0,0,0,0,0,5,8,1
61367,18,91935,1,18,3,7,0,5,0,4,3,26,0.033333333,0,0,0,0,0,0,0,0,0,0,6,18,0
61371,17,155579,1,17,4,6,0,4,0,3,3,17,0.033333333,0,0,0,0,0,0,0,0,0,0,8,17,0
61373,123,155579,3,87,5,29,0,24,0,30,23,17,0.066666667,0,0,0,0,0,0,38,0,0,0,36,49,0
61374,205,155579,1,205,12,53,25,26,38,57,20,17,0.266666667,26,0,0,0,0,0,30,14,0,0,28,61,0
61388,2,155579,1,2,2,0,0,0,0,0,0,17,0.033333333,0,0,0,0,0,0,0,0,0,0,2,2,0
61390,28,91935,1,28,2,5,10,4,0,9,0,26,0.033333333,0,0,0,0,0,0,0,0,0,0,8,28,0
61395,531,155579,2,525,66,72,42,44,124,136,61,17,0.266666667,0,0,0,0,3,0,0,0,0,0,61,329,173
61400,72,91935,1,72,5,14,42,9,0,7,1,26,0.133333333,0,0,25,0,0,0,0,0,15,0,34,14,0
61420,23,91935,1,23,4,8,0,6,0,5,5,26,0.066666667,0,0,0,0,0,0,0,0,0,0,12,5,0
61451,28,155579,1,28,2,8,3,7,0,8,6,17,0.033333333,0,0,0,0,0,0,0,0,0,0,12,28,0
61457,397,155579,2,301,24,69,37,47,32,95,39,17,0.3,0,0,0,60,0,0,0,0,0,0,80,94,130
61464,317,89830,1,317,13,36,51,28,34,116,53,108,0.2,0,0,13,0,0,0,0,0,7,0,71,42,24
61469,15,155579,2,1,1,0,0,0,0,0,0,17,0.033333333,0,0,0,0,0,0,0,0,0,0,1,1,0
61470,2,155579,1,2,2,0,0,0,0,0,0,17,0.033333333,0,0,0,0,0,0,0,0,0,0,1,2,0
61473,259,155579,5,25,4,8,0,7,0,8,6,17,0.033333333,0,0,0,0,0,0,0,0,0,0,13,25,0
61479,6,155579,1,6,1,2,0,1,0,2,1,17,0.033333333,0,0,0,0,0,0,0,0,0,0,4,6,0
61489,12,91935,1,12,8,2,0,1,0,2,1,26,0.033333333,0,0,0,0,0,0,0,0,0,0,6,12,0
61493,2317,155579,4,467,46,154,95,75,6,163,29,17,0.366666667,0,0,0,0,0,0,60,0,0,0,67,44,186
61500,17,89830,2,11,1,4,0,3,0,3,3,108,0.033333333,0,0,0,0,0,0,0,0,0,0,8,11,0
61518,845,155579,4,346,24,111,76,54,0,135,40,17,0.166666667,0,0,0,0,0,0,0,0,43,0,83,346,0
61520,440,155579,4,43,5,9,4,5,6,12,6,17,0.1,0,0,0,0,0,0,0,0,0,0,12,16,0
61534,1498,155579,5,581,89,157,41,112,19,178,73,17,0.666666667,0,4,0,43,5,0,5,0,0,36,85,193,179
61542,45,155579,1,45,5,15,0,8,2,16,7,17,0.1,0,0,0,0,0,0,0,0,0,0,13,33,0
61548,2,155579,1,2,2,0,0,0,0,0,0,17,0.066666667,0,0,0,0,0,0,0,0,0,0,1,1,0
61556,164,155579,1,164,11,32,16,19,19,65,16,17,0.2,0,0,0,0,0,33,64,0,21,0,23,26,0
61562,821,155579,9,142,18,52,5,22,14,49,18,17,0.233333333,0,0,0,0,0,0,0,0,0,0,14,30,8
61569,49,91935,1,49,7,17,0,10,0,13,8,26,0.1,0,0,0,0,0,0,0,0,0,0,13,41,0
61570,3,89830,1,3,3,0,0,0,0,0,0,108,0.033333333,0,0,0,0,0,0,0,0,0,0,2,3,0
61573,32,89830,1,32,4,5,0,4,0,12,11,108,0.033333333,0,0,0,0,0,0,0,0,0,0,14,32,0
61591,9,334927,1,9,4,3,0,1,0,2,1,7,0.1,0,0,0,1,0,0,0,0,0,0,5,2,0
61604,635,346877,3,175,17,53,32,13,38,45,7,9,0.2,0,0,0,0,0,0,0,0,6,58,41,109,61
61606,178,878119,2,170,31,57,35,13,1,69,12,20,0.1,0,0,0,0,4,0,0,0,0,0,44,91,0
61608,6,260769,2,5,3,2,0,0,0,1,0,0,0.033333333,0,0,0,0,0,5,0,0,0,0,4,5,0
61609,208,346877,2,143,20,35,40,21,2,31,11,9,0.2,40,8,0,7,0,0,0,0,9,37,41,51,37
61610,183,34988,3,31,4,1,11,1,0,10,4,108,0.1,0,0,0,0,0,0,0,0,0,0,13,2,0
61611,132,878119,8,39,14,14,0,8,0,6,3,20,0.066666667,0,0,0,0,0,0,0,0,0,0,10,12,0
61626,132,346877,8,8,4,2,0,1,0,1,1,9,0.033333333,0,0,0,0,0,0,0,0,8,0,5,8,0
61638,429,148500,5,286,15,57,75,43,3,96,27,29,0.166666667,0,0,0,0,0,0,0,0,0,0,39,99,7
61661,4,250865,1,4,1,2,0,1,0,1,0,34,0.033333333,0,0,0,0,0,0,4,0,0,0,3,4,0
61664,92,43183,8,4,4,0,0,0,0,0,0,24,0.066666667,0,0,0,0,0,0,0,0,0,0,2,3,0
61666,132,260769,8,22,4,11,0,4,0,4,3,0,0.1,0,0,0,0,0,0,17,4,0,0,12,1,0
61668,60,457932,1,60,12,28,15,0,1,19,0,21,0.033333333,0,0,0,0,0,0,0,60,0,0,24,60,0
61696,3209,46603,25,95,23,14,0,9,42,7,5,5,0.133333333,0,0,0,0,0,8,0,0,30,0,21,87,0
61702,1,878119,1,1,1,0,0,0,0,0,0,20,0.033333333,0,0,0,0,0,0,0,0,0,0,1,1,0
61708,173,457932,3,1,1,0,0,0,0,0,0,21,0.033333333,0,0,0,0,0,0,0,1,0,0,1,1,0
61711,37,878119,1,37,6,12,0,3,0,23,0,20,0.066666667,0,0,0,0,0,0,0,0,0,0,10,8,29
61721,15,110497,1,15,2,7,0,6,0,6,0,24,0.033333333,0,0,0,0,0,0,0,0,0,15,9,15,0
61723,260,346877,2,1,1,0,0,0,0,0,0,9,0.033333333,0,0,0,0,0,0,0,0,0,1,1,1,0
61725,7,334927,2,2,2,0,0,0,0,0,0,7,0.033333333,0,0,0,0,0,0,0,0,0,0,2,2,0
61749,39,878119,1,39,4,14,0,12,0,11,9,20,0.033333333,0,0,0,0,0,0,0,0,0,0,13,39,0
61765,17,457932,4,14,2,5,0,4,0,4,3,21,0.033333333,0,0,0,0,0,0,0,14,0,0,10,14,0
61771,296,334927,3,1,1,0,0,0,0,0,0,7,0.033333333,0,0,0,0,0,0,0,0,0,0,1,1,0
61775,31,878119,2,23,6,10,0,1,4,4,0,20,0.1,0,0,0,0,0,0,0,0,0,0,9,4,19
61789,27,334927,2,18,2,6,0,5,0,5,5,7,0.033333333,0,0,0,0,0,0,0,0,0,0,13,18,0
61795,40,334927,1,40,6,12,3,10,0,9,8,7,0.066666667,0,0,7,0,0,0,0,0,0,0,23,33,0
61814,17,85576,4,1,1,0,0,0,0,0,0,54,0.033333333,0,0,0,0,0,0,0,0,0,1,1,1,0
61819,207,334927,3,197,12,72,13,59,0,53,39,7,0.1,0,0,94,0,0,0,0,0,0,0,51,100,0
61824,2,457932,1,2,2,0,0,0,0,0,0,21,0.033333333,0,0,0,0,0,0,0,2,0,0,2,2,0
61826,9,334927,1,9,5,2,0,1,0,1,1,7,0.033333333,0,0,0,0,0,0,0,0,0,0,6,9,0
61828,24,334927,1,24,8,7,0,6,0,4,2,7,0.033333333,0,0,0,0,0,0,0,0,0,0,10,24,0
61833,194,457932,3,85,20,27,16,15,1,18,2,21,0.166666667,0,0,5,0,0,0,0,36,2,0,26,39,0
61840,32,334927,2,25,9,10,0,0,2,9,0,7,0.033333333,0,0,0,0,0,0,0,0,0,0,13,25,0
61853,107,878119,3,17,2,8,0,6,0,4,1,20,0.033333333,0,0,0,0,0,0,0,0,0,0,8,17,0
61859,459,457932,1,459,42,142,47,102,43,110,64,21,0.333333333,0,0,0,0,0,0,0,1,104,0,100,280,153
61862,41,110497,3,11,5,5,0,1,0,2,0,24,0.033333333,0,0,0,0,0,0,0,0,0,11,6,11,0
61864,51,878119,1,51,37,8,0,4,0,3,0,20,0.133333333,0,0,0,0,0,0,0,0,0,0,8,31,17
61868,167,334927,3,77,9,36,14,0,14,25,0,7,0.1,0,0,0,0,0,0,0,0,0,0,24,35,0
61870,201,457932,1,201,22,45,25,39,24,37,21,21,0.166666667,0,0,11,34,0,0,0,52,0,0,61,105,34
61888,22,457932,1,22,2,7,5,4,0,6,3,21,0.033333333,0,0,0,0,0,0,0,22,0,0,9,22,0
61892,25,334927,2,5,1,2,0,1,0,1,1,7,0.033333333,0,0,0,0,0,0,0,0,0,0,4,5,0
61895,336,334927,2,6,2,4,0,0,0,3,0,7,0.033333333,0,0,0,0,0,0,0,0,0,0,6,6,0
61899,14,250865,2,13,4,5,0,3,0,2,1,34,0.066666667,0,0,0,0,0,7,6,0,0,0,6,7,6
61928,1,334927,1,1,1,0,0,0,0,0,0,7,0.033333333,0,0,0,0,0,0,0,0,0,0,1,1,0
61929,2,878119,1,2,2,0,0,0,0,0,0,20,0.033333333,0,0,0,0,0,0,0,0,0,0,2,2,0
61934,266,346877,2,229,27,81,38,39,2,73,20,9,0.333333333,0,4,0,52,0,0,0,0,0,34,56,25,125
61935,39,878119,1,39,12,10,0,6,1,5,2,20,0.033333333,0,0,0,0,0,0,0,0,0,0,14,39,0
61937,6,43183,1,6,2,2,0,1,0,1,1,24,0.033333333,0,0,0,0,0,0,0,0,0,0,5,6,0
61948,247,85576,7,120,13,25,34,15,20,13,6,54,0.133333333,0,0,0,0,0,0,0,0,0,3,14,26,78
61949,2,43183,1,2,2,0,0,0,0,0,0,24,0.033333333,0,0,0,0,0,0,0,0,0,0,2,2,0
61954,76,110497,2,66,16,20,5,8,2,14,4,24,0.066666667,0,0,0,39,0,0,0,0,0,27,23,39,0
61961,168,34988,11,1,1,0,0,0,0,0,0,108,0.033333333,0,0,0,0,0,0,0,0,0,0,1,1,0
61980,561,260769,4,1,1,0,0,0,0,0,0,0,0.033333333,0,0,0,0,0,0,1,0,0,0,1,1,0
61987,66,346877,1,66,1,24,14,13,0,27,9,9,0.033333333,0,0,0,0,0,0,0,0,0,66,26,66,0
61989,16,878119,1,16,6,5,0,3,0,4,0,20,0.033333333,0,0,0,0,0,0,0,0,0,0,9,16,0
61994,162,346877,10,41,3,17,14,2,0,15,1,9,0.066666667,0,0,0,0,0,0,0,0,0,7,18,41,0
62000,74,878119,2,1,1,0,0,0,0,0,0,20,0.033333333,0,0,0,0,0,0,0,0,0,0,1,1,0
62014,24,457932,1,24,2,5,6,4,0,6,3,21,0.066666667,0,0,0,0,0,0,0,22,0,2,11,22,0
62015,49,334927,2,16,5,8,0,1,0,8,1,7,0.033333333,0,0,0,0,0,0,0,0,0,0,14,16,0
62016,49,878119,2,33,12,15,0,3,0,8,2,20,0.066666667,0,0,0,0,0,0,0,0,0,0,13,9,24
62018,263,334927,1,263,38,89,27,64,13,56,20,7,0.133333333,0,0,0,0,0,0,0,0,0,0,41,139,74
62023,159,878119,4,6,6,0,0,0,0,0,0,20,0.166666667,0,0,0,0,0,0,0,0,0,0,1,3,0
62051,128,346877,2,103,15,42,17,15,0,27,6,9,0.233333333,0,0,0,0,0,0,0,0,0,11,21,38,57
62054,15,250865,2,1,1,0,0,0,0,0,0,34,0.033333333,0,0,0,0,0,0,1,0,0,0,1,1,0
62067,607,346877,5,3,1,2,0,0,0,1,0,9,0.033333333,0,0,0,0,0,0,0,0,0,3,3,3,0
62072,171,346877,3,115,11,32,18,24,1,24,13,9,0.166666667,10,7,0,0,0,0,0,0,27,7,30,71,0
62080,63,334927,5,3,3,0,0,0,0,0,0,7,0.033333333,0,0,0,0,0,0,0,0,0,0,3,3,0
62084,199,250865,4,12,2,6,0,3,0,1,1,34,0.066666667,0,0,0,0,0,0,8,4,0,0,5,8,4
62093,67,457932,1,67,2,36,5,18,0,35,6,21,0.033333333,0,0,0,0,0,0,0,67,0,0,20,67,0
62096,173,878119,4,147,24,30,20,22,32,27,1,20,0.2,0,0,0,0,1,0,0,43,0,0,23,4,77
62097,70,457932,1,70,5,16,16,13,4,16,10,21,0.033333333,0,0,0,0,0,0,0,70,0,0,30,70,0
62099,19,110497,2,18,9,0,0,0,9,0,0,24,0.033333333,0,0,0,0,0,0,0,0,0,18,5,18,0
62143,141,250865,3,110,7,21,34,15,4,32,4,34,0.1,0,0,0,0,0,0,4,0,0,0,23,69,0
62147,38,334927,2,15,7,4,0,1,1,1,1,7,0.033333333,0,0,0,0,0,0,0,0,0,0,9,15,0
62150,1,457932,1,1,1,0,0,0,0,0,0,21,0.033333333,0,0,0,0,0,0,0,1,0,0,1,1,0
62155,50,457932,3,37,10,8,15,0,2,7,0,21,0.066666667,0,0,2,0,0,0,0,35,0,0,19,2,0
62156,42,346877,1,42,24,4,0,1,10,1,1,9,0.066666667,0,0,0,0,0,0,0,0,0,6,8,36,6
62167,64,250865,1,64,7,24,0,18,0,21,10,34,0.033333333,0,0,0,0,0,0,64,0,0,0,17,64,0
62178,561,457932,3,81,10,34,25,3,0,21,4,21,0.166666667,0,0,0,0,0,0,0,22,0,0,38,49,4
62179,322,878119,2,25,3,9,0,8,0,8,5,20,0.033333333,0,0,0,0,0,0,0,0,0,0,15,25,0
62186,2,148500,2,1,1,0,0,0,0,0,0,29,0.033333333,0,0,0,0,0,0,0,0,0,0,1,1,0
62191,16,346877,1,16,3,9,0,2,1,6,1,9,0.033333333,0,0,0,0,0,0,0,0,0,16,7,16,0
62196,86,334927,1,86,10,26,19,19,0,21,2,7,0.166666667,0,0,0,0,0,13,0,0,12,0,21,40,0
62200,21,250865,2,12,2,4,0,3,0,3,3,34,0.033333333,0,0,0,0,0,0,12,0,0,0,5,12,0
62205,11,110497,1,11,2,6,0,1,1,3,1,24,0.033333333,0,0,0,0,0,0,0,0,0,11,7,11,0
62224,129,457932,1,129,25,55,19,5,6,39,4,21,0.166666667,0,0,0,0,0,0,0,4,24,0,32,48,37
62228,269,260769,2,14,4,4,0,2,2,1,1,0,0.033333333,0,0,0,0,0,0,14,0,0,0,7,14,0
62230,77,85576,3,4,2,2,0,0,0,1,0,54,0.033333333,0,0,0,0,0,0,0,0,0,4,3,4,0
62233,77,127749,3,2,2,0,0,0,0,0,0,102,0.033333333,0,0,0,0,0,0,2,0,0,0,2,2,0
62235,1514,346877,2,432,52,163,19,83,87,90,21,9,0.5,18,1,38,25,0,0,4,24,41,30,52,8,65
62241,3,457932,1,3,3,0,0,0,0,0,0,21,0.033333333,0,0,0,0,0,0,0,3,0,0,2,3,0
62243,353,260769,2,171,6,52,20,46,1,47,37,0,0.066666667,0,0,0,0,0,0,61,0,0,0,65,110,0
62276,82,457932,2,72,4,50,7,4,0,47,3,21,0.1,0,21,34,0,0,0,0,17,0,0,22,21,0
62281,37,250865,4,1,1,0,0,0,0,0,0,34,0.033333333,0,0,0,0,0,0,1,0,0,0,1,1,0
62295,2,457932,1,2,2,0,0,0,0,0,0,21,0.033333333,0,0,0,0,0,0,0,2,0,0,2,2,0
62304,73,878119,1,73,11,20,0,17,15,17,4,20,0.033333333,0,0,0,0,0,0,0,0,0,0,22,73,0
62307,868,457932,7,65,9,22,2,18,2,15,12,21,0.066666667,0,0,0,0,0,0,0,10,0,0,24,55,0
62319,133,457932,2,1,1,0,0,0,0,0,0,21,0.033333333,0,0,0,0,0,0,0,1,0,0,1,1,0
62320,2,334927,1,2,2,0,0,0,0,0,0,7,0.033333333,0,0,0,0,0,0,0,0,0,0,2,2,0
62325,41,457932,2,27,7,9,4,2,1,6,1,21,0.066666667,0,0,0,0,0,0,0,21,6,0,16,21,6
62326,85,250865,1,85,2,20,51,1,1,24,0,34,0.033333333,0,0,0,0,0,0,85,0,0,0,26,85,0
62333,360,878119,2,358,28,202,20,4,85,182,3,20,0.266666667,0,0,0,17,0,0,0,8,18,0,54,144,0
62339,76,140022,2,51,1,10,26,0,0,17,1,232,0.033333333,0,0,0,0,0,0,51,0,0,0,13,51,0
62344,1,878119,1,1,1,0,0,0,0,0,0,20,0.033333333,0,0,0,0,0,0,0,0,0,0,1,1,0
62351,16,878119,2,6,3,1,0,1,0,1,1,20,0.033333333,0,0,0,0,0,0,0,0,0,0,5,6,0
62359,119,457932,2,117,16,50,21,5,2,43,4,21,0.166666667,0,0,0,0,0,0,0,3,0,0,36,22,68
62371,7,148500,1,7,2,3,0,1,0,2,1,29,0.033333333,0,0,0,0,0,0,0,0,0,0,6,7,0
62372,867,260769,4,311,14,96,126,25,19,84,13,0,0.333333333,0,0,87,0,0,0,4,0,55,0,87,8,41
62374,712,247683,2,693,55,152,20,122,266,106,68,23,0.433333333,0,0,0,0,189,0,37,0,0,12,71,161,31
62383,922,346877,3,222,12,92,29,49,1,80,29,9,0.266666667,0,0,10,0,88,0,10,0,59,9,51,29,101
62386,6,334927,1,6,4,2,0,0,0,1,0,7,0.033333333,0,0,0,0,0,0,0,0,0,0,5,6,0
62387,254,334927,2,65,8,24,4,17,0,15,11,7,0.066666667,0,0,0,0,0,0,0,0,0,0,23,46,0
62403,349,878119,1,349,27,91,72,71,2,95,48,20,0.333333333,0,0,0,0,4,38,65,0,0,0,81,59,4
62417,3,878119,1,3,3,0,0,0,0,0,0,20,0.033333333,0,0,0,0,0,0,0,0,0,0,2,3,0
62420,350,85576,6,115,11,30,31,10,13,27,12,54,0.033333333,0,0,0,0,0,0,0,0,0,115,17,115,0
62427,366,148500,4,32,2,11,0,10,0,12,7,29,0.033333333,0,0,0,0,0,0,0,0,0,0,17,32,0
62430,31,43183,1,31,6,10,0,1,0,18,5,24,0.066666667,0,0,0,0,0,0,0,0,0,0,12,14,17
62431,655,34988,4,53,8,24,4,4,0,29,1,108,0.133333333,11,0,0,0,0,0,0,0,0,0,13,2,0
62439,21,457932,2,15,2,4,3,3,0,3,2,21,0.033333333,0,0,0,0,0,0,0,15,0,0,9,15,0
62440,22,34988,2,8,2,3,0,1,0,2,2,108,0.033333333,0,0,0,0,0,0,0,0,0,0,7,8,0
62445,13,334927,1,13,3,5,0,3,1,2,1,7,0.066666667,0,0,2,0,0,0,0,0,0,0,5,11,0
62448,151,457932,2,81,14,25,2,18,7,14,8,21,0.133333333,0,12,0,0,0,0,0,12,0,0,20,57,0
62469,280,27035,3,65,20,13,8,2,6,16,2,60,0.066666667,0,0,0,0,0,0,0,46,0,0,16,19,0
62471,953,110497,6,40,2,9,0,8,0,16,13,24,0.033333333,0,0,0,0,0,0,0,0,0,40,24,40,0
62474,12,878119,1,12,4,8,0,0,0,5,0,20,0.033333333,0,0,0,0,0,0,0,0,0,0,9,12,0
62476,52,878119,1,52,3,16,8,14,0,15,6,20,0.033333333,0,0,0,0,0,0,0,0,0,0,18,52,0
62480,21,878119,2,6,3,2,0,1,0,1,0,20,0.066666667,0,0,0,0,0,0,0,0,0,0,4,1,0
62483,153,250865,3,23,4,11,5,1,0,9,1,34,0.066666667,0,0,0,4,0,0,19,0,0,0,9,4,0
62486,28,878119,1,28,7,16,0,2,0,8,2,20,0.066666667,0,0,0,0,0,0,0,0,0,0,12,22,0
62487,56,457932,1,56,7,18,8,12,0,11,9,21,0.133333333,0,0,0,0,0,0,0,26,0,0,20,20,0
62500,3,110497,1,3,1,2,0,0,0,1,0,24,0.033333333,0,0,0,0,0,0,0,0,0,3,3,3,0
62510,2,346877,1,2,2,0,0,0,0,0,0,9,0.033333333,0,0,0,0,0,0,0,0,0,2,1,2,0
62534,17,334927,1,17,9,6,0,0,0,3,0,7,0.033333333,0,0,0,0,0,0,0,0,0,0,9,17,0
62538,613,260769,7,74,4,13,49,4,0,9,0,0,0.133333333,0,0,0,0,0,0,21,0,0,0,33,16,0
62540,68,260769,2,6,2,2,0,1,0,1,1,0,0.033333333,0,0,0,0,0,0,6,0,0,0,5,6,0
62544,683,247683,3,30,4,14,0,8,0,9,4,23,0.033333333,0,0,0,0,0,0,0,0,0,30,8,30,0
62555,426,334927,5,103,3,46,0,33,0,37,21,7,0.1,57,0,0,0,0,0,0,0,0,0,31,37,57
62559,9,250865,1,9,3,4,0,1,0,3,1,34,0.033333333,0,0,0,0,0,0,9,0,0,0,7,9,0
62571,893,346877,6,128,19,45,16,23,4,38,9,9,0.366666667,1,0,0,9,0,7,46,5,5,5,30,13,5
62572,21,346877,2,9,2,3,0,2,0,2,2,9,0.033333333,0,0,0,0,0,0,0,0,0,9,7,9,0
62574,3728,334927,9,117,16,50,33,12,0,27,3,7,0.4,11,0,0,10,12,4,0,0,0,0,31,51,21
62578,61,127749,5,46,13,26,0,2,2,21,2,102,0.133333333,0,0,21,0,0,6,7,0,0,0,21,33,0
62585,73,250865,2,72,2,18,9,16,1,35,8,34,0.033333333,0,0,0,0,0,0,72,0,0,0,10,72,0
62606,150,250865,3,1,1,0,0,0,0,0,0,34,0.033333333,0,0,0,0,0,0,1,0,0,0,1,1,0
62621,39,127749,3,21,2,7,0,6,0,6,6,102,0.033333333,0,0,0,0,0,0,21,0,0,0,11,21,0
62635,77,878119,1,77,9,29,2,24,0,24,9,20,0.066666667,0,0,0,0,0,0,0,0,0,0,20,32,0
62639,2,34988,1,2,2,0,0,0,0,0,0,108,0.033333333,0,0,0,0,0,0,0,0,0,0,2,2,0
62650,6,346877,1,6,2,2,0,1,0,1,1,9,0.033333333,0,0,0,0,0,0,0,0,0,6,5,6,0
62670,74,250865,1,74,7,13,29,4,0,28,0,34,0.066666667,32,0,0,0,0,0,42,0,0,0,23,32,0
62671,22,250865,8,3,3,0,0,0,0,0,0,34,0.033333333,0,0,0,0,0,0,3,0,0,0,1,3,0
62682,22,85576,2,8,4,2,0,1,0,1,1,54,0.033333333,0,0,0,0,0,0,0,0,0,8,5,8,0
62686,164,85576,4,79,10,29,16,18,3,17,0,54,0.1,0,0,0,0,0,0,0,0,0,9,10,45,25
62696,61,110497,1,61,27,21,1,5,1,23,3,24,0.1,0,0,0,23,0,0,0,0,0,14,15,24,0
62706,9,260769,2,3,3,0,0,0,0,0,0,0,0.033333333,0,0,0,0,0,0,3,0,0,0,1,3,0
62724,31,43183,4,1,1,0,0,0,0,0,0,24,0.033333333,0,0,0,0,0,0,0,0,0,0,1,1,0
62735,63,878119,1,63,9,22,4,17,0,13,9,20,0.033333333,0,0,0,0,0,0,0,0,0,0,18,63,0
62739,156,346877,1,156,15,38,28,17,27,40,8,9,0.166666667,0,66,14,0,0,0,0,0,0,15,34,86,0
62746,287,260769,3,63,10,23,6,15,0,12,4,0,0.1,0,23,0,0,0,0,33,0,0,0,21,7,0
62773,299,457932,3,191,19,64,15,48,9,42,32,21,0.333333333,0,30,0,0,9,0,0,4,0,0,53,97,37
62774,16,346877,1,16,6,5,0,3,0,2,2,9,0.033333333,0,0,0,0,0,0,0,0,0,16,8,16,0
62776,124,334927,3,91,17,49,0,6,6,35,3,7,0.133333333,0,0,0,0,0,0,0,0,0,0,27,60,7
62785,15,85576,1,15,8,2,0,0,1,1,1,54,0.033333333,0,0,0,0,0,0,0,0,0,15,8,15,0
62789,11,21560,2,10,3,4,0,1,0,2,1,9,0.066666667,0,0,0,0,0,0,0,0,0,0,6,7,0
62795,1,148500,1,1,1,0,0,0,0,0,0,29,0.033333333,0,0,0,0,0,0,0,0,0,0,1,1,0
62805,822,127749,7,150,9,33,61,24,0,21,15,102,0.233333333,7,0,0,10,0,0,4,23,0,0,53,7,0
62811,652,457932,3,499,38,145,85,123,13,123,76,21,0.266666667,0,4,0,0,72,150,0,12,0,0,70,2,293
62812,11,878119,1,11,2,7,0,1,0,6,1,20,0.033333333,0,0,0,0,0,0,0,0,0,0,8,11,0
62823,353,346877,4,11,1,4,0,3,0,3,3,9,0.033333333,0,0,0,0,0,0,0,0,0,11,4,11,0
62829,53,878119,2,34,5,13,10,3,0,6,0,20,0.133333333,4,4,0,0,0,0,0,0,0,0,12,21,0
62847,822,140022,7,1,1,0,0,0,0,0,0,232,0.033333333,0,0,0,0,0,0,1,0,0,0,1,1,0
62853,21,260769,4,1,1,0,0,0,0,0,0,0,0.033333333,0,0,0,0,0,0,1,0,0,0,1,1,0
62854,294,334927,2,284,34,95,23,47,50,86,13,7,0.2,0,0,0,0,0,4,0,0,1,0,39,173,0
62855,77,457932,2,74,17,32,16,1,1,26,0,21,0.1,0,0,0,0,0,0,0,25,31,18,26,25,31
62859,21,334927,4,18,5,8,0,3,0,3,2,7,0.033333333,0,0,0,0,0,0,0,0,0,0,8,18,0
62863,203,110497,2,1,1,0,0,0,0,0,0,24,0.033333333,0,0,0,0,0,0,0,0,0,1,1,1,0
62879,3,346877,3,1,1,0,0,0,0,0,0,9,0.033333333,0,0,0,0,0,0,0,0,0,1,1,1,0
62882,79,346877,3,16,2,7,0,4,0,6,3,9,0.066666667,0,0,0,0,0,0,0,0,5,11,11,5,11
62883,51,878119,3,16,4,8,0,2,0,5,2,20,0.066666667,0,0,0,0,0,0,0,0,0,0,11,9,7
62886,2172,110497,5,1,1,0,0,0,0,0,0,24,0.033333333,0,0,0,0,0,0,0,0,0,1,1,1,0
62903,377,148500,4,240,4,42,135,0,0,63,3,29,0.1,0,0,0,0,0,0,0,0,0,0,40,53,182
62908,377,878119,4,7,2,4,0,1,0,1,0,20,0.066666667,0,0,0,0,0,0,0,0,0,0,4,3,0
62911,53,346877,3,10,3,3,0,2,0,2,2,9,0.066666667,0,0,0,0,0,0,0,0,0,2,6,8,0
62912,79,250865,3,9,2,3,0,2,0,3,1,34,0.033333333,0,0,0,0,0,0,9,0,0,0,6,9,0
62913,179,346877,1,179,23,62,57,11,1,55,7,9,0.166666667,30,0,0,0,0,0,0,0,0,42,46,98,42
62915,970,34988,13,11,2,5,0,1,0,7,0,108,0.033333333,0,0,0,0,0,0,0,0,0,0,6,11,0
62921,2,110497,1,2,2,0,0,0,0,0,0,24,0.033333333,0,0,0,0,0,0,0,0,0,2,2,2,0
62923,272,878119,1,272,34,108,13,78,2,65,34,20,0.366666667,0,0,0,0,0,26,0,0,25,0,63,64,0
62933,1,457932,1,1,1,0,0,0,0,0,0,21,0.033333333,0,0,0,0,0,0,0,1,0,0,1,1,0
62940,6,457932,1,6,2,2,0,1,0,2,0,21,0.033333333,0,0,0,0,0,0,0,6,0,0,4,6,0
62946,456,878119,4,125,15,51,4,41,7,35,6,20,0.2,0,0,0,0,0,0,0,0,0,0,29,64,1
62950,1,250865,1,1,1,0,0,0,0,0,0,34,0.033333333,0,0,0,0,0,0,1,0,0,0,1,1,0
62954,1355,878119,5,177,19,65,9,49,21,43,10,20,0.4,14,15,0,0,0,0,0,0,0,0,23,38,18
62957,1355,85576,5,605,57,145,169,98,47,108,25,54,0.366666667,0,8,0,35,0,0,0,0,35,56,50,237,234
62972,444,457932,2,297,44,116,31,2,84,70,5,21,0.1,0,0,0,0,0,0,0,89,95,113,52,89,95
62989,107,250865,3,62,12,17,13,2,0,34,0,34,0.1,0,0,0,0,0,0,11,0,0,0,13,22,0
62994,42,878119,1,42,15,26,0,0,1,19,0,20,0.133333333,13,0,0,0,0,0,0,0,0,0,12,23,9
62997,217,334927,3,1,1,0,0,0,0,0,0,7,0.033333333,0,0,0,0,0,0,0,0,0,0,1,1,0
62999,374,85576,2,350,24,41,149,27,45,37,13,54,0.133333333,0,0,0,0,0,16,0,30,0,287,71,17,0
63020,116,878119,1,116,12,47,0,34,3,29,19,20,0.2,0,0,0,0,0,0,0,0,0,0,30,86,5
63022,335,346877,4,44,6,18,0,12,0,11,8,9,0.066666667,0,0,0,0,0,0,0,0,0,16,11,44,0
63039,353,334927,4,28,2,12,0,8,0,11,6,7,0.066666667,0,0,0,0,0,0,0,0,0,0,16,27,0
63048,455,85576,5,114,20,25,40,14,1,13,5,54,0.1,0,0,0,0,0,0,0,0,0,60,25,22,0
63057,18,457932,1,18,4,8,0,5,0,6,0,21,0.033333333,0,0,0,0,0,0,0,18,0,0,8,18,0
63065,2,878119,1,2,2,0,0,0,0,0,0,20,0.033333333,0,0,0,0,0,0,0,0,0,0,2,2,0
63075,18,457932,2,15,4,8,0,3,0,3,0,21,0.066666667,0,0,0,0,0,0,0,10,0,5,7,10,0
63081,9,334927,1,9,4,2,0,1,0,1,1,7,0.033333333,0,0,0,0,0,0,0,0,0,0,7,9,0
63085,230,457932,1,230,47,97,21,31,7,73,12,21,0.4,0,22,0,4,0,0,1,8,0,20,44,54,20
63090,2,334927,1,2,2,0,0,0,0,0,0,7,0.033333333,0,0,0,0,0,0,0,0,0,0,2,2,0
63091,1468,260769,2,1,1,0,0,0,0,0,0,0,0.033333333,0,0,0,0,0,0,1,0,0,0,1,1,0
63097,37,110497,3,18,5,6,0,4,0,4,2,24,0.1,1,0,0,0,0,0,0,0,0,7,9,11,0
63101,63,127749,3,1,1,0,0,0,0,0,0,102,0.033333333,0,0,0,0,0,0,0,1,0,0,1,1,0
63110,222,140022,2,114,5,22,9,18,0,39,33,232,0.066666667,0,0,0,0,0,0,66,48,0,0,24,66,48
63114,1,260769,1,1,1,0,0,0,0,0,0,0,0.033333333,0,0,0,0,0,0,1,0,0,0,1,1,0
63117,5,334927,1,5,3,1,1,0,0,1,0,7,0.033333333,0,0,0,0,0,0,0,0,0,0,5,5,0
63126,683,85576,3,297,20,63,89,46,5,51,28,54,0.466666667,6,0,0,20,0,0,4,0,0,19,57,124,68
63136,420,250865,2,346,39,27,186,16,13,57,0,34,0.1,0,0,0,0,0,0,135,41,0,0,40,305,41
63137,38,878119,1,38,8,16,0,2,6,15,2,20,0.066666667,0,0,0,0,0,0,0,0,0,0,12,24,0
63139,2,457932,1,2,2,0,0,0,0,0,0,21,0.033333333,0,0,0,0,0,0,0,2,0,0,2,2,0
63141,144,457932,1,144,25,68,23,8,2,46,7,21,0.266666667,0,5,0,0,0,0,0,11,25,5,36,84,9
63144,330,127749,5,42,5,15,0,11,4,9,7,102,0.1,0,0,0,0,0,0,0,4,12,0,19,38,0
63157,428,127749,4,1,1,0,0,0,0,0,0,102,0.033333333,0,0,0,0,0,0,0,0,1,0,1,1,0
63171,16,334927,2,14,4,4,0,3,0,3,3,7,0.066666667,0,0,12,0,0,0,0,0,0,0,7,2,12
63177,19,878119,1,19,2,8,0,7,0,9,0,20,0.033333333,0,0,0,0,0,0,0,0,0,0,10,19,0
63190,115,27035,3,4,1,3,0,0,0,2,0,60,0.033333333,0,0,0,0,0,0,0,0,0,4,3,4,0
63196,166,878119,1,166,17,64,16,38,2,54,23,20,0.166666667,0,0,0,0,67,0,0,0,0,0,55,47,4
63199,431,46603,2,1,1,0,0,0,0,0,0,5,0.033333333,0,0,0,0,0,0,0,1,0,0,1,1,0
63203,964,457932,5,124,6,54,13,27,1,45,22,21,0.1,71,0,0,0,0,0,0,0,0,34,35,19,0
63216,26,334927,1,26,3,8,0,7,0,7,7,7,0.066666667,0,0,5,0,0,0,0,0,0,0,8,21,5
63217,67,878119,1,67,4,25,5,21,0,18,11,20,0.1,0,0,0,0,0,0,0,0,0,0,30,37,30
63220,2,334927,2,1,1,0,0,0,0,0,0,7,0.033333333,0,0,1,0,0,0,0,0,0,0,1,1,0
63226,1,878119,1,1,1,0,0,0,0,0,0,20,0.033333333,0,0,0,0,0,0,0,0,0,0,1,1,0
63228,225,457932,2,63,4,27,7,14,0,22,9,21,0.066666667,0,0,0,0,0,0,0,0,23,40,22,23,40
63237,9,878119,1,9,4,4,0,0,0,4,0,20,0.033333333,0,0,0,0,0,0,0,0,0,0,7,9,0
63252,5,457932,1,5,3,2,0,0,0,1,0,21,0.033333333,0,0,0,0,0,0,0,0,0,5,4,5,0
63259,49,457932,2,43,3,17,3,12,0,12,8,21,0.066666667,0,0,0,0,0,0,0,0,0,4,24,39,0
63268,32,250865,1,32,16,5,0,3,0,10,1,34,0.033333333,0,0,0,0,0,0,0,0,32,0,12,32,0
63280,5,878119,1,5,5,0,0,0,0,0,0,20,0.066666667,0,0,0,0,0,0,0,0,0,0,2,3,2
63284,2,250865,1,2,2,0,0,0,0,0,0,34,0.033333333,0,0,0,0,0,0,0,0,2,0,2,2,0
63285,2,334927,1,2,2,0,0,0,0,0,0,7,0.033333333,0,0,2,0,0,0,0,0,0,0,2,2,0
63292,3,43183,3,1,1,0,0,0,0,0,0,24,0.033333333,0,0,0,0,0,0,0,0,0,0,1,1,0
63304,299,140022,3,1,1,0,0,0,0,0,0,232,0.033333333,0,0,0,0,0,0,0,0,1,0,1,1,0
63316,4,878119,2,3,3,0,0,0,0,0,0,20,0.033333333,0,0,0,0,0,0,0,0,0,0,1,3,0
63344,36,127749,1,36,11,9,0,7,0,6,6,102,0.066666667,0,0,0,0,0,0,0,0,21,0,15,15,0
63363,253,334927,4,23,5,14,0,2,0,9,2,7,0.066666667,0,1,22,0,0,0,0,0,0,0,10,1,0
63371,91,250865,1,91,5,18,17,14,1,38,9,34,0.1,0,0,0,0,0,0,0,74,7,0,17,17,0
63372,215,334927,2,1,1,0,0,0,0,0,0,7,0.033333333,0,0,1,0,0,0,0,0,0,0,1,1,0
63380,16,334927,1,16,6,5,0,3,0,2,2,7,0.066666667,0,0,10,0,0,0,0,0,0,0,8,6,0
63388,78,250865,3,1,1,0,0,0,0,0,0,34,0.033333333,0,0,0,0,0,0,0,0,1,0,1,1,0
63397,20,878119,1,20,3,11,0,2,0,8,2,20,0.066666667,0,0,0,0,0,0,0,0,0,0,10,13,7
63403,218,46603,1,218,37,74,18,3,77,46,1,5,0.2,16,58,0,0,0,35,46,62,0,0,34,16,93
63423,25,43183,2,6,2,3,0,1,0,2,0,24,0.033333333,0,0,0,0,0,0,0,0,0,0,4,6,0
63425,967,457932,11,102,14,34,8,24,5,19,14,21,0.233333333,0,0,0,5,16,0,0,0,0,10,31,67,10
63428,44,250865,2,13,4,2,0,1,5,1,1,34,0.033333333,0,0,0,0,0,0,0,0,13,0,4,13,0
63434,1,878119,1,1,1,0,0,0,0,0,0,20,0.033333333,0,0,0,0,0,0,0,0,0,0,1,1,0
63441,3,148500,2,2,2,0,0,0,0,0,0,29,0.033333333,0,0,0,0,0,0,0,0,0,0,2,2,0
63469,11,457932,1,11,2,4,2,2,0,3,1,21,0.066666667,0,0,0,0,0,0,1,0,0,10,7,1,0
63493,145,148500,1,145,6,23,28,19,15,51,11,29,0.1,0,0,0,0,0,0,0,0,0,0,31,90,0
63498,25,148500,3,16,5,4,0,4,0,4,3,29,0.033333333,0,0,0,0,0,0,0,0,0,0,8,16,0
63508,72,878119,2,42,9,10,3,8,4,15,0,20,0.1,0,0,0,0,0,0,0,0,0,0,12,15,23
63511,798,334927,6,20,2,9,0,6,0,4,3,7,0.066666667,0,0,12,0,0,0,0,0,0,0,8,8,0
63517,153,334927,2,88,20,21,18,2,22,13,0,7,0.133333333,38,0,10,0,0,0,0,0,0,0,18,35,38
63519,6,46603,1,6,2,2,0,1,0,1,1,5,0.033333333,0,0,0,0,0,0,0,6,0,0,5,6,0
63527,56,457932,5,1,1,0,0,0,0,0,0,21,0.033333333,0,0,0,0,0,0,0,0,0,1,1,1,0
63537,69,878119,1,69,17,21,3,17,1,16,8,20,0.166666667,0,0,0,0,0,0,0,0,0,0,24,15,0
63540,314,21560,2,1,1,0,0,0,0,0,0,9,0.033333333,0,0,0,0,0,0,0,0,0,0,1,1,0
63547,115,457932,1,115,10,35,23,21,1,23,15,21,0.133333333,0,0,0,0,0,0,0,0,43,18,28,64,51
63566,165,457932,2,12,3,6,1,1,0,5,1,21,0.033333333,0,0,0,0,0,0,0,0,0,12,10,12,0
63581,285,43183,6,71,13,12,12,9,0,20,5,24,0.1,0,0,0,0,0,0,0,0,0,0,15,68,0
63583,1454,148500,9,220,13,44,40,24,34,59,27,29,0.133333333,0,0,0,0,0,0,0,0,0,0,59,188,0
63590,16,878119,1,16,4,4,0,3,0,6,2,20,0.033333333,0,0,0,0,0,0,0,0,0,0,6,16,0
63614,12,457932,1,12,2,4,3,1,0,3,1,21,0.066666667,0,0,0,0,0,0,0,0,1,11,8,1,11
63616,16,878119,1,16,4,11,0,1,0,8,0,20,0.033333333,0,0,0,0,0,0,0,0,0,0,11,16,0
63621,7,43183,2,3,3,0,0,0,0,0,0,24,0.033333333,0,0,0,0,0,0,0,0,0,0,2,3,0
63622,7,334927,2,4,4,0,0,0,0,0,0,7,0.033333333,0,0,4,0,0,0,0,0,0,0,2,4,0
63631,27,334927,1,27,11,4,0,2,8,1,1,7,0.066666667,0,0,18,0,0,9,0,0,0,0,9,18,0
63637,389,457932,2,98,15,39,2,18,9,24,8,21,0.033333333,0,0,0,0,0,0,0,0,0,98,28,98,0
63646,16,43183,1,16,5,6,0,3,2,1,0,24,0.033333333,0,0,0,0,0,0,0,0,0,0,5,16,0
63655,1930,21560,11,147,11,51,11,30,0,46,25,9,0.3,17,7,0,19,0,0,0,0,0,0,37,31,69
63657,18,457932,1,18,3,4,3,4,0,4,3,21,0.033333333,0,0,0,0,0,0,0,0,0,18,12,18,0
63683,14,457932,1,14,6,3,4,0,0,2,0,21,0.066666667,0,0,0,0,0,0,0,0,0,11,8,3,11
63690,4,260769,1,4,2,2,0,0,0,1,0,0,0.033333333,0,0,0,0,0,0,0,0,4,0,4,4,0
63691,130,334927,1,130,17,69,19,9,0,49,4,7,0.266666667,0,0,15,0,0,0,0,9,0,0,38,34,40
63700,72,457932,3,16,2,6,3,3,0,5,2,21,0.033333333,0,0,0,0,0,0,0,0,0,16,8,16,0
63702,4,878119,2,2,2,0,0,0,0,0,0,20,0.033333333,0,0,0,0,0,0,0,0,0,0,2,2,0
63709,72,878119,3,1,1,0,0,0,0,0,0,20,0.033333333,0,0,0,0,0,0,0,0,0,0,1,1,0
63719,414,127749,2,392,23,79,249,2,5,63,0,102,0.266666667,0,0,0,0,0,0,90,97,2,0,113,116,79
63723,6,43183,1,6,4,2,0,0,0,1,0,24,0.033333333,0,0,0,0,0,0,0,0,0,0,6,6,0
63724,60,457932,1,60,4,46,7,0,0,28,1,21,0.033333333,0,0,0,0,0,0,0,0,0,60,19,60,0
63730,1,148500,1,1,1,0,0,0,0,0,0,29,0.033333333,0,0,0,0,0,0,0,0,0,0,1,1,0
63743,2,127749,1,2,2,0,0,0,0,0,0,102,0.033333333,0,0,0,0,0,0,0,0,2,0,2,2,0
63754,2,457932,1,2,2,0,0,0,0,0,0,21,0.033333333,0,0,0,0,0,0,0,0,0,2,2,2,0
63757,141,878119,1,141,22,75,5,20,3,55,11,20,0.066666667,0,0,0,0,0,0,0,0,0,0,31,108,33
63761,146,457932,3,11,1,8,0,1,0,5,1,21,0.033333333,0,0,0,0,0,0,0,0,0,11,7,11,0
63764,34,878119,1,34,5,10,0,7,0,19,2,20,0.033333333,0,0,0,0,0,0,0,0,0,0,9,34,0
63769,28,46603,2,1,1,0,0,0,0,0,0,5,0.033333333,0,0,0,0,0,0,0,1,0,0,1,1,0
63776,3,250865,1,3,3,0,0,0,0,0,0,34,0.033333333,0,0,0,0,0,0,0,0,3,0,3,3,0
63787,452,457932,2,57,4,49,3,0,0,38,0,21,0.033333333,0,0,0,0,0,0,0,0,0,57,19,57,0
63797,5,334927,1,5,2,3,0,0,0,2,0,7,0.033333333,0,0,5,0,0,0,0,0,0,0,4,5,0
63802,144,878119,1,144,39,57,0,29,4,31,14,20,0.233333333,0,0,0,0,0,0,0,0,0,0,20,82,10
63808,216,878119,1,216,25,62,38,42,5,65,25,20,0.133333333,0,0,0,0,140,0,0,7,0,0,59,36,0
63821,8,250865,1,8,2,3,0,2,0,2,1,34,0.033333333,0,0,0,0,0,0,0,0,8,0,5,8,0
63829,26,457932,1,26,6,12,5,2,0,5,0,21,0.033333333,0,0,0,0,0,0,0,0,0,26,8,26,0
63834,3,334927,1,3,1,0,0,0,2,0,0,7,0.033333333,0,0,3,0,0,0,0,0,0,0,2,3,0
63847,1,457932,1,1,1,0,0,0,0,0,0,21,0.033333333,0,0,0,0,0,0,0,0,0,1,1,1,0
63854,745,334927,4,79,14,31,6,19,0,10,7,7,0.266666667,0,4,4,0,0,4,0,0,0,0,23,4,0
63860,23,140022,1,23,4,3,8,0,0,5,3,232,0.033333333,0,0,0,0,0,0,0,0,23,0,8,23,0
63870,11,334927,1,11,2,9,0,0,0,8,0,7,0.033333333,0,0,11,0,0,0,0,0,0,0,7,11,0
63871,165,21560,5,9,3,2,0,1,2,1,1,9,0.033333333,0,0,0,0,0,0,0,0,0,0,4,9,0
63878,173,250865,2,11,2,3,0,2,0,3,3,34,0.066666667,0,0,0,0,0,0,0,1,10,0,6,1,10
63881,8,457932,1,8,2,3,0,2,0,2,1,21,0.033333333,0,0,0,0,0,0,0,0,0,8,6,8,0
63883,1,334927,1,1,1,0,0,0,0,0,0,7,0.033333333,0,0,1,0,0,0,0,0,0,0,1,1,0
63898,17,878119,1,17,4,8,3,1,0,5,0,20,0.033333333,0,0,0,0,0,0,0,0,0,0,8,17,0
63900,304,43183,2,1,1,0,0,0,0,0,0,24,0.033333333,0,0,0,0,0,0,0,0,0,0,1,1,0
63906,7,127749,3,4,4,0,0,0,0,0,0,102,0.033333333,0,0,0,0,0,0,0,0,4,0,2,4,0
63916,463,260769,6,93,5,33,25,13,0,31,9,0,0.1,0,0,0,0,0,0,77,0,5,0,27,88,0
63926,72,260769,2,31,5,13,0,1,9,13,0,0,0.1,0,0,0,0,0,0,0,0,2,0,7,30,0
63933,1,148500,1,1,1,0,0,0,0,0,0,29,0.033333333,0,0,0,0,0,0,0,0,0,0,1,1,0
63935,102,878119,1,102,30,25,23,9,4,15,2,20,0.133333333,0,0,0,0,0,0,0,25,0,0,24,11,69
63939,17,334927,1,17,7,7,0,0,2,4,0,7,0.066666667,0,0,3,0,0,0,0,0,0,0,11,14,0
63942,3,250865,1,3,3,0,0,0,0,0,0,34,0.066666667,0,0,2,0,0,0,0,0,1,0,2,2,0
63944,61,46603,1,61,10,19,6,14,1,12,9,5,0.066666667,0,0,0,0,0,38,0,23,0,0,29,38,0
63960,216,457932,2,1,1,0,0,0,0,0,0,21,0.033333333,0,0,0,0,0,0,0,0,0,1,1,1,0
63962,65,457932,1,65,4,17,16,15,0,16,11,21,0.033333333,0,0,0,0,0,0,0,0,0,65,26,65,0
63965,1,878119,1,1,1,0,0,0,0,0,0,20,0.033333333,0,0,0,0,0,0,0,0,0,0,1,1,0
63969,7,250865,1,7,2,2,0,1,0,1,1,34,0.033333333,0,0,0,0,0,0,0,0,7,0,5,7,0
63982,8,250865,3,6,2,2,0,1,0,1,1,34,0.033333333,0,0,0,0,0,0,0,0,6,0,5,6,0
64009,77,250865,2,26,5,11,0,7,0,6,3,34,0.066666667,0,0,0,0,0,0,0,0,19,0,10,7,0
64033,619,334927,2,121,13,48,0,32,3,37,20,7,0.1,0,0,51,0,0,0,0,0,0,0,25,18,0
64035,45,260769,2,33,7,10,3,7,1,5,4,0,0.066666667,0,0,0,0,0,0,0,0,7,0,14,33,0
64049,253,457932,1,253,26,63,48,50,11,45,35,21,0.2,0,45,16,0,31,0,0,0,0,12,81,114,0
64050,73,127749,4,32,4,14,0,8,0,7,4,102,0.033333333,0,0,0,0,0,0,0,0,32,0,9,32,0
64053,71,457932,2,1,1,0,0,0,0,0,0,21,0.033333333,0,0,0,0,0,0,0,0,0,1,1,1,0
64065,1,140022,1,1,1,0,0,0,0,0,0,232,0.033333333,0,0,0,0,0,0,0,0,1,0,1,1,0
64068,181,457932,4,133,35,55,14,11,2,40,6,21,0.233333333,0,0,0,0,0,0,0,0,0,7,29,35,16
64104,40,878119,2,34,6,15,0,10,0,8,2,20,0.066666667,0,0,0,0,0,0,0,0,0,0,10,8,26
64109,34,250865,2,29,6,8,0,5,0,14,1,34,0.066666667,0,0,0,0,0,0,0,6,23,0,9,6,23
64128,1920,250865,10,45,10,21,0,10,0,7,3,34,0.266666667,0,10,0,0,0,0,0,0,13,0,10,5,10
64131,164,334927,4,18,7,8,0,2,0,3,1,7,0.066666667,0,0,8,0,0,0,0,0,0,0,7,10,0
64132,444,457932,8,26,2,8,3,7,0,7,6,21,0.033333333,0,0,0,0,0,0,0,0,0,26,18,26,0
64139,4,148500,2,2,2,0,0,0,0,0,0,29,0.033333333,0,0,0,0,0,0,0,0,0,0,2,2,0
64143,253,260769,2,15,9,2,0,0,3,1,0,0,0.1,0,0,0,0,0,0,0,0,1,0,6,5,10
64148,2,334927,1,2,2,0,0,0,0,0,0,7,0.033333333,0,0,2,0,0,0,0,0,0,0,2,2,0
64159,7,334927,1,7,2,3,0,0,2,2,0,7,0.033333333,0,0,7,0,0,0,0,0,0,0,4,7,0
64169,668,148500,4,53,5,22,9,7,2,24,0,29,0.1,0,0,0,0,0,0,0,0,0,0,12,20,6
64176,135,34988,8,6,6,0,0,0,0,0,0,108,0.066666667,1,0,0,0,0,0,0,0,0,0,2,5,1
64182,68,457932,3,53,7,21,2,14,0,12,9,21,0.066666667,0,0,0,0,0,0,0,0,48,5,11,48,5
64192,10,91935,1,10,2,2,0,1,2,2,2,26,0.033333333,0,0,0,0,0,0,0,0,0,0,5,10,0
64195,137,907118,1,137,25,51,16,28,0,57,6,19,0.1,0,0,0,0,0,0,0,0,0,0,19,90,0
64197,96,89830,2,13,2,6,0,3,0,3,2,108,0.066666667,0,0,0,0,0,0,0,0,0,0,5,6,0
64205,345,91935,2,217,12,66,67,41,0,47,21,26,0.2,0,0,0,0,0,0,0,0,55,0,65,44,0
64212,174,907118,2,27,12,4,0,4,2,5,3,19,0.033333333,0,0,0,0,0,0,0,0,0,0,13,27,0
64214,28,91935,2,23,5,5,0,3,7,2,1,26,0.033333333,0,0,0,0,0,0,0,0,0,0,8,23,0
64220,156,907118,2,130,14,52,20,25,0,47,3,19,0.166666667,0,0,0,0,0,40,27,0,0,0,37,53,0
64222,253,907118,1,253,13,73,33,63,1,91,38,19,0.3,0,0,0,5,0,0,0,0,44,0,78,20,0
64223,33,907118,1,33,15,5,0,4,7,5,0,19,0.033333333,0,0,0,0,0,0,0,0,0,0,9,33,0
64225,268,91935,4,243,14,58,69,49,1,48,30,26,0.166666667,0,0,0,0,0,0,0,57,0,0,49,155,0
64244,52,907118,2,45,4,16,4,13,0,13,7,19,0.133333333,0,0,0,0,0,0,0,0,0,0,21,14,26
64255,281,907118,2,280,29,86,30,66,0,89,35,19,0.233333333,5,0,0,0,0,0,0,134,0,0,77,60,37
64259,268,907118,4,1,1,0,0,0,0,0,0,19,0.033333333,0,0,0,0,0,0,0,0,0,0,1,1,0
64260,106,907118,3,8,1,5,0,2,0,4,0,19,0.033333333,0,0,0,0,0,0,0,0,0,0,5,8,0
64264,33,907118,1,33,2,17,3,11,0,14,0,19,0.1,0,0,0,0,0,0,0,0,0,0,13,15,4
64269,10,907118,1,10,1,4,0,3,0,3,2,19,0.033333333,0,0,0,0,0,0,0,0,0,0,5,10,0
64277,87,907118,1,87,21,33,3,18,2,18,7,19,0.066666667,0,0,0,0,0,0,0,0,0,0,29,46,0
64289,264,91935,2,226,14,77,36,56,3,64,27,26,0.133333333,0,0,0,0,0,0,0,0,0,0,53,132,29
64292,1,907118,1,1,1,0,0,0,0,0,0,19,0.033333333,0,0,0,0,0,0,0,0,0,0,1,1,0
64296,4,907118,1,4,1,2,0,1,0,1,0,19,0.033333333,0,0,0,0,0,0,0,0,0,0,3,4,0
64300,36,907118,2,22,1,11,0,6,0,11,3,19,0.066666667,0,0,0,0,0,0,0,0,0,0,9,14,0
64312,1,155579,1,1,1,0,0,0,0,0,0,17,0.033333333,0,0,0,0,0,0,0,0,0,0,1,1,0
64317,76,907118,1,76,20,22,0,14,10,13,8,19,0.1,0,0,0,0,0,0,23,0,0,0,13,39,14
64321,11,907118,1,11,2,6,0,3,0,3,0,19,0.066666667,0,0,0,0,0,0,0,0,0,0,5,4,0
64323,55,907118,1,55,17,22,0,2,7,12,6,19,0.133333333,0,0,0,0,0,0,30,17,0,4,14,4,0
64362,2,907118,1,2,2,0,0,0,0,0,0,19,0.033333333,0,0,0,0,0,0,0,0,0,0,2,2,0
64372,16,907118,1,16,6,5,0,3,0,2,1,19,0.066666667,0,0,0,0,0,0,0,0,0,0,9,15,0
64382,17,907118,1,17,10,3,0,2,0,2,0,19,0.066666667,0,0,0,0,0,0,0,0,0,0,6,11,6
64387,259,907118,5,118,23,39,18,22,0,29,7,19,0.133333333,0,0,0,0,0,0,0,0,0,0,29,27,48
64392,75,907118,1,75,18,27,1,6,2,24,15,19,0.066666667,0,0,0,0,0,0,44,0,0,0,32,31,0
64395,23,907118,1,23,3,12,0,6,0,10,1,19,0.066666667,0,0,0,0,0,0,0,0,0,0,9,9,0
64416,12,91935,2,8,3,4,0,0,0,4,0,26,0.033333333,0,0,0,0,0,0,0,0,0,0,5,8,0
64423,481,907118,6,404,36,155,42,97,5,124,43,19,0.333333333,0,36,0,0,12,0,0,135,19,0,80,78,45
64442,56,907118,1,56,11,20,3,15,0,16,6,19,0.066666667,0,0,0,0,0,0,0,0,0,0,22,56,0
64450,303,907118,1,303,37,86,13,66,53,59,35,19,0.266666667,0,0,0,0,0,0,0,0,10,0,46,58,42
64460,844,907118,10,409,62,143,31,89,20,111,30,19,0.5,0,0,0,14,15,112,12,0,19,64,84,88,103
64479,21,907118,1,21,4,6,0,4,1,5,2,19,0.033333333,0,0,0,0,0,0,0,0,0,0,10,21,0
64482,233,907118,1,233,32,95,7,65,1,56,23,19,0.4,0,10,0,0,7,0,0,0,0,0,42,64,80
64489,399,907118,2,385,48,220,19,69,3,129,19,19,0.466666667,0,14,17,0,0,0,3,0,0,8,65,45,204
64490,76,907118,1,76,13,29,0,19,3,18,9,19,0.133333333,0,0,0,0,0,0,0,0,0,0,20,66,0
64500,35,907118,1,35,23,6,0,3,1,1,0,19,0.033333333,0,0,0,0,0,0,0,0,0,0,8,35,0
64514,693,907118,1,693,106,190,49,143,81,163,62,19,0.4,0,0,0,3,0,0,116,170,42,0,75,203,113
64517,10,907118,1,10,3,5,0,2,0,2,0,19,0.033333333,0,0,0,0,0,0,0,0,0,0,6,10,0
64518,94,155579,2,1,1,0,0,0,0,0,0,17,0.033333333,0,0,0,0,0,0,0,0,0,0,1,1,0
64527,2,89830,1,2,2,0,0,0,0,0,0,108,0.033333333,0,0,0,0,0,0,0,0,0,0,2,2,0
64538,21,907118,1,21,8,6,0,4,0,4,1,19,0.033333333,0,0,0,0,0,0,0,0,0,0,11,21,0
64557,215,907118,2,208,21,79,11,56,2,59,29,19,0.4,8,0,0,0,0,23,11,22,0,7,54,67,21
64560,62,155579,2,1,1,0,0,0,0,0,0,17,0.033333333,0,0,0,0,0,0,0,0,0,0,1,1,0
64578,431,91935,9,1,1,0,0,0,0,0,0,26,0.033333333,0,0,0,0,0,0,0,0,0,0,1,1,0
64584,844,155579,10,17,5,7,0,3,0,4,2,17,0.1,0,0,0,0,0,0,0,0,0,0,10,11,0
64585,232,907118,1,232,36,72,20,57,8,53,26,19,0.333333333,0,44,8,0,0,5,0,0,0,21,68,105,29
64586,97,907118,2,51,23,9,0,6,2,5,2,19,0.066666667,0,0,0,0,0,0,0,0,0,0,12,51,0
64594,98,907118,1,98,7,40,9,24,0,34,14,19,0.133333333,0,0,0,0,12,0,0,0,0,0,38,34,20
64599,350,89830,2,116,11,16,31,12,7,42,3,108,0.166666667,0,0,0,0,0,0,0,0,0,0,26,57,14
64603,28,155579,3,8,3,4,0,1,0,1,0,17,0.033333333,0,0,0,0,0,0,0,0,0,0,5,8,0
64622,31,907118,1,31,3,13,0,10,0,8,5,19,0.1,0,0,0,0,0,0,0,0,0,0,15,4,0
64639,390,907118,1,390,76,118,20,83,15,98,51,19,0.533333333,0,2,0,36,1,0,0,0,92,6,87,186,15
64640,51,907118,1,51,6,18,5,11,5,14,4,19,0.066666667,0,0,0,0,0,0,0,0,0,0,17,49,0
64645,90,907118,1,90,9,26,6,23,8,27,14,19,0.166666667,0,0,0,0,0,0,0,0,0,0,25,34,0
64647,280,91935,3,10,3,5,0,1,1,2,0,26,0.066666667,0,0,0,0,0,0,0,0,0,0,5,7,0
64651,31,89830,4,2,2,0,0,0,0,0,0,108,0.033333333,0,0,0,0,0,0,0,0,0,0,2,2,0
64656,134,907118,3,10,5,2,0,1,0,2,0,19,0.033333333,0,0,0,0,0,0,0,0,0,0,5,10,0
64670,136,91935,4,2,2,0,0,0,0,0,0,26,0.033333333,0,0,0,0,0,0,0,0,0,0,1,2,0
64679,332,907118,1,332,107,72,33,57,7,70,37,19,0.266666667,0,0,39,0,104,0,0,0,0,0,74,57,44
64680,12,89830,1,12,5,5,0,2,0,4,0,108,0.033333333,0,0,0,0,0,0,0,0,0,0,6,12,0
64683,224,907118,1,224,30,69,38,41,0,61,21,19,0.333333333,0,62,21,16,0,0,0,0,23,0,56,64,0
64685,30,907118,1,30,10,12,0,4,1,7,2,19,0.066666667,0,0,0,0,0,0,0,0,0,0,11,10,0
64690,11,907118,1,11,9,0,0,0,1,0,0,19,0.033333333,0,0,0,0,0,0,0,0,0,0,6,11,0
64697,176,907118,3,15,2,7,0,4,0,6,2,19,0.066666667,0,0,0,0,0,0,0,0,0,0,7,11,0
64704,203,907118,3,173,11,67,10,51,3,52,30,19,0.233333333,0,0,0,0,0,0,0,40,0,0,54,42,0
64712,106,907118,1,106,13,40,6,26,2,29,12,19,0.133333333,0,0,0,0,0,0,0,0,0,0,31,62,0
64728,641,907118,4,190,23,62,31,31,21,50,14,19,0.3,11,0,0,0,0,0,0,21,0,0,43,13,49
64731,1,155579,1,1,1,0,0,0,0,0,0,17,0.033333333,0,0,0,0,0,0,0,0,0,0,1,1,0
64739,79,907118,1,79,9,55,4,4,5,49,0,19,0.1,0,0,0,0,0,0,0,0,0,0,20,68,0
64740,65,907118,1,65,7,25,0,18,0,18,13,19,0.133333333,0,26,0,0,0,10,0,0,0,0,18,7,0
64743,163,907118,1,163,15,56,18,44,4,53,14,19,0.233333333,0,0,33,20,0,0,0,0,0,0,49,16,33
64751,63,907118,1,63,20,14,3,11,0,15,6,19,0.1,0,0,0,0,0,0,0,0,0,0,21,17,0
64758,38,907118,1,38,3,14,5,9,0,9,5,19,0.1,0,0,0,0,0,0,0,0,0,0,16,27,0
64767,36,907118,1,36,6,18,0,8,2,6,0,19,0.033333333,0,0,0,0,0,0,0,0,0,0,10,36,0
64776,507,907118,11,178,17,54,24,36,11,48,17,19,0.3,0,48,7,0,0,18,0,0,0,0,49,12,0
64777,8,907118,1,8,5,2,0,1,0,1,0,19,0.033333333,0,0,0,0,0,0,0,0,0,0,5,8,0
64779,149,91935,3,12,4,6,0,1,0,1,1,26,0.1,0,0,0,0,0,3,0,0,0,0,6,9,0
64785,27,907118,1,27,9,8,3,3,0,6,2,19,0.066666667,0,0,0,0,0,0,0,0,0,0,12,14,13
64791,107,907118,1,107,7,60,3,22,0,57,12,19,0.1,0,0,0,0,0,0,0,0,0,0,25,53,54
64801,377,91935,5,367,41,157,76,50,11,95,7,26,0.433333333,0,0,3,0,0,0,16,0,47,0,59,213,63
64811,3,907118,1,3,3,0,0,0,0,0,0,19,0.033333333,0,0,0,0,0,0,0,0,0,0,2,3,0
64814,18,907118,1,18,5,5,0,3,3,3,1,19,0.033333333,0,0,0,0,0,0,0,0,0,0,7,18,0
64827,297,155579,2,277,12,67,30,50,1,125,27,17,0.166666667,0,0,0,0,0,0,0,8,0,0,43,69,46
64834,155,907118,5,45,10,16,0,11,1,11,6,19,0.066666667,0,0,0,0,0,0,20,0,0,0,21,25,0
64836,3,907118,1,3,3,0,0,0,0,0,0,19,0.033333333,0,0,0,0,0,0,0,0,0,0,2,3,0
64837,584,907118,3,235,25,89,18,57,1,78,34,19,0.2,0,0,0,0,0,0,0,73,0,0,59,68,59
64839,81,907118,2,74,5,28,1,14,14,28,6,19,0.2,0,0,0,0,0,0,0,0,0,0,24,52,0
64840,115,907118,2,110,17,53,5,8,3,34,20,19,0.333333333,0,0,0,5,6,0,0,0,0,0,47,22,28
64845,21,907118,1,21,7,8,0,4,0,5,1,19,0.033333333,0,0,0,0,0,0,0,0,0,0,10,21,0
64861,17,155579,2,1,1,0,0,0,0,0,0,17,0.033333333,0,0,0,0,0,0,0,0,0,0,1,1,0
64869,111,907118,1,111,33,47,6,0,17,30,5,19,0.1,0,0,0,0,0,0,0,0,0,0,21,18,88
64875,85,907118,1,85,13,37,2,21,0,23,12,19,0.133333333,0,0,0,0,0,0,0,0,0,0,27,39,0
64879,41,907118,2,40,6,18,0,12,0,10,4,19,0.1,0,0,0,4,0,0,0,0,0,0,10,9,0
64885,14,907118,1,14,4,8,0,2,0,3,0,19,0.033333333,0,0,0,0,0,0,0,0,0,0,6,14,0
64888,20,261579,2,9,2,3,0,2,0,2,2,5,0.033333333,0,0,0,0,0,0,0,0,0,0,7,9,0
64904,76,261579,1,76,19,20,0,16,5,14,13,5,0.1,0,0,0,0,0,0,0,0,0,0,25,48,26
64917,9,261579,2,2,2,0,0,0,0,0,0,5,0.066666667,0,0,0,0,0,0,0,0,0,0,1,1,0
64926,587,261579,6,457,50,164,2,80,87,142,56,5,0.233333333,0,0,0,0,0,0,0,0,14,0,51,70,1
64932,848,261579,7,15,10,2,0,0,1,1,1,5,0.066666667,0,0,0,0,0,0,0,4,0,0,9,11,4
64933,11,261579,1,11,4,5,0,0,0,3,0,5,0.066666667,0,0,0,0,0,0,0,0,0,0,7,7,0
64943,19,261579,1,19,5,10,0,1,0,9,1,5,0.033333333,0,0,0,0,0,0,0,0,0,0,9,19,0
64947,53,261579,2,24,5,15,0,2,0,9,2,5,0.1,0,0,0,0,0,0,0,0,0,0,7,6,0
64950,95,261579,5,11,3,4,0,1,0,4,1,5,0.066666667,0,0,0,0,0,0,1,0,0,0,5,11,0
64951,30,261579,2,1,1,0,0,0,0,0,0,5,0.033333333,0,0,0,0,0,0,0,0,0,0,1,1,0
64956,6,261579,1,6,2,2,0,1,0,1,1,5,0.033333333,0,0,0,0,0,0,0,0,0,0,5,6,0
64964,5,261579,1,5,4,0,0,0,1,0,0,5,0.033333333,0,0,0,0,0,0,0,0,0,0,3,5,0
64966,25,261579,1,25,2,11,0,5,0,11,3,5,0.033333333,0,0,0,0,0,0,0,0,0,0,10,25,0
64969,199,261579,4,15,2,6,0,2,0,7,1,5,0.033333333,0,0,0,0,0,0,0,0,0,0,6,15,0
64997,444,261579,2,370,35,93,13,55,148,47,17,5,0.466666667,7,15,20,0,0,0,0,0,23,15,44,108,51
64998,2,261579,1,2,2,0,0,0,0,0,0,5,0.033333333,0,0,0,0,0,0,0,0,0,0,2,2,0
65004,15,261579,1,15,4,2,0,2,4,2,2,5,0.033333333,0,0,0,0,0,0,0,0,0,0,9,15,0
65008,312,261579,2,72,5,26,0,20,4,19,16,5,0.066666667,0,0,0,0,0,0,0,0,0,0,36,29,0
65010,115,261579,1,115,15,24,0,22,30,22,21,5,0.133333333,0,0,0,0,0,0,0,0,0,0,27,93,9
65020,9,261579,1,9,2,3,0,2,0,2,2,5,0.066666667,1,0,0,0,0,0,0,0,0,0,6,8,0
65028,492,261579,9,38,4,18,0,8,0,12,6,5,0.1,0,0,0,0,0,0,0,0,0,0,14,16,0
65039,27,261579,1,27,8,5,0,3,5,3,2,5,0.033333333,0,0,0,0,0,0,0,0,0,0,8,27,0
65063,8,261579,1,8,2,2,0,1,0,2,1,5,0.033333333,0,0,0,0,0,0,0,0,0,0,5,8,0
65086,340,261579,4,256,44,96,29,36,17,61,25,5,0.366666667,0,0,0,21,0,6,0,37,0,0,81,143,16
65091,8,261579,1,8,2,2,0,1,0,2,1,5,0.033333333,0,0,0,0,0,0,0,0,0,0,5,8,0
65098,144,261579,4,30,6,15,0,8,0,13,0,5,0.066666667,0,0,0,0,0,0,0,0,0,0,9,9,0
65110,6,261579,1,6,1,3,0,1,0,2,1,5,0.033333333,0,0,0,0,0,0,0,0,0,0,5,6,0
65114,37,261579,2,1,1,0,0,0,0,0,0,5,0.033333333,0,0,0,0,0,0,0,0,0,0,1,1,0
65131,84,261579,1,84,17,12,0,12,24,18,9,5,0.133333333,0,0,0,0,0,0,0,0,0,0,26,56,0
65134,104,261579,5,32,7,13,0,7,0,5,3,5,0.1,0,0,0,0,0,0,0,0,0,0,10,26,0
65137,3,261579,1,3,3,0,0,0,0,0,0,5,0.066666667,0,0,0,0,0,0,0,0,0,0,2,2,1
65144,73,261579,1,73,12,50,0,4,0,40,3,5,0.266666667,0,0,0,0,0,0,0,0,0,0,27,35,14
65146,348,261579,3,181,22,64,16,31,26,27,17,5,0.3,0,0,0,0,6,0,0,44,0,0,52,54,0
65160,5,261579,1,5,1,2,0,1,0,1,1,5,0.033333333,0,0,0,0,0,0,0,0,0,0,4,5,0
65171,23,261579,1,23,4,9,0,6,0,4,4,5,0.066666667,0,0,0,0,0,0,0,0,0,0,8,16,0
65175,813,261579,5,133,34,36,0,23,33,14,6,5,0.1,0,0,0,0,0,0,0,0,0,0,19,34,82
65185,783,261579,1,783,123,216,39,127,194,125,65,5,0.533333333,0,71,0,65,9,0,0,0,0,41,88,171,181
65204,1,261579,1,1,1,0,0,0,0,0,0,5,0.033333333,0,0,0,0,0,0,0,0,0,0,1,1,0
65222,336,261579,7,173,21,60,0,42,19,39,28,5,0.2,0,0,0,0,0,0,0,0,0,0,51,40,0
65250,4,261579,1,4,4,0,0,0,0,0,0,5,0.033333333,0,0,0,0,0,0,0,0,0,0,4,4,0
65251,6,261579,1,6,2,3,0,1,0,2,0,5,0.066666667,0,0,0,0,0,0,0,0,0,0,3,5,0
65257,55,261579,1,55,9,12,0,11,10,12,10,5,0.066666667,0,0,0,0,0,0,0,0,0,0,24,44,11
65262,9,261579,1,9,3,2,0,2,0,2,2,5,0.033333333,0,0,0,0,0,0,0,0,0,0,8,9,0
65264,1,261579,1,1,1,0,0,0,0,0,0,5,0.033333333,0,0,0,0,0,0,0,0,0,0,1,1,0
65271,101,261579,2,21,3,7,0,5,0,6,5,5,0.033333333,0,0,0,0,0,0,0,0,0,0,12,21,0
65287,34,261579,1,34,10,14,0,3,3,9,3,5,0.066666667,0,0,0,0,0,0,0,0,0,0,14,18,16
65296,6,261579,1,6,2,2,0,1,0,1,1,5,0.066666667,0,0,0,0,0,0,0,0,0,0,4,1,5
65309,1,261579,1,1,1,0,0,0,0,0,0,5,0.033333333,0,0,0,0,0,0,0,0,0,0,1,1,0
65319,1,261579,1,1,1,0,0,0,0,0,0,5,0.033333333,0,0,0,0,0,0,0,0,0,0,1,1,0
65333,43,261579,1,43,14,17,0,3,2,10,3,5,0.066666667,0,0,0,0,0,0,0,0,0,0,12,31,0
65337,6,261579,1,6,2,2,0,1,0,1,1,5,0.033333333,0,0,0,0,0,0,0,0,0,0,5,6,0
65344,223,261579,1,223,41,52,8,47,33,56,33,5,0.2,0,0,0,0,0,0,0,0,0,0,57,97,120
65357,7,261579,1,7,1,3,0,2,0,2,1,5,0.033333333,0,0,0,0,0,0,0,0,0,0,5,7,0
65361,121,261579,1,121,11,42,0,35,3,37,27,5,0.2,0,0,0,0,0,0,0,0,0,0,54,32,2
65363,7,261579,1,7,2,3,0,1,0,2,1,5,0.033333333,0,0,0,0,0,0,0,0,0,0,6,7,0
65369,3,261579,1,3,3,0,0,0,0,0,0,5,0.066666667,0,0,0,0,0,0,0,0,0,0,2,2,1
65385,1,261579,1,1,1,0,0,0,0,0,0,5,0.033333333,0,0,0,0,0,0,0,0,0,0,1,1,0
65392,171,261579,1,171,23,71,16,15,36,51,3,5,0.233333333,0,0,0,0,0,0,0,0,0,4,42,96,65
65394,1,261579,1,1,1,0,0,0,0,0,0,5,0.033333333,0,0,0,0,0,0,0,0,0,0,1,1,0
65403,1434,261579,6,278,31,106,10,86,43,66,0,5,0.466666667,6,0,0,0,0,0,0,32,0,6,55,108,73
65415,6,261579,1,6,2,2,0,1,0,1,1,5,0.033333333,0,0,0,0,0,0,0,0,0,0,4,6,0
65420,227,261579,1,227,14,59,14,51,49,49,38,5,0.233333333,0,0,0,0,0,0,0,0,54,0,67,54,0
65429,8,261579,1,8,2,2,0,1,0,3,1,5,0.033333333,0,0,0,0,0,0,0,0,0,0,6,8,0
65441,31,261579,1,31,2,15,0,7,0,14,7,5,0.033333333,0,0,0,0,0,0,0,0,0,0,17,31,0
65443,1,261579,1,1,1,0,0,0,0,0,0,5,0.033333333,0,0,0,0,0,0,0,0,0,0,1,1,0
65457,231,261579,5,86,12,26,0,20,15,16,11,5,0.066666667,0,0,0,0,0,0,0,0,0,0,26,77,0
65458,965,261579,7,11,2,4,0,1,0,5,1,5,0.033333333,0,0,0,0,0,0,0,0,0,0,6,11,0
65471,79,261579,1,79,6,30,0,23,0,22,17,5,0.1,0,0,0,0,0,0,0,0,0,0,18,66,4
65472,28,261579,1,28,3,11,0,5,1,12,5,5,0.033333333,0,0,0,0,0,0,0,0,0,0,14,28,0
65486,6,261579,2,2,2,0,0,0,0,0,0,5,0.033333333,0,0,0,0,0,0,0,0,0,0,2,2,0
65497,1,261579,1,1,1,0,0,0,0,0,0,5,0.033333333,0,0,0,0,0,0,0,0,0,0,1,1,0
65506,6,261579,1,6,2,2,0,1,0,1,1,5,0.033333333,0,0,0,0,0,0,0,0,0,0,5,6,0
65508,355,261579,7,27,4,9,0,4,2,7,4,5,0.033333333,0,0,0,0,0,0,0,0,0,0,9,27,0
65509,1,261579,1,1,1,0,0,0,0,0,0,5,0.033333333,0,0,0,0,0,0,0,0,0,0,1,1,0
65561,6,261579,2,5,1,2,0,1,0,1,1,5,0.033333333,0,0,0,0,0,0,0,0,0,0,4,5,0
65573,3,261579,1,3,1,2,0,0,0,1,0,5,0.033333333,0,0,0,0,0,0,0,0,0,0,3,3,0
65581,353,261579,2,182,8,40,46,35,23,33,25,5,0.1,0,38,0,0,0,0,0,0,0,0,61,144,0
65583,2,261579,1,2,2,0,0,0,0,0,0,5,0.033333333,0,0,0,0,0,0,0,0,0,0,2,2,0
65622,52,261579,2,29,3,10,0,8,0,8,7,5,0.066666667,0,0,0,0,0,0,0,0,0,0,11,8,0
65624,227,261579,2,7,3,2,0,1,0,1,1,5,0.066666667,0,0,0,0,0,0,0,0,0,0,5,1,0
65633,137,261579,4,21,6,12,0,3,0,3,0,5,0.1,0,0,0,0,0,0,0,0,0,0,5,6,0
65634,80,261579,1,80,14,52,0,7,0,39,7,5,0.2,21,8,0,0,0,0,0,0,0,0,29,7,43
65644,13,261579,1,13,1,5,0,4,0,4,3,5,0.033333333,0,0,0,0,0,0,0,0,0,0,7,13,0
65645,5,261579,1,5,2,2,0,0,0,1,1,5,0.033333333,0,0,0,0,0,0,0,0,0,0,5,5,0
65680,44,878119,1,44,3,16,0,14,0,13,11,20,0.066666667,0,0,0,11,33,0,0,0,0,0,16,11,33
65692,8,878119,1,8,2,3,0,2,0,2,1,20,0.033333333,0,0,0,0,8,0,0,0,0,0,6,8,0
65694,1,43183,1,1,1,0,0,0,0,0,0,24,0.033333333,0,0,0,0,0,0,1,0,0,0,1,1,0
65696,13,878119,1,13,4,9,0,0,0,6,0,20,0.033333333,0,0,0,0,13,0,0,0,0,0,9,13,0
65715,148,878119,2,147,14,72,20,5,18,61,3,20,0.2,0,6,0,0,27,0,0,0,0,0,37,11,56
65720,87,878119,3,23,1,9,1,8,0,8,3,20,0.033333333,0,0,0,0,23,0,0,0,0,0,14,23,0
65723,7,878119,1,7,2,3,0,1,0,2,1,20,0.033333333,0,0,0,0,7,0,0,0,0,0,6,7,0
65739,1069,21216,4,8,4,2,0,1,0,1,1,19,0.033333333,0,0,0,0,0,0,0,0,0,0,6,8,0
65767,1,21216,1,1,1,0,0,0,0,0,0,19,0.033333333,0,0,0,0,0,0,0,0,0,0,1,1,0
65773,108,878119,1,108,18,46,1,5,30,35,5,20,0.166666667,0,0,0,0,27,0,0,0,0,0,32,23,9
65774,139,878119,1,139,21,97,5,2,0,79,5,20,0.2,19,53,0,17,48,0,1,0,0,0,39,67,53
65776,1,878119,1,1,1,0,0,0,0,0,0,20,0.033333333,0,0,0,0,1,0,0,0,0,0,1,1,0
65783,15,878119,1,15,1,9,0,2,0,8,3,20,0.066666667,0,0,0,0,8,7,0,0,0,0,11,8,7
65784,708,21216,2,6,2,2,0,1,0,1,1,19,0.033333333,0,0,0,0,0,0,0,0,0,0,5,6,0
65788,662,148500,2,494,2,82,134,53,1,204,67,29,0.466666667,1,5,18,24,42,82,66,3,86,0,107,144,83
65790,6,148500,5,1,1,0,0,0,0,0,0,29,0.033333333,0,1,0,0,0,0,0,0,0,0,1,1,0
65791,6,878119,5,1,1,0,0,0,0,0,0,20,0.033333333,0,0,0,0,1,0,0,0,0,0,1,1,0
65793,6,21560,5,1,1,0,0,0,0,0,0,9,0.033333333,0,0,0,0,0,0,0,0,0,0,1,1,0
65802,29,148500,1,29,5,15,2,1,0,14,1,29,0.066666667,0,18,0,11,0,0,0,0,0,0,18,18,0
65805,4,878119,1,4,2,2,0,0,0,1,0,20,0.033333333,0,0,0,0,4,0,0,0,0,0,4,4,0
65810,35,21216,1,35,9,9,0,5,7,6,2,19,0.066666667,0,0,0,0,0,0,0,0,0,0,11,2,0
65813,84,21216,3,1,1,0,0,0,0,0,0,19,0.033333333,0,0,0,0,0,0,0,0,0,0,1,1,0
65815,179,878119,1,179,25,61,16,38,8,44,19,20,0.2,90,0,0,0,31,4,0,25,0,0,51,15,0
65825,66,878119,1,66,13,22,0,18,1,17,12,20,0.066666667,0,0,0,49,17,0,0,0,0,0,18,49,17
65834,21,878119,3,10,3,3,0,2,1,2,1,20,0.033333333,0,0,0,0,10,0,0,0,0,0,7,10,0
65837,23,878119,1,23,4,16,0,2,0,9,1,20,0.1,0,0,0,0,12,0,3,0,0,0,8,8,0
65840,140,878119,1,140,19,53,36,24,0,35,2,20,0.266666667,90,0,0,0,3,0,0,0,0,0,43,26,0
65846,159,878119,1,159,17,54,12,45,6,39,20,20,0.233333333,0,0,0,0,30,0,0,0,0,0,49,48,28
65851,106,878119,1,106,6,60,8,29,1,47,1,20,0.233333333,0,0,0,43,1,0,0,0,8,0,32,10,10
65854,51,878119,2,38,12,12,1,7,2,9,0,20,0.033333333,0,0,0,0,38,0,0,0,0,0,11,38,0
65859,1,21216,1,1,1,0,0,0,0,0,0,19,0.033333333,0,0,0,0,0,0,0,0,0,0,1,1,0
65870,28,878119,2,16,5,9,0,1,0,6,1,20,0.066666667,0,0,0,0,9,0,0,7,0,0,10,9,0
65873,17,878119,1,17,4,7,1,0,2,9,0,20,0.033333333,0,0,0,0,17,0,0,0,0,0,13,17,0
65881,29,21560,2,28,2,22,0,2,0,19,2,9,0.066666667,0,0,0,0,0,0,0,0,0,0,18,18,10
65901,25,878119,1,25,6,10,1,5,0,7,2,20,0.066666667,0,0,0,12,13,0,0,0,0,0,15,12,13
65902,864,21216,3,5,2,2,0,1,0,1,0,19,0.033333333,0,0,0,0,0,0,0,0,0,0,3,5,0
65913,43,878119,1,43,10,18,0,11,1,12,2,20,0.033333333,0,0,0,0,43,0,0,0,0,0,16,43,0
65914,6,43183,1,6,2,2,0,1,0,1,1,24,0.033333333,0,0,0,0,0,0,6,0,0,0,5,6,0
65915,27,21216,4,1,1,0,0,0,0,0,0,19,0.033333333,0,0,0,0,0,0,0,0,0,0,1,1,0
65936,1,21216,1,1,1,0,0,0,0,0,0,19,0.033333333,0,0,0,0,0,0,0,0,0,0,1,1,0
65937,40,878119,2,26,6,13,0,3,0,9,3,20,0.1,0,0,0,0,5,0,2,0,0,0,12,24,0
65943,1504,21560,3,69,4,23,5,17,0,22,11,9,0.1,22,0,0,0,0,0,0,0,0,0,21,9,22
65962,332,878119,2,327,30,130,54,73,1,119,24,20,0.333333333,0,0,0,120,36,0,0,0,0,0,72,156,41
65980,40,878119,2,1,1,0,0,0,0,0,0,20,0.033333333,0,0,0,0,0,1,0,0,0,0,1,1,0
65986,41,502584,3,32,2,4,11,0,2,11,0,143,0.033333333,0,0,0,0,0,0,0,0,0,0,7,32,0
65990,30,502584,2,12,2,3,0,2,0,4,2,143,0.033333333,0,0,0,0,0,0,0,0,0,0,7,12,0
66006,28,261579,1,28,4,18,0,2,0,17,1,5,0.1,0,0,0,0,0,0,0,0,0,0,15,23,0
66014,62,502584,3,52,17,16,0,7,3,13,5,143,0.1,0,0,0,0,0,0,0,0,0,0,13,15,0
66019,309,24979,3,107,14,23,0,15,43,8,8,25,0.1,0,0,0,0,0,0,0,0,0,0,16,68,0
66024,79,261579,2,45,7,18,0,10,0,14,8,5,0.133333333,0,8,0,0,0,0,0,0,0,0,23,34,1
66026,66,502584,1,66,15,9,12,7,5,15,3,143,0.033333333,0,0,0,0,0,0,0,0,0,0,14,66,0
66030,17,502584,1,17,2,7,0,3,0,8,2,143,0.066666667,0,0,0,0,0,0,0,0,0,0,6,14,3
66035,174,502584,2,40,6,12,0,8,6,7,6,143,0.066666667,0,0,0,0,0,0,0,0,0,0,11,20,0
66039,486,24979,2,64,12,17,0,11,15,10,7,25,0.1,0,0,0,0,0,0,0,0,0,0,19,16,40
66040,44,502584,1,44,6,14,0,11,2,12,9,143,0.066666667,0,0,0,0,0,0,0,0,0,0,12,35,0
66047,3031,24979,14,61,16,22,0,11,8,5,2,25,0.233333333,0,4,1,0,0,0,0,0,0,0,9,8,1
66054,4,502584,1,4,3,1,0,0,0,1,0,143,0.033333333,0,0,0,0,0,0,0,0,0,0,4,4,0
66056,150,261579,1,150,27,66,0,35,4,28,10,5,0.233333333,0,0,1,0,0,0,0,0,0,0,25,56,17
66074,159,502584,1,159,23,38,16,22,2,43,10,143,0.133333333,0,0,0,0,0,0,0,0,0,0,24,115,0
66086,57,24979,3,2,2,0,0,0,0,0,0,25,0.033333333,0,0,0,0,0,0,0,0,0,0,1,2,0
66103,56,261579,1,56,4,18,0,17,2,17,15,5,0.033333333,0,0,0,0,0,0,0,0,0,0,33,56,0
66132,268,24979,2,5,1,2,0,1,0,1,1,25,0.033333333,0,0,0,0,0,0,0,0,0,0,4,5,0
66149,108,261579,1,108,12,25,0,5,4,77,0,5,0.166666667,0,0,0,0,0,0,0,0,0,0,11,20,48
66157,117,261579,2,11,2,4,0,3,0,3,2,5,0.033333333,0,0,0,0,0,0,0,0,0,0,6,11,0
66158,47,261579,2,7,2,4,0,1,0,3,0,5,0.066666667,0,0,0,0,0,0,0,0,0,0,3,6,0
66165,10,24979,1,10,3,1,0,1,4,1,1,25,0.033333333,0,0,0,0,0,0,0,0,0,0,5,10,0
66178,18,502584,1,18,5,5,0,3,2,4,3,143,0.033333333,0,0,0,0,0,0,0,0,0,0,10,18,0
66186,96,502584,5,29,3,10,0,0,16,7,0,143,0.033333333,0,0,0,0,0,0,0,0,0,0,4,29,0
66194,96,502584,3,27,3,2,0,1,0,17,1,143,0.033333333,0,0,0,0,0,0,0,0,0,0,5,27,0
66200,285,261579,4,35,3,12,0,9,0,11,8,5,0.033333333,0,0,0,0,0,0,0,0,0,0,16,35,0
66201,12,24979,1,12,8,2,0,1,0,1,1,25,0.033333333,0,0,0,0,0,0,0,0,0,0,6,12,0
66203,137,502584,2,119,28,45,7,4,2,53,3,143,0.1,0,0,0,0,0,0,0,0,0,69,24,43,69
66207,21,502584,2,1,1,0,0,0,0,0,0,143,0.033333333,0,0,0,0,0,0,0,0,0,0,1,1,0
66209,83,502584,1,83,9,35,4,9,8,23,3,143,0.033333333,0,0,0,0,0,0,0,0,0,0,10,83,0
66212,3,261579,1,3,1,0,0,0,2,0,0,5,0.033333333,0,0,0,0,0,0,0,0,0,0,2,3,0
66231,23,502584,1,23,4,5,0,3,8,2,2,143,0.033333333,0,0,0,0,0,0,0,0,0,0,9,23,0
66238,57,502584,1,57,8,15,0,7,5,24,5,143,0.1,0,0,0,0,0,0,0,0,0,0,14,33,0
66245,540,502584,3,135,5,16,35,12,1,51,8,143,0.066666667,0,0,0,0,0,0,0,0,0,0,21,131,0
66268,5,261579,1,5,5,0,0,0,0,0,0,5,0.033333333,0,0,0,0,0,0,0,0,0,0,3,5,0
66270,14,502584,1,14,1,7,0,3,0,6,3,143,0.033333333,0,0,0,0,0,0,0,0,0,0,8,14,0
66271,14,502584,1,14,1,5,2,0,1,8,0,143,0.033333333,0,0,0,0,0,0,0,0,0,0,4,14,0
66276,5,261579,1,5,1,2,0,1,0,1,1,5,0.033333333,0,0,0,0,0,0,0,0,0,0,4,5,0
66279,52,502584,2,46,17,14,0,8,0,5,5,143,0.166666667,0,0,0,0,2,0,0,0,0,0,11,22,0
66289,9,502584,1,9,3,1,0,1,1,1,1,143,0.033333333,0,0,0,0,0,0,0,0,0,0,6,9,0
66294,160,261579,1,160,17,97,11,10,15,68,4,5,0.4,24,32,0,4,0,8,0,0,0,0,42,33,15
66304,63,24979,2,36,13,10,0,6,1,7,5,25,0.033333333,0,0,0,0,0,0,0,0,0,0,18,36,0
66311,32,502584,1,32,3,4,0,3,0,14,3,143,0.033333333,0,0,0,0,0,0,0,0,0,0,10,32,0
66314,24,502584,1,24,4,1,6,0,1,7,0,143,0.033333333,0,0,0,0,0,0,0,0,0,0,8,24,0
66318,7,502584,1,7,2,2,0,1,1,1,1,143,0.033333333,0,0,0,0,0,0,0,0,0,0,5,7,0
66332,159,261579,2,33,7,21,0,3,0,14,2,5,0.1,0,0,0,0,0,0,0,0,0,0,15,6,7
66337,108,261579,1,108,15,47,0,21,1,43,14,5,0.166666667,0,0,0,0,0,0,0,0,0,17,29,7,0
66339,26,261579,1,26,3,8,0,4,7,4,2,5,0.033333333,0,0,0,0,0,0,0,0,0,0,8,26,0
66345,22,261579,2,8,4,2,0,1,0,1,1,5,0.066666667,0,0,0,0,0,0,0,0,0,0,6,8,0
66355,872,502584,7,3,2,0,0,0,0,0,0,143,0.033333333,0,0,0,0,0,0,0,0,0,0,3,3,0
66362,320,261579,4,173,6,72,12,38,13,69,27,5,0.066666667,0,0,0,0,0,0,0,0,0,0,64,128,45
66377,13,24979,2,11,2,5,0,2,0,4,2,25,0.033333333,0,0,0,0,0,0,0,0,0,0,8,11,0
66405,6,261579,1,6,3,2,0,0,0,1,1,5,0.033333333,0,0,0,0,0,0,0,0,0,0,5,6,0
66421,1597,261579,3,596,39,251,8,132,94,162,62,5,0.4,12,54,0,0,0,0,0,0,78,57,98,239,84
66427,101,261579,4,27,3,13,0,10,0,9,0,5,0.1,0,0,0,0,0,0,0,0,0,0,11,5,14
66430,42,502584,1,42,4,1,16,1,3,11,1,143,0.066666667,0,0,0,0,0,0,0,0,0,0,8,40,0
66444,526,261579,5,13,1,5,0,4,0,4,3,5,0.033333333,0,0,0,0,0,0,0,0,0,0,9,13,0
66448,8,261579,1,8,2,4,0,1,0,3,1,5,0.033333333,0,0,0,0,0,0,0,0,0,0,7,8,0
66452,1,261579,1,1,1,0,0,0,0,0,0,5,0.033333333,0,0,0,0,0,0,0,0,0,0,1,1,0
66457,22,261579,1,22,5,4,6,1,6,3,0,5,0.066666667,0,0,0,0,0,0,0,0,0,0,8,10,12
66460,695,261579,6,32,2,5,0,4,16,5,3,5,0.066666667,0,0,0,0,0,0,0,0,0,0,9,31,0
66468,138,502584,4,82,8,36,19,5,4,30,2,143,0.166666667,0,0,0,0,0,0,0,0,0,0,24,5,68
66471,250,24979,6,33,3,12,0,10,0,9,8,25,0.066666667,0,21,0,0,0,0,0,0,0,0,14,12,0
66483,7,261579,2,1,1,0,0,0,0,0,0,5,0.033333333,0,0,0,0,0,0,0,0,0,0,1,1,0
66484,63,24979,2,30,5,22,0,1,1,16,0,25,0.133333333,0,0,0,0,0,0,0,0,0,0,11,11,15
66511,21,502584,2,16,5,7,0,2,1,4,1,143,0.066666667,0,0,0,0,0,0,0,0,0,7,10,9,7
66522,411,24979,3,139,20,45,0,33,20,22,17,25,0.133333333,0,0,0,0,0,0,0,0,0,0,23,5,0
66523,46,261579,1,46,9,16,0,12,0,11,9,5,0.133333333,0,0,0,0,0,0,0,0,0,0,21,18,12
66561,218,24979,3,100,6,47,0,24,4,43,19,25,0.166666667,0,0,0,0,22,0,0,0,0,0,42,49,11
66577,6,346877,1,6,2,2,0,1,0,1,1,9,0.033333333,0,0,0,0,0,0,0,0,0,0,5,6,0
66588,17,110497,1,17,3,7,2,1,0,8,1,24,0.066666667,0,0,0,0,0,0,0,0,0,0,13,7,10
66590,5,110497,1,5,3,2,0,0,0,1,0,24,0.033333333,0,0,0,0,0,0,0,0,0,0,4,5,0
66599,10,86829,2,8,4,2,0,1,0,1,1,63,0.066666667,0,0,0,0,0,0,0,0,0,0,6,7,1
66602,9,399092,1,9,9,0,0,0,0,0,0,101,0.1,0,0,0,1,0,0,0,0,1,0,2,8,0
66603,816,85168,9,112,5,13,51,12,0,24,7,139,0.066666667,0,0,0,0,0,0,0,0,0,0,28,110,2
66606,167,346877,3,86,16,26,27,0,10,13,0,9,0.133333333,0,0,24,0,0,0,0,0,0,0,18,12,48
66611,209,399092,3,2,2,0,0,0,0,0,0,101,0.066666667,0,0,0,0,0,0,0,0,0,0,1,1,0
66613,171,247683,3,36,13,17,0,2,1,17,2,23,0.1,0,0,0,0,0,0,0,0,0,0,14,16,9
66627,2,502584,1,2,2,0,0,0,0,0,0,143,0.033333333,0,0,0,0,0,0,0,0,0,0,2,2,0
66632,110,247683,1,110,8,40,8,35,11,34,6,23,0.133333333,0,0,0,17,0,0,0,0,0,0,28,87,5
66636,302,110497,2,1,1,0,0,0,0,0,0,24,0.033333333,0,0,0,0,0,0,0,0,0,0,1,1,0
66639,85,261579,2,5,2,1,0,1,0,1,1,5,0.033333333,0,0,0,0,0,0,0,0,0,0,5,5,0
66642,91,346877,1,91,14,23,16,9,9,21,4,9,0.133333333,0,0,0,0,0,0,0,0,0,0,20,62,15
66659,420,247683,4,5,3,2,0,0,0,1,0,23,0.033333333,0,0,0,0,0,0,0,0,0,0,5,5,0
66676,1043,399092,4,340,27,58,69,45,21,97,15,101,0.2,0,0,0,0,0,0,0,0,0,0,55,69,13
66686,514,346877,5,46,6,6,20,3,0,10,2,9,0.066666667,0,0,0,0,0,0,0,0,0,0,12,7,39
66694,46,346877,1,46,6,11,0,8,10,12,4,9,0.033333333,0,0,0,0,0,0,0,0,0,0,12,46,0
66696,24,502584,1,24,2,2,14,0,2,4,0,143,0.033333333,0,0,0,0,0,0,0,0,0,0,7,24,0
66715,326,42723,6,31,7,12,0,6,1,9,4,6,0.066666667,0,0,0,0,0,0,0,0,0,0,12,1,30
66717,47,346877,1,47,6,12,12,7,0,13,3,9,0.066666667,0,0,0,0,0,0,0,0,0,0,15,9,38
66725,29,399092,1,29,11,8,0,7,1,7,1,101,0.066666667,0,0,0,0,0,0,0,0,0,0,12,28,0
66726,22,188602,1,22,3,7,0,5,1,6,5,96,0.033333333,0,0,0,0,0,0,0,0,0,0,11,22,0
66757,73,399092,2,35,12,18,0,1,1,13,0,101,0.1,0,0,0,0,0,0,0,0,0,0,13,14,0
66758,31,502584,1,31,11,7,0,5,0,7,4,143,0.1,0,0,0,0,0,0,0,0,0,0,10,21,5
66763,112,346877,3,41,7,10,13,5,0,9,3,9,0.033333333,0,0,0,0,0,0,0,0,0,0,16,41,0
66765,860,399092,2,18,1,10,0,7,0,9,0,101,0.033333333,0,0,0,0,0,0,0,0,0,0,9,18,0
66777,12,346877,2,6,2,2,0,1,0,1,1,9,0.033333333,0,0,0,0,0,0,0,0,0,0,5,6,0
66781,313,399092,1,313,36,83,13,65,9,109,32,101,0.133333333,0,0,0,0,0,0,0,0,0,0,37,51,16
66790,466,247683,9,1,1,0,0,0,0,0,0,23,0.033333333,0,0,0,0,0,0,0,0,0,0,1,1,0
66795,35,346877,1,35,6,5,15,0,0,9,0,9,0.033333333,0,0,0,0,0,0,0,0,0,0,13,35,0
66819,6,346877,1,6,1,5,0,0,0,4,0,9,0.033333333,0,0,0,0,0,0,0,0,0,0,4,6,0
66821,40,85168,1,40,4,3,16,3,1,10,0,139,0.033333333,0,0,0,0,0,0,0,0,0,0,13,40,0
66849,24,346877,1,24,5,2,0,0,14,1,0,9,0.033333333,0,0,0,0,0,0,0,0,0,0,6,24,0
66858,47,261579,4,1,1,0,0,0,0,0,0,5,0.033333333,0,0,0,0,0,0,0,0,0,0,1,1,0
66869,2,399092,1,2,2,0,0,0,0,0,0,101,0.033333333,0,0,0,0,0,0,0,0,0,0,2,2,0
66872,38,502584,2,1,1,0,0,0,0,0,0,143,0.033333333,0,0,0,0,0,0,0,0,0,0,1,1,0
66882,108,85168,2,93,3,29,4,18,1,40,11,139,0.066666667,0,0,0,0,0,0,0,0,0,0,15,76,0
66887,37,247683,2,14,5,5,0,1,1,2,1,23,0.033333333,0,0,0,0,0,0,0,0,0,0,8,14,0
66891,15,261579,3,7,4,2,0,1,0,1,0,5,0.066666667,0,0,0,0,0,0,0,0,0,0,4,2,0
66894,46,502584,1,46,6,6,0,5,0,20,5,143,0.033333333,0,0,0,0,0,0,0,0,0,0,10,46,0
66902,57,85576,2,15,5,4,0,2,3,1,0,54,0.033333333,0,0,0,0,0,0,0,0,0,0,7,15,0
66919,27,346877,4,11,1,4,2,3,0,4,0,9,0.033333333,0,0,0,0,0,0,0,0,0,0,5,11,0
66920,17,247683,1,17,4,8,0,4,0,5,1,23,0.033333333,0,0,0,0,0,0,0,0,0,0,6,17,0
66923,66,502584,2,6,2,2,0,1,0,1,1,143,0.033333333,0,0,0,0,0,0,0,0,0,0,5,6,0
66929,509,261579,2,68,5,48,6,6,0,43,1,5,0.166666667,0,0,0,0,0,0,0,0,0,0,37,4,12
66934,1561,399092,13,329,29,29,61,27,53,110,14,101,0.233333333,0,0,0,1,0,0,0,0,0,0,54,81,0
66944,191,399092,2,7,1,3,0,2,0,2,1,101,0.033333333,0,0,0,0,0,0,0,0,0,0,5,7,0
66953,9,85576,1,9,3,2,0,0,0,3,1,54,0.033333333,0,0,0,0,0,0,0,0,0,0,4,9,0
66982,2,399092,1,2,2,0,0,0,0,0,0,101,0.033333333,0,0,0,0,0,0,0,0,0,0,2,2,0
67015,288,346877,3,115,15,33,16,26,0,29,15,9,0.166666667,0,0,0,0,52,12,14,0,0,0,32,20,0
67019,1,399092,1,1,1,0,0,0,0,0,0,101,0.033333333,0,0,0,0,0,0,0,0,0,0,1,1,0
67043,7,110497,1,7,5,2,0,0,0,1,0,24,0.033333333,0,0,0,0,0,0,0,0,0,0,6,7,0
67045,268,110497,5,1,1,0,0,0,0,0,0,24,0.033333333,0,0,0,0,0,0,0,0,0,0,1,1,0
67047,412,502584,6,7,3,2,0,1,0,1,1,143,0.066666667,0,0,0,0,0,0,0,0,0,0,5,6,0
67048,113,110497,5,21,9,10,0,2,0,3,0,24,0.066666667,0,0,0,0,0,0,0,0,0,0,6,15,0
67055,22,399092,1,22,7,5,0,4,0,5,2,101,0.033333333,0,0,0,0,0,0,0,0,0,0,11,22,0
67060,10,399092,2,1,1,0,0,0,0,0,0,101,0.033333333,0,0,0,0,0,0,0,0,0,0,1,1,0
67069,1541,188602,15,74,11,20,11,11,11,10,3,96,0.2,0,0,0,0,0,0,0,0,0,0,15,5,25
67076,161,346877,2,56,4,11,16,6,0,25,3,9,0.033333333,0,0,0,0,0,0,0,0,0,0,13,56,0
67079,23,42723,1,23,4,9,0,6,0,6,4,6,0.066666667,0,0,0,0,0,0,0,0,0,0,12,18,0
67081,970,261579,13,2,2,0,0,0,0,0,0,5,0.066666667,0,0,0,0,0,0,0,0,0,0,1,1,0
67085,12,399092,1,12,10,0,0,0,1,0,0,101,0.066666667,0,0,0,0,0,0,0,0,0,0,4,6,6
67090,316,399092,6,135,36,20,4,13,19,28,4,101,0.166666667,0,0,0,0,0,0,0,4,0,0,17,15,94
67095,276,399092,1,276,18,55,112,21,8,87,7,101,0.1,0,0,0,0,256,11,0,0,0,0,52,9,0
67128,33,85168,1,33,4,22,0,3,0,13,1,139,0.1,0,8,0,0,0,0,0,0,0,0,11,7,18
67137,45,85576,2,3,2,0,0,0,0,0,0,54,0.033333333,0,0,0,0,0,0,0,0,0,0,3,3,0
67149,137,502584,2,55,4,25,0,5,0,32,3,143,0.066666667,0,26,0,0,0,0,0,0,0,0,11,29,0
67152,126,85576,2,2,2,0,0,0,0,0,0,54,0.033333333,0,0,0,0,0,0,0,0,0,0,2,2,0
67158,873,346877,4,187,15,55,27,39,5,56,19,9,0.266666667,4,0,0,0,0,0,0,0,54,5,49,59,0
67160,8,399092,1,8,8,0,0,0,0,0,0,101,0.133333333,0,0,1,0,0,0,0,0,2,0,2,7,1
67166,391,261579,5,39,5,23,0,9,0,13,1,5,0.1,0,0,0,0,0,0,0,0,0,0,12,18,0
67175,84,346877,1,84,20,13,17,8,6,15,6,9,0.066666667,0,0,0,0,0,0,0,0,0,0,16,67,17
67181,1,110497,1,1,1,0,0,0,0,0,0,24,0.033333333,0,0,0,0,0,0,0,0,0,0,1,1,0
67182,6,261579,1,6,2,2,0,1,0,1,1,5,0.033333333,0,0,0,0,0,0,0,0,0,0,5,6,0
67185,1006,346877,4,1,1,0,0,0,0,0,0,9,0.033333333,0,0,0,0,0,0,0,0,0,0,1,1,0
67188,1,110497,1,1,1,0,0,0,0,0,0,24,0.033333333,0,0,0,0,0,0,0,0,0,0,1,1,0
67189,1898,261579,9,141,19,76,14,16,8,49,5,5,0.266666667,0,0,0,0,0,13,12,0,20,0,42,4,79
67219,61,502584,1,61,5,8,3,4,2,29,4,143,0.033333333,0,0,0,0,0,0,0,0,0,0,12,61,0
67237,19,110497,3,1,1,0,0,0,0,0,0,24,0.033333333,0,0,0,0,0,0,0,0,0,0,1,1,0
67244,30,261579,1,30,3,10,0,8,1,9,8,5,0.033333333,0,0,0,0,0,0,0,0,0,0,20,30,0
67253,805,247683,2,268,23,91,22,67,30,81,28,23,0.2,0,0,20,0,61,0,0,0,0,0,71,191,0
67261,225,261579,3,216,28,59,18,49,24,39,26,5,0.166666667,0,0,0,0,31,38,0,0,0,0,62,121,22
67267,302,86829,2,284,19,52,150,2,12,42,2,63,0.333333333,0,0,4,0,0,0,0,4,4,0,55,185,72
67270,256,42723,4,1,1,0,0,0,0,0,0,6,0.033333333,0,0,0,0,0,0,0,0,0,0,1,1,0
67275,71,346877,3,43,2,9,11,8,0,12,6,9,0.033333333,0,0,0,0,0,0,0,0,0,0,12,43,0
67277,65,261579,3,1,1,0,0,0,0,0,0,5,0.033333333,0,0,0,0,0,0,0,0,0,0,1,1,0
67285,447,110497,6,3,1,2,0,0,0,1,0,24,0.033333333,0,0,0,0,0,0,0,0,0,0,3,3,0
67288,149,346877,2,98,22,18,16,14,3,23,8,9,0.166666667,0,0,9,0,1,0,0,0,0,0,23,87,5
67290,272,247683,2,1,1,0,0,0,0,0,0,23,0.033333333,0,0,0,0,0,0,0,0,0,0,1,1,0
67293,190,247683,1,190,54,51,20,40,15,41,9,23,0.166666667,0,0,0,0,0,49,0,0,0,0,50,90,0
67298,2,24979,2,1,1,0,0,0,0,0,0,25,0.033333333,0,0,0,0,0,0,0,0,0,0,1,1,0
67303,2,346877,1,2,2,0,0,0,0,0,0,9,0.033333333,0,0,0,0,0,0,0,0,0,0,2,2,0
67312,348,399092,4,2,2,0,0,0,0,0,0,101,0.033333333,0,0,0,0,0,0,0,0,0,0,2,2,0
67316,92,42723,8,8,4,2,0,1,0,1,1,6,0.066666667,0,0,0,0,0,2,0,0,0,0,5,6,0
67325,61,247683,1,61,9,29,8,0,15,22,0,23,0.066666667,0,0,0,0,0,0,0,0,0,0,26,57,4
67333,21,399092,1,21,1,10,0,9,0,10,0,101,0.033333333,0,0,0,0,0,0,0,0,0,0,10,21,0
67335,19,399092,2,9,3,3,0,2,0,2,1,101,0.033333333,0,0,0,0,0,0,0,0,0,0,6,9,0
67345,157,86829,1,157,13,32,52,25,3,33,13,63,0.066666667,0,0,0,0,0,0,0,0,0,0,44,32,125
67350,8,261579,2,1,1,0,0,0,0,0,0,5,0.033333333,0,0,0,0,0,0,0,0,0,0,1,1,0
67352,19,261579,2,10,4,2,0,1,0,2,1,5,0.033333333,0,0,0,0,0,0,0,0,0,0,6,10,0
67353,171,85168,3,46,4,9,5,7,0,16,5,139,0.033333333,0,0,0,0,0,0,0,0,0,0,16,46,0
67354,4,346877,1,4,2,2,0,0,0,1,0,9,0.033333333,0,0,0,0,0,0,0,0,0,0,4,4,0
67358,118,502584,7,16,5,6,0,3,0,3,2,143,0.066666667,0,0,0,0,0,0,0,0,0,0,6,8,0
67359,484,85576,2,1,1,0,0,0,0,0,0,54,0.033333333,0,0,0,0,0,0,0,0,0,0,1,1,0
67367,23,502584,1,23,6,11,0,2,2,8,1,143,0.033333333,0,0,0,0,0,0,0,0,0,0,10,23,0
67368,15,399092,1,15,4,5,0,4,0,4,2,101,0.033333333,0,0,0,0,0,0,0,0,0,0,7,15,0
67371,118,346877,7,28,8,11,0,5,0,5,3,9,0.1,0,0,0,0,0,0,0,0,0,0,10,7,13
67388,180,85576,5,6,2,2,0,0,0,1,0,54,0.033333333,0,0,0,0,0,0,0,0,0,0,4,6,0
67389,24,86829,1,24,4,12,0,3,3,6,1,63,0.066666667,0,0,0,0,0,0,0,0,0,0,6,16,8
67397,180,247683,5,41,13,17,0,3,0,12,3,23,0.1,0,0,0,0,0,8,0,0,0,0,17,21,0
67429,9,346877,1,9,2,3,0,2,0,2,2,9,0.033333333,0,0,0,0,0,0,0,0,0,0,7,9,0
67443,220,188602,4,73,9,30,16,5,0,24,5,96,0.1,0,0,0,0,0,0,0,0,0,0,20,23,44
67445,109,346877,1,109,10,35,27,5,10,38,3,9,0.1,0,56,0,0,0,0,0,0,0,0,25,50,3
67446,29,502584,2,11,4,5,0,1,0,2,1,143,0.066666667,0,0,0,0,0,0,0,0,0,0,8,6,0
67468,38,86829,1,38,5,10,0,10,0,10,10,63,0.066666667,0,0,0,0,0,0,0,34,0,0,24,4,0
67469,12,85168,1,12,2,4,0,3,0,3,3,139,0.033333333,0,0,0,0,0,0,0,0,0,0,9,12,0
67473,2,399092,1,2,2,0,0,0,0,0,0,101,0.033333333,0,0,0,0,0,0,0,0,0,0,2,2,0
67475,21,42723,2,7,1,2,0,1,0,3,1,6,0.033333333,0,0,0,0,0,0,0,0,0,0,4,7,0
67490,16,110497,1,16,3,4,0,3,0,7,2,24,0.033333333,0,0,0,0,0,0,0,0,0,0,8,16,0
67494,13,188602,1,13,4,5,0,1,1,2,1,96,0.033333333,0,0,0,0,0,0,0,0,0,0,8,13,0
67495,409,188602,3,197,17,53,52,4,39,42,1,96,0.133333333,0,0,0,0,0,0,0,0,0,0,32,17,73
67510,432,346877,3,192,13,54,32,43,5,54,24,9,0.166666667,0,0,0,61,0,0,0,0,0,43,61,87,91
67513,18,346877,2,7,3,2,0,1,0,1,1,9,0.033333333,0,0,0,0,0,0,0,0,0,0,5,7,0
67514,9,346877,1,9,4,2,0,1,0,2,1,9,0.033333333,0,0,0,0,0,0,0,0,0,0,8,9,0
67522,4,188602,1,4,4,0,0,0,0,0,0,96,0.066666667,0,0,0,0,0,0,0,0,0,0,1,1,3
67526,323,261579,5,3,1,2,0,0,0,1,0,5,0.033333333,0,0,0,0,0,0,0,0,0,0,3,3,0
67535,17,346877,3,10,4,3,0,1,0,2,1,9,0.033333333,0,0,0,0,0,0,0,0,0,0,7,10,0
67536,7,502584,1,7,4,1,0,1,0,1,1,143,0.033333333,0,0,0,0,0,0,0,0,0,0,6,7,0
67569,33,399092,1,33,33,0,0,0,0,0,0,101,0.133333333,0,0,0,0,0,0,0,0,0,0,3,21,0
67571,724,247683,6,32,5,14,0,9,0,6,4,23,0.133333333,0,0,0,0,0,0,0,0,0,0,13,3,7
67578,428,188602,2,9,2,4,0,2,0,1,1,96,0.033333333,0,0,0,0,0,0,0,0,0,0,5,9,0
67583,248,247683,3,1,1,0,0,0,0,0,0,23,0.033333333,0,0,0,0,0,0,0,0,0,0,1,1,0
67587,51,261579,1,51,4,19,5,13,10,10,0,5,0.1,0,0,0,0,0,0,0,0,0,0,14,32,0
67594,400,346877,6,16,2,9,0,3,0,6,2,9,0.066666667,0,4,0,0,0,0,0,0,0,0,6,12,0
67595,66,346877,1,66,10,9,16,7,8,14,4,9,0.033333333,0,0,0,0,0,0,0,0,0,0,17,66,0
67597,84,261579,2,68,5,23,0,20,0,21,18,5,0.066666667,0,0,0,0,0,0,0,0,0,0,38,68,0
67598,6,247683,1,6,2,3,0,1,0,2,0,23,0.033333333,0,0,0,0,0,0,0,0,0,0,4,6,0
67607,6,261579,2,2,2,0,0,0,0,0,0,5,0.033333333,0,0,0,0,0,0,0,0,0,0,2,2,0
67610,119,502584,1,119,20,34,11,7,6,44,5,143,0.2,4,0,0,0,0,0,0,0,0,0,19,50,8
67621,795,85168,4,87,13,24,0,18,0,35,10,139,0.066666667,0,0,0,0,0,0,0,0,0,0,25,79,0
67630,2,399092,1,2,2,0,0,0,0,0,0,101,0.033333333,0,0,0,0,0,0,0,0,0,0,2,2,0
67638,456,502584,2,433,11,74,103,48,21,195,26,143,0.133333333,0,0,0,0,0,0,4,0,0,0,68,23,0
67652,45,346877,2,39,2,13,2,11,3,12,6,9,0.033333333,0,0,0,0,0,0,0,0,0,0,11,39,0
67672,187,247683,3,71,10,30,8,20,0,23,1,23,0.133333333,0,0,0,0,0,0,0,0,0,0,16,1,0
67677,822,502584,5,76,2,13,10,10,3,32,7,143,0.066666667,0,0,0,0,0,0,0,0,0,0,20,76,0
67678,7,346877,1,7,2,3,0,1,0,2,1,9,0.033333333,0,0,0,0,0,0,0,0,0,0,6,7,0
67683,6,502584,1,6,2,2,0,1,0,1,1,143,0.033333333,0,0,0,0,0,0,0,0,0,0,5,6,0
67684,264,85576,2,3,3,0,0,0,0,0,0,54,0.066666667,0,0,0,0,0,0,0,0,0,0,1,1,0
67686,14,85168,1,14,7,2,0,2,0,3,2,139,0.066666667,0,0,0,0,0,0,0,0,0,0,8,3,11
67689,45,399092,2,44,14,14,0,10,2,9,2,101,0.133333333,0,0,0,0,0,0,0,0,0,0,10,4,24
67691,152,247683,1,152,12,51,17,43,14,35,14,23,0.1,0,0,0,0,0,0,0,0,0,0,48,141,0
67704,413,110497,2,1,1,0,0,0,0,0,0,24,0.033333333,0,0,0,0,0,0,0,0,0,0,1,1,0
67708,316,110497,6,22,7,7,0,5,0,4,3,24,0.066666667,0,0,0,0,0,0,0,0,0,0,11,1,0
67710,242,346877,5,104,9,22,53,6,0,23,2,9,0.166666667,0,0,0,6,25,0,0,0,0,0,24,34,6
67711,12,247683,1,12,4,6,0,1,0,3,1,23,0.066666667,0,0,0,0,0,0,0,0,0,0,7,3,9
67717,36,86829,1,36,5,4,21,0,0,9,0,63,0.066666667,0,0,0,0,0,0,0,0,0,0,13,16,20
67727,87,261579,2,8,3,2,0,1,0,1,1,5,0.066666667,0,0,0,0,0,0,0,0,0,0,6,6,2
67734,352,502584,3,1,1,0,0,0,0,0,0,143,0.033333333,0,0,0,0,0,0,0,0,0,0,1,1,0
67736,48,346877,3,15,2,5,0,4,0,5,3,9,0.033333333,0,0,0,0,0,0,0,0,0,0,8,15,0
67737,21,85576,3,14,3,5,0,3,0,4,3,54,0.066666667,0,0,0,0,0,0,0,0,0,0,5,2,12
67747,2,85576,1,2,2,0,0,0,0,0,0,54,0.033333333,0,0,0,0,0,0,0,0,0,0,2,2,0
67757,6,110497,1,6,2,2,0,1,0,1,1,24,0.033333333,0,0,0,0,0,0,0,0,0,0,5,6,0
67758,5,399092,1,5,2,2,0,1,0,1,0,101,0.033333333,0,0,0,0,0,0,0,0,0,0,3,5,0
67760,19,502584,1,19,5,5,0,0,5,5,0,143,0.066666667,0,0,0,0,0,0,0,0,0,0,7,4,0
67765,33,42723,3,21,6,6,0,4,1,3,3,6,0.033333333,0,0,0,0,0,0,0,0,0,0,11,21,0
67771,737,110497,4,3,3,0,0,0,0,0,0,24,0.066666667,0,0,0,0,0,0,0,0,0,0,1,2,1
67775,17,399092,4,2,2,0,0,0,0,0,0,101,0.033333333,0,0,0,0,0,0,0,0,0,0,2,2,0
67778,10,399092,1,10,4,6,0,0,0,3,0,101,0.033333333,0,0,0,0,0,0,0,0,0,0,6,10,0
67801,7,188602,1,7,3,2,0,1,0,1,1,96,0.066666667,0,0,0,0,0,0,0,0,0,0,5,1,0
67817,166,85576,3,37,6,16,0,6,6,6,3,54,0.066666667,0,0,0,0,0,0,0,0,0,0,7,27,0
67825,30,502584,2,14,6,5,0,2,0,2,1,143,0.033333333,0,0,0,0,0,0,0,0,0,0,7,14,0
67833,26,110497,1,26,4,6,0,4,6,6,2,24,0.033333333,0,0,0,0,0,0,0,0,0,0,10,26,0
67834,51,247683,4,1,1,0,0,0,0,0,0,23,0.033333333,0,0,0,0,0,0,0,0,0,0,1,1,0
67835,151,247683,1,151,23,66,23,0,8,59,27,23,0.133333333,0,0,0,0,0,0,0,37,0,0,72,36,0
67842,1,399092,1,1,1,0,0,0,0,0,0,101,0.033333333,0,0,0,0,0,0,0,0,0,0,1,1,0
67853,552,346877,6,236,26,76,27,39,36,52,16,9,0.233333333,5,0,0,0,0,0,0,0,26,0,48,83,0
67856,348,24979,4,1,1,0,0,0,0,0,0,25,0.033333333,0,0,0,0,0,0,0,0,0,0,1,1,0
67888,292,188602,5,11,2,4,0,3,0,3,2,96,0.066666667,0,0,0,0,0,0,0,0,0,0,7,1,0
67889,586,24979,6,11,1,4,0,3,0,3,3,25,0.033333333,0,0,0,0,0,0,0,0,0,0,8,11,0
67893,10,110497,1,10,2,4,0,1,0,5,1,24,0.033333333,0,0,0,0,0,0,0,0,0,0,6,10,0
67899,13,346877,1,13,3,5,0,1,0,5,1,9,0.033333333,0,0,0,0,0,0,0,0,0,0,8,13,0
67915,70,247683,3,28,3,11,0,7,0,10,7,23,0.033333333,0,0,0,0,0,0,0,0,0,0,9,28,0
67922,14,247683,1,14,2,4,0,4,0,4,4,23,0.033333333,0,0,0,0,0,0,0,0,0,0,11,14,0
67925,312,261579,4,1,1,0,0,0,0,0,0,5,0.033333333,0,0,0,0,0,0,0,0,0,0,1,1,0
67944,62,110497,4,34,7,9,0,6,0,8,4,24,0.133333333,0,0,0,0,0,0,0,0,0,0,13,2,2
67948,16,399092,1,16,4,7,0,3,1,2,1,101,0.033333333,0,0,0,0,0,0,0,0,0,0,8,16,0
67960,89,346877,2,79,10,43,10,2,8,17,1,9,0.066666667,0,0,0,0,0,0,0,0,0,0,17,22,0
67965,9,42723,3,7,1,2,0,1,0,3,1,6,0.033333333,0,0,0,0,0,0,0,0,0,0,4,7,0
67991,10,399092,1,10,10,0,0,0,0,0,0,101,0.066666667,0,0,0,0,0,0,0,0,0,0,3,9,1
67993,343,85576,4,7,1,4,0,1,0,3,1,54,0.033333333,0,0,0,0,0,0,0,0,0,0,5,7,0
68010,152,188602,3,148,4,33,51,9,20,47,5,96,0.1,0,0,0,0,0,0,0,0,0,0,33,63,7
68015,222,42723,3,52,6,22,0,7,0,27,3,6,0.066666667,0,0,0,42,0,0,0,0,0,0,16,10,42
68019,56,85168,1,56,2,8,7,7,0,25,4,139,0.1,0,0,0,0,0,0,0,0,0,0,17,5,51
68024,70,261579,2,36,2,22,0,7,0,16,5,5,0.066666667,0,0,0,0,0,0,0,0,0,0,11,35,1
68030,826,188602,8,1,1,0,0,0,0,0,0,96,0.033333333,0,0,0,0,0,0,0,0,0,0,1,1,0
68046,204,247683,2,5,2,2,0,1,0,1,0,23,0.033333333,0,0,0,0,0,0,0,0,0,0,4,5,0
68068,12,261579,1,12,4,5,0,1,0,2,2,5,0.066666667,0,0,0,0,0,0,0,0,0,0,7,5,7
68072,161,188602,3,139,20,43,46,3,2,44,3,96,0.166666667,0,1,0,0,0,0,0,0,0,0,30,15,22
68087,311,346877,2,145,26,34,10,21,27,37,0,9,0.066666667,0,0,0,0,0,0,0,0,0,0,14,96,49
68089,5,399092,1,5,5,0,0,0,0,0,0,101,0.033333333,0,0,0,0,0,0,0,0,0,0,2,5,0
68090,225,399092,3,2,2,0,0,0,0,0,0,101,0.033333333,0,0,0,0,0,0,0,0,0,0,2,2,0
68093,225,85168,3,2,2,0,0,0,0,0,0,139,0.033333333,0,0,0,0,0,0,0,0,0,0,2,2,0
68098,49,247683,2,6,2,2,0,1,0,1,1,23,0.033333333,0,0,0,0,0,0,0,0,0,0,5,6,0
68107,1,346877,1,1,1,0,0,0,0,0,0,9,0.033333333,0,0,0,0,0,0,0,0,0,0,1,1,0
68125,323,346877,2,49,12,21,0,9,0,10,7,9,0.033333333,0,0,0,0,0,0,0,0,0,0,9,49,0
68131,22,247683,3,6,2,2,0,1,0,1,1,23,0.033333333,0,0,0,0,0,0,0,0,0,0,5,6,0
68133,52,346877,1,52,2,5,13,4,8,20,3,9,0.033333333,0,0,0,0,0,0,0,0,0,0,12,52,0
68140,17,110497,1,17,4,6,0,4,0,3,3,24,0.033333333,0,0,0,0,0,0,0,0,0,0,10,17,0
68151,2,399092,1,2,2,0,0,0,0,0,0,101,0.033333333,0,0,0,0,0,0,0,0,0,0,1,2,0
68157,14,346877,2,12,2,4,0,3,0,3,3,9,0.033333333,0,0,0,0,0,0,0,0,0,0,7,12,0
68161,2,399092,1,2,2,0,0,0,0,0,0,101,0.033333333,0,0,0,0,0,0,0,0,0,0,2,2,0
68173,20,110497,1,20,5,7,0,4,0,3,2,24,0.066666667,0,0,0,0,0,0,0,0,0,0,9,16,4
68178,995,42723,12,11,4,3,0,2,0,2,2,6,0.066666667,0,0,0,0,0,0,0,0,0,0,8,1,10
68183,65,502584,2,33,5,16,0,6,0,6,3,143,0.166666667,3,0,0,0,0,0,0,0,0,0,8,5,10
68213,18,110497,1,18,2,9,0,2,0,10,1,24,0.066666667,0,0,0,0,0,0,0,0,0,0,7,12,6
68229,25,24979,1,25,4,11,0,6,1,3,2,25,0.066666667,0,0,0,0,0,0,0,0,0,0,7,22,0
68239,35,346877,2,1,1,0,0,0,0,0,0,9,0.033333333,0,0,0,0,0,0,0,0,0,0,1,1,0
68248,3,85168,3,1,1,0,0,0,0,0,0,139,0.033333333,0,0,0,0,0,0,0,0,0,0,1,1,0
68254,16,399092,1,16,5,7,0,3,0,4,1,101,0.066666667,0,0,0,0,0,0,0,0,0,0,8,6,0
68307,22,399092,1,22,8,2,0,1,11,2,0,101,0.033333333,0,0,0,0,0,0,0,0,0,0,5,22,0
68308,55,399092,1,55,13,10,0,8,5,16,5,101,0.1,0,0,0,2,0,0,0,0,0,0,15,24,29
68316,159,346877,5,46,7,7,8,6,9,13,0,9,0.066666667,0,0,0,0,0,0,0,0,0,0,11,43,3
68341,207,399092,1,207,18,63,16,16,4,103,4,101,0.133333333,0,0,0,0,0,0,0,0,3,0,24,84,4
68351,173,86829,2,9,1,4,0,3,0,3,1,63,0.033333333,0,0,0,0,0,0,0,0,0,0,6,9,0
68361,108,261579,2,103,27,58,0,3,8,32,2,5,0.233333333,0,0,0,0,0,0,0,6,0,0,25,20,10
68374,53,42723,1,53,6,19,3,15,0,12,9,6,0.066666667,0,0,0,0,0,0,0,0,0,0,20,17,36
68388,5,85576,1,5,1,2,0,1,0,1,1,54,0.033333333,0,0,0,0,0,0,0,0,0,0,4,5,0
68400,67,502584,1,67,7,14,14,2,9,22,2,143,0.1,0,0,0,0,0,0,0,0,0,0,14,54,13
68411,233,85576,2,232,43,44,49,22,52,26,6,54,0.133333333,0,0,0,0,0,0,0,0,0,0,17,113,27
68412,133,346877,2,64,10,26,10,16,0,8,2,9,0.233333333,13,0,0,0,0,0,0,4,0,0,13,5,21
68426,6,346877,1,6,2,2,0,1,0,1,1,9,0.033333333,0,0,0,0,0,0,0,0,0,0,5,6,0
68427,129,399092,2,117,24,37,4,25,5,27,9,101,0.266666667,0,0,0,1,0,0,0,0,1,1,23,59,11
68440,289,42723,3,11,3,6,0,1,0,5,1,6,0.066666667,0,0,0,0,0,0,0,0,0,0,8,10,0
68445,12,399092,1,12,11,0,0,0,0,0,0,101,0.033333333,0,0,0,0,0,0,0,0,0,0,4,12,0
68448,1139,502584,2,1051,41,131,217,102,258,262,57,143,0.433333333,105,0,0,16,0,87,0,0,0,50,152,218,128
68449,84,247683,3,44,6,18,0,13,0,13,7,23,0.1,0,0,0,0,0,0,0,0,0,0,17,14,13
68453,243,42723,5,19,4,9,0,4,0,6,2,6,0.066666667,0,0,0,0,0,0,0,0,0,0,8,10,0
68458,33,399092,3,11,4,3,0,2,0,2,1,101,0.033333333,0,0,0,0,0,0,0,0,0,0,8,11,0
68461,111,110497,5,1,1,0,0,0,0,0,0,24,0.033333333,0,0,0,0,0,0,0,0,0,0,1,1,0
68468,111,188602,5,13,2,8,0,2,0,7,1,96,0.033333333,0,0,0,0,0,0,0,0,0,0,7,13,0
68477,27,188602,2,20,6,8,0,2,2,5,2,96,0.066666667,0,0,0,0,0,0,0,0,0,0,11,10,10
68479,28,110497,2,12,7,0,0,0,4,0,0,24,0.066666667,0,0,0,0,0,0,0,0,0,0,5,3,9
68482,1,110497,1,1,1,0,0,0,0,0,0,24,0.033333333,0,0,0,0,0,0,0,0,0,0,1,1,0
68483,28,85576,2,16,5,4,0,4,0,5,2,54,0.066666667,0,0,0,0,0,0,0,0,0,0,7,5,11
68498,140,188602,3,63,6,22,20,2,0,19,2,96,0.1,0,0,0,0,0,0,0,0,0,0,18,16,28
68509,267,85576,4,244,9,17,146,12,29,19,7,54,0.1,0,0,0,0,0,0,0,0,0,0,20,13,226
68524,2,399092,1,2,2,0,0,0,0,0,0,101,0.033333333,0,0,0,0,0,0,0,0,0,0,2,2,0
68528,164,502584,3,2,2,0,0,0,0,0,0,143,0.066666667,0,0,0,0,0,0,0,0,0,0,1,1,0
68538,74,502584,1,74,8,12,13,1,12,26,1,143,0.066666667,0,0,0,0,0,0,0,0,0,0,13,35,39
68543,358,346877,4,143,14,44,40,2,12,52,1,9,0.2,0,0,4,0,0,0,0,0,0,0,35,125,9
68545,358,261579,4,51,9,28,0,2,2,23,2,5,0.1,0,0,0,0,0,0,0,0,0,0,16,24,0
68548,30,110497,2,8,3,1,0,1,2,1,1,24,0.033333333,0,0,0,0,0,0,0,0,0,0,6,8,0
68549,133,502584,1,133,10,15,22,13,7,47,11,143,0.1,0,0,0,0,0,0,0,0,0,0,29,70,0
68555,25,85576,3,7,2,3,0,1,0,2,1,54,0.033333333,0,0,0,0,0,0,0,0,0,0,4,7,0
68563,660,86829,3,636,38,131,201,85,67,114,34,63,0.433333333,0,0,0,46,0,33,0,0,96,0,108,265,74
68565,6,399092,1,6,2,3,0,1,0,2,0,101,0.066666667,0,0,0,0,0,0,0,0,0,0,5,1,0
68572,95,110497,2,94,16,34,0,19,2,25,11,24,0.233333333,25,11,0,0,0,0,0,0,0,0,23,15,14
68590,16,85576,1,16,6,5,0,3,0,2,2,54,0.033333333,0,0,0,0,0,0,0,0,0,0,6,16,0
68602,21,247683,3,11,2,5,2,1,0,4,1,23,0.033333333,0,0,0,0,0,0,0,0,0,0,9,11,0
68603,854,42723,12,1,1,0,0,0,0,0,0,6,0.033333333,0,0,0,0,0,0,0,0,0,0,1,1,0
68609,292,261579,4,1,1,0,0,0,0,0,0,5,0.033333333,0,0,0,0,0,0,0,0,0,0,1,1,0
68618,335,261579,2,12,8,2,0,1,0,1,1,5,0.066666667,0,0,0,0,0,0,1,0,0,0,5,11,0
68631,1,502584,1,1,1,0,0,0,0,0,0,143,0.033333333,0,0,0,0,0,0,0,0,0,0,1,1,0
68633,152,85168,1,152,7,15,79,10,0,35,5,139,0.1,0,0,0,0,0,0,0,0,0,0,28,43,37
68641,2,399092,1,2,2,0,0,0,0,0,0,101,0.033333333,0,0,0,0,0,0,0,0,0,0,2,2,0
68646,34,502584,1,34,9,13,0,6,1,10,5,143,0.066666667,0,0,0,0,0,0,0,0,0,0,16,14,0
68647,492,247683,2,187,5,98,20,47,0,92,16,23,0.2,0,0,0,0,36,0,0,0,0,0,39,100,14
68655,3,110497,3,1,1,0,0,0,0,0,0,24,0.033333333,0,0,0,0,0,0,0,0,0,0,1,1,0
68656,1404,42723,4,81,22,8,0,5,42,3,1,6,0.3,0,4,0,0,0,0,0,0,0,0,11,22,39
68680,1,502584,1,1,1,0,0,0,0,0,0,143,0.033333333,0,0,0,0,0,0,0,0,0,0,1,1,0
68682,107,247683,5,1,1,0,0,0,0,0,0,23,0.033333333,0,0,0,0,0,0,0,0,0,0,1,1,0
68685,9,346877,2,7,3,2,0,1,0,1,1,9,0.033333333,0,0,0,0,0,0,0,0,0,0,6,7,0
68694,370,346877,4,97,9,32,27,13,1,30,7,9,0.1,0,0,0,0,0,0,0,0,0,0,28,37,60
68695,370,247683,4,60,6,31,5,14,0,23,4,23,0.133333333,0,0,0,0,0,0,0,0,0,0,19,27,28
68706,8,346877,1,8,2,1,0,1,3,1,1,9,0.033333333,0,0,0,0,0,0,0,0,0,0,5,8,0
68709,18,261579,1,18,2,15,0,1,0,14,0,5,0.033333333,0,0,0,0,0,0,0,0,0,0,9,18,0
68712,27,261579,1,27,3,12,0,6,0,12,6,5,0.033333333,0,0,0,0,0,0,0,0,0,0,16,27,0
68728,54,85168,3,1,1,0,0,0,0,0,0,139,0.033333333,0,0,0,0,0,0,0,0,0,0,1,1,0
68729,15,346877,1,15,2,6,0,4,0,3,3,9,0.066666667,0,0,0,0,0,0,0,0,0,0,7,8,7
68730,1484,188602,3,1,1,0,0,0,0,0,0,96,0.033333333,0,0,0,0,0,0,0,0,0,0,1,1,0
68766,184,346877,2,1,1,0,0,0,0,0,0,9,0.033333333,0,0,0,0,0,0,0,0,0,0,1,1,0
68773,41,346877,1,41,18,19,0,1,1,8,1,9,0.133333333,0,0,0,0,0,0,0,0,0,0,8,27,5
68791,1766,261579,6,527,47,236,19,127,33,160,58,5,0.333333333,19,2,0,0,0,0,16,0,0,43,88,39,72
68793,2359,188602,11,57,9,15,24,2,0,10,0,96,0.133333333,0,0,0,0,0,0,0,6,39,0,17,5,0
68814,176,457932,5,29,3,22,2,1,0,19,1,21,0.066666667,0,0,0,0,0,0,0,0,0,0,14,12,0
68817,12,250865,1,12,3,2,0,1,1,3,1,34,0.033333333,0,0,0,0,0,0,0,0,0,0,5,12,0
68828,1866,457932,13,45,1,27,0,9,0,25,8,21,0.066666667,0,0,0,0,0,0,0,0,0,0,19,33,12
68834,3,399092,2,2,2,0,0,0,0,0,0,101,0.033333333,0,0,0,0,0,0,0,0,0,0,2,2,0
68837,27,457932,5,7,4,1,0,1,0,1,1,21,0.066666667,0,0,0,0,0,0,0,0,0,0,6,2,5
68841,106,261579,2,103,19,43,2,5,29,28,1,5,0.166666667,0,0,0,0,19,0,0,0,0,0,30,9,19
68856,8,260769,1,8,6,2,0,0,0,1,0,0,0.1,0,0,0,0,0,0,0,0,0,0,5,1,2
68882,15,399092,2,4,4,0,0,0,0,0,0,101,0.033333333,0,0,0,0,0,0,0,0,0,0,2,4,0
68902,61,346877,2,49,6,12,7,9,8,8,4,9,0.033333333,0,0,0,0,0,0,0,0,0,0,15,49,0
68906,1577,247683,6,159,14,55,22,45,4,36,18,23,0.266666667,4,0,19,0,0,0,0,0,0,0,60,106,19
68913,448,457932,4,104,10,35,20,19,6,30,13,21,0.1,0,0,0,0,0,0,0,0,0,0,30,16,0
68917,95,457932,6,55,11,14,7,8,2,7,1,21,0.1,0,0,0,0,0,0,0,0,0,0,12,26,0
68922,13,260769,1,13,2,4,0,4,0,4,3,0,0.033333333,0,0,0,0,0,0,0,0,0,0,8,13,0
68926,108,260769,4,3,3,0,0,0,0,0,0,0,0.033333333,0,0,0,0,0,0,0,0,0,0,1,3,0
68928,61,457932,1,61,11,24,1,12,0,16,8,21,0.066666667,0,0,0,0,0,0,0,0,0,0,23,53,0
68940,13,250865,1,13,6,4,0,2,1,1,0,34,0.033333333,0,0,0,0,0,0,0,0,0,0,7,13,0
68942,2,502584,1,2,2,0,0,0,0,0,0,143,0.033333333,0,0,0,0,0,0,0,0,0,0,2,2,0
68947,392,140022,5,166,25,46,31,18,0,49,9,232,0.3,0,0,1,0,0,1,0,0,0,0,39,13,88
68959,14,140022,1,14,4,6,0,2,0,3,2,232,0.033333333,0,0,0,0,0,0,0,0,0,0,9,14,0
68965,63,127749,3,7,3,2,0,1,0,1,1,102,0.066666667,0,0,0,0,0,0,0,0,0,0,5,6,0
68967,19,457932,1,19,5,7,0,4,0,5,2,21,0.033333333,0,0,0,0,0,0,0,0,0,0,10,19,0
68976,580,260769,16,2,2,0,0,0,0,0,0,0,0.066666667,0,0,0,0,0,0,0,0,0,0,1,1,0
68985,42,85576,5,3,3,0,0,0,0,0,0,54,0.033333333,0,0,0,0,0,0,0,0,0,0,2,3,0
68989,42,250865,5,1,1,0,0,0,0,0,0,34,0.033333333,0,0,0,0,0,0,0,0,0,0,1,1,0
69003,49,260769,4,19,6,6,0,4,0,3,2,0,0.066666667,0,0,0,0,0,0,0,0,0,0,9,15,4
69008,243,457932,5,30,6,4,3,2,11,1,0,21,0.033333333,0,0,0,0,0,0,0,0,0,0,7,30,0
69009,141,457932,2,100,20,46,15,7,2,31,6,21,0.133333333,0,0,0,0,0,0,0,0,0,0,27,34,21
69035,2,346877,2,1,1,0,0,0,0,0,0,9,0.033333333,0,0,0,0,0,0,0,0,0,0,1,1,0
69037,1,260769,1,1,1,0,0,0,0,0,0,0,0.033333333,0,0,0,0,0,0,0,0,0,0,1,1,0
69044,83,457932,2,13,2,4,2,3,0,3,2,21,0.033333333,0,0,0,0,0,0,0,0,0,0,9,13,0
69055,4,260769,3,1,1,0,0,0,0,0,0,0,0.033333333,0,0,0,0,0,0,0,0,0,0,1,1,0
69064,13,399092,1,13,6,0,0,0,6,0,0,101,0.066666667,0,0,0,0,0,0,0,0,0,2,5,11,2
69090,34,346877,2,6,2,2,0,1,0,1,1,9,0.033333333,0,0,0,0,0,0,0,0,0,0,5,6,0
69100,50,261579,1,50,7,22,0,12,0,16,8,5,0.1,0,0,0,0,0,0,0,0,0,0,21,18,32
69106,86,250865,2,77,7,22,21,1,0,36,1,34,0.033333333,0,0,0,0,0,0,0,0,0,0,16,77,0
69109,46,250865,4,1,1,0,0,0,0,0,0,34,0.033333333,0,0,0,0,0,0,0,0,0,0,1,1,0
69124,1027,457932,2,53,3,18,5,15,0,16,11,21,0.066666667,0,0,0,0,0,0,0,0,0,0,20,33,0
69134,48,260769,2,23,8,3,0,3,1,5,3,0,0.066666667,0,0,0,0,0,0,0,0,0,0,11,16,7
69141,125,399092,1,125,10,29,0,21,0,48,14,101,0.1,0,0,74,0,0,0,0,0,0,0,15,76,0
69142,33,85576,4,1,1,0,0,0,0,0,0,54,0.033333333,0,0,0,0,0,0,0,0,0,0,1,1,0
69146,48,247683,1,48,10,16,0,13,0,12,8,23,0.1,0,0,0,0,4,0,0,0,0,0,22,11,33
69153,6,260769,1,6,2,2,0,1,0,1,1,0,0.033333333,0,0,0,0,0,0,0,0,0,0,5,6,0
69156,42,457932,1,42,3,14,5,10,0,11,7,21,0.1,0,0,0,0,0,0,0,0,0,0,13,22,0
69158,8,457932,1,8,1,3,3,0,0,2,0,21,0.033333333,0,0,0,0,0,0,0,0,0,0,5,8,0
69163,1,346877,1,1,1,0,0,0,0,0,0,9,0.033333333,0,0,0,0,0,0,0,0,0,0,1,1,0
69168,48,457932,2,25,7,4,5,4,0,5,2,21,0.066666667,0,0,0,0,0,0,0,0,0,0,11,3,0
69173,6,110497,1,6,3,3,0,0,0,2,0,24,0.033333333,0,0,0,0,0,0,0,0,0,0,4,6,0
69176,1,46603,1,1,1,0,0,0,0,0,0,5,0.033333333,0,0,0,0,0,0,0,0,0,0,1,1,0
69183,235,250865,4,59,17,16,6,4,9,13,1,34,0.133333333,0,0,0,0,0,0,0,0,0,0,13,30,13
69184,1,346877,1,1,1,0,0,0,0,0,0,9,0.033333333,0,0,0,0,0,0,0,0,0,0,1,1,0
69191,13,140022,1,13,7,4,0,1,0,3,1,232,0.066666667,0,0,0,0,0,0,0,0,0,0,6,12,0
69197,51,399092,1,51,14,14,0,5,0,23,6,101,0.066666667,0,0,0,0,0,0,0,0,0,0,13,51,0
69202,155,502584,5,85,28,17,0,11,11,17,6,143,0.133333333,0,0,0,0,0,0,0,3,36,0,17,78,4
69212,8,42723,1,8,3,2,0,2,0,2,1,6,0.033333333,0,0,0,0,0,0,0,0,0,0,7,8,0
69215,3,457932,1,3,3,0,0,0,0,0,0,21,0.033333333,0,0,0,0,0,0,0,0,0,0,2,3,0
69225,20,42723,2,1,1,0,0,0,0,0,0,6,0.033333333,0,0,0,0,0,0,0,0,0,0,1,1,0
69227,258,247683,1,258,30,99,14,57,26,71,18,23,0.166666667,0,0,0,0,0,0,0,40,0,0,44,33,55
69233,2102,127749,6,361,18,84,166,43,3,63,17,102,0.233333333,0,0,0,0,0,0,0,0,0,0,70,145,129
69238,8,250865,1,8,2,4,0,0,0,4,0,34,0.033333333,0,0,0,0,0,0,0,0,0,0,4,8,0
69239,11,140022,2,5,1,2,0,1,0,1,1,232,0.033333333,0,0,0,0,0,0,0,0,0,0,4,5,0
69248,108,250865,4,7,2,3,0,1,0,2,1,34,0.033333333,0,0,0,0,0,0,0,0,0,0,5,7,0
69250,30,399092,2,29,8,7,0,5,7,4,2,101,0.066666667,0,0,0,0,0,0,0,0,0,0,12,18,0
69261,180,346877,3,56,6,16,14,12,0,11,5,9,0.1,0,0,0,0,34,0,0,0,0,0,23,9,0
69266,12,346877,1,12,3,5,0,2,0,4,2,9,0.033333333,0,0,0,0,0,0,0,0,0,0,8,12,0
69271,11,399092,1,11,5,4,0,1,0,3,1,101,0.033333333,0,0,0,0,0,0,0,0,0,0,7,11,0
69274,133,110497,4,23,10,8,0,3,0,3,2,24,0.233333333,0,0,0,0,1,0,0,0,0,0,9,5,5
69286,112,260769,3,10,5,5,0,0,0,2,0,0,0.033333333,0,0,0,0,0,0,0,0,0,0,7,10,0
69296,30,399092,1,30,12,12,0,2,0,11,1,101,0.066666667,0,0,0,0,0,0,0,0,0,0,12,30,0
69304,207,127749,2,36,19,10,0,5,1,3,0,102,0.1,0,0,0,0,0,0,0,0,0,0,10,7,0
69318,26,110497,1,26,5,7,0,4,6,4,3,24,0.1,0,0,0,0,0,0,0,0,0,0,12,22,2
69331,540,457932,4,32,4,10,7,6,0,6,0,21,0.066666667,0,4,0,0,0,0,0,0,0,0,7,28,0
69340,426,27035,2,425,17,71,84,60,6,168,39,60,0.1,0,26,0,0,0,0,0,0,0,0,66,217,0
69347,81,346877,2,7,1,3,0,1,1,2,1,9,0.033333333,0,0,0,0,0,0,0,0,0,0,4,7,0
69358,31,247683,2,1,1,0,0,0,0,0,0,23,0.033333333,0,0,0,0,0,0,0,0,0,0,1,1,0
69383,42,140022,2,16,9,5,0,0,0,5,0,232,0.066666667,0,0,0,0,0,0,0,0,0,0,10,15,1
69401,86,457932,5,64,6,18,6,13,13,11,7,21,0.1,0,0,0,0,0,0,0,0,0,0,23,17,0
69402,11,457932,1,11,2,4,0,3,0,3,2,21,0.033333333,0,0,0,0,0,0,0,0,0,0,8,11,0
69406,10,42723,1,10,4,1,0,1,1,1,1,6,0.033333333,0,0,0,0,0,0,0,0,0,0,7,10,0
69418,427,346877,4,1,1,0,0,0,0,0,0,9,0.033333333,0,0,0,0,0,0,0,0,0,0,1,1,0
69437,98,85576,3,74,3,14,35,11,0,12,7,54,0.1,0,0,0,0,0,0,0,0,0,0,18,5,0
69438,421,346877,10,8,2,5,0,1,0,2,0,9,0.066666667,0,0,0,0,0,0,0,0,0,0,5,3,0
69441,26,399092,1,26,5,8,0,7,0,9,2,101,0.033333333,0,0,0,0,0,0,0,0,0,0,13,26,0
69443,275,346877,4,71,11,19,23,1,5,15,1,9,0.133333333,4,0,0,0,0,0,0,0,0,0,21,33,3
69450,27,457932,1,27,9,4,4,3,5,3,0,21,0.066666667,0,0,0,0,0,0,0,0,0,0,11,2,25
69461,8,250865,1,8,6,2,0,0,0,1,0,34,0.033333333,0,0,0,0,0,0,0,0,0,0,6,8,0
69464,145,399092,2,5,5,0,0,0,0,0,0,101,0.1,0,0,0,0,0,0,0,0,0,1,2,2,0
69470,22,261579,2,5,2,1,0,1,0,1,1,5,0.033333333,0,0,0,0,0,0,0,0,0,0,5,5,0
69471,54,346877,3,20,4,7,0,4,3,2,2,9,0.066666667,0,0,0,0,0,0,0,0,0,0,8,12,0
69472,57,27035,4,26,4,18,0,2,0,15,2,60,0.066666667,0,0,0,0,0,0,0,0,0,0,11,14,0
69473,22,457932,2,17,3,5,0,5,0,5,4,21,0.033333333,0,0,0,0,0,0,0,0,0,0,13,17,0
69505,12,140022,1,12,10,0,0,0,1,0,0,232,0.1,0,0,0,0,0,0,0,0,0,0,8,10,1
69513,4,457932,1,4,3,0,0,0,1,0,0,21,0.033333333,0,0,0,0,0,0,0,0,0,0,4,4,0
69543,12,346877,1,12,2,4,0,3,0,5,1,9,0.033333333,0,0,0,0,0,0,0,0,0,0,7,12,0
69546,977,46603,4,1,1,0,0,0,0,0,0,5,0.033333333,0,0,0,0,0,0,0,0,0,0,1,1,0
69549,16,399092,2,4,4,0,0,0,0,0,0,101,0.066666667,0,0,0,0,0,0,0,0,0,0,2,3,0
69557,176,502584,1,176,13,40,44,19,3,58,5,143,0.066666667,0,0,0,0,115,0,0,0,0,0,38,61,0
69560,150,250865,4,55,2,9,12,8,0,21,6,34,0.066666667,0,0,0,0,0,0,0,0,0,0,14,1,0
69561,150,346877,4,1,1,0,0,0,0,0,0,9,0.033333333,0,0,0,0,0,0,0,0,0,0,1,1,0
69564,52,457932,2,16,2,4,4,3,0,3,2,21,0.033333333,0,0,0,0,0,0,0,0,0,0,9,16,0
69572,58,247683,1,58,9,23,0,8,1,28,6,23,0.033333333,0,0,0,0,0,0,0,0,0,0,20,58,0
69573,100,250865,1,100,2,8,41,7,7,30,4,34,0.033333333,0,0,0,0,0,0,0,0,0,0,16,100,0
69582,258,261579,3,112,6,40,16,23,20,21,5,5,0.2,0,0,0,0,0,0,0,0,0,0,28,42,0
69590,146,346877,3,3,2,0,0,0,1,0,0,9,0.033333333,0,0,0,0,0,0,0,0,0,0,3,3,0
69597,122,399092,1,122,21,21,11,3,2,42,2,101,0.2,4,0,0,9,0,0,0,0,0,0,20,25,82
69602,273,85576,6,6,2,4,0,0,0,1,0,54,0.066666667,0,0,0,0,0,0,0,0,0,0,4,3,3
69615,208,250865,2,182,10,54,17,24,15,72,12,34,0.1,0,0,0,0,0,0,0,0,0,0,16,141,0
69633,1,110497,1,1,1,0,0,0,0,0,0,24,0.033333333,0,0,0,0,0,0,0,0,0,0,1,1,0
69651,755,140022,3,736,51,89,298,74,17,138,47,232,0.266666667,24,0,0,17,424,0,0,0,0,35,146,53,491
69674,9,457932,1,9,2,2,3,1,0,1,0,21,0.033333333,0,0,0,0,0,0,0,0,0,0,5,9,0
69689,1,261579,1,1,1,0,0,0,0,0,0,5,0.033333333,0,0,0,0,0,0,0,0,0,0,1,1,0
69696,588,399092,1,588,45,71,134,52,26,174,25,101,0.233333333,0,0,0,0,0,0,0,0,178,0,87,51,104
69698,264,188602,2,263,19,53,90,43,10,47,20,96,0.2,13,81,0,0,24,0,0,0,0,0,52,9,55
69719,5,86829,1,5,1,2,0,1,0,1,1,63,0.033333333,0,0,0,0,0,0,0,0,0,0,4,5,0
69722,25,260769,3,12,5,4,0,2,0,1,1,0,0.1,0,0,0,0,0,0,0,0,0,0,6,2,5
69746,37,250865,1,37,1,10,19,0,0,11,0,34,0.033333333,0,0,0,0,0,0,0,0,0,0,13,37,0
69749,114,85168,1,114,10,56,29,5,3,40,4,139,0.1,0,0,0,0,0,0,0,0,0,0,31,19,95
69760,15,261579,1,15,1,0,0,0,14,0,0,5,0.033333333,0,0,0,0,0,0,0,0,0,0,2,15,0
69762,1,457932,1,1,1,0,0,0,0,0,0,21,0.033333333,0,0,0,0,0,0,0,0,0,0,1,1,0
69763,11,42723,1,11,2,4,0,2,0,3,3,6,0.033333333,0,0,0,0,0,0,0,0,0,0,9,11,0
69772,4,42723,1,4,1,2,0,1,0,1,0,6,0.033333333,0,0,0,0,0,0,0,0,0,0,3,4,0
69776,22,85576,1,22,11,11,0,0,0,2,0,54,0.033333333,0,0,0,0,0,0,0,0,0,0,7,22,0
69779,26,42723,1,26,4,9,0,5,5,4,3,6,0.066666667,0,0,0,0,0,0,0,0,0,0,10,26,0
69790,166,457932,3,55,16,15,4,11,1,8,6,21,0.1,0,0,0,0,0,0,0,0,0,0,17,40,15
69791,126,247683,2,107,16,38,0,31,1,26,18,23,0.133333333,0,0,0,0,0,0,0,0,0,0,27,58,0
69811,70,346877,1,70,13,18,0,3,31,9,3,9,0.1,0,0,0,0,0,0,0,0,0,0,13,37,6
69814,6,457932,1,6,4,1,0,1,0,1,0,21,0.033333333,0,0,0,0,0,0,0,0,0,0,5,6,0
69818,32,247683,3,23,3,18,0,1,0,15,1,23,0.033333333,0,0,0,0,0,0,0,0,0,0,16,23,0
69824,32,261579,3,1,1,0,0,0,0,0,0,5,0.033333333,0,0,0,0,0,0,0,0,0,0,1,1,0
69831,15,127749,1,15,4,4,0,3,0,4,3,102,0.066666667,0,0,0,0,0,0,0,0,0,0,9,1,0
69832,3,250865,2,1,1,0,0,0,0,0,0,34,0.033333333,0,0,0,0,0,0,0,0,0,0,1,1,0
69840,412,110497,3,19,7,7,0,3,1,2,1,24,0.1,0,0,0,0,0,0,0,0,0,0,7,9,5
69848,83,261579,2,1,1,0,0,0,0,0,0,5,0.033333333,0,0,0,0,0,0,0,0,0,0,1,1,0
69856,134,346877,4,130,9,51,32,1,17,55,0,9,0.133333333,0,0,0,0,0,0,0,0,0,0,31,95,0
69871,580,457932,3,1,1,0,0,0,0,0,0,21,0.033333333,0,0,0,0,0,0,0,0,0,0,1,1,0
69893,26,27035,9,1,1,0,0,0,0,0,0,60,0.033333333,0,0,0,0,0,0,0,0,0,0,1,1,0
69924,409,346877,3,5,1,2,0,1,0,1,1,9,0.033333333,0,0,0,0,0,0,0,0,0,0,4,5,0
69937,77,260769,2,28,2,13,2,9,0,10,2,0,0.066666667,0,0,0,0,0,0,0,0,0,0,12,12,0
69960,63,42723,1,63,8,26,0,19,0,19,10,6,0.133333333,0,0,0,0,0,0,0,0,0,0,24,20,0
69967,423,27035,6,1,1,0,0,0,0,0,0,60,0.033333333,0,0,0,0,0,0,0,0,0,0,1,1,0
69975,280,346877,2,183,34,58,21,17,21,65,3,9,0.2,11,0,0,0,0,0,55,9,0,0,37,87,21
70000,39,457932,5,13,2,4,2,3,0,3,2,21,0.033333333,0,0,0,0,0,0,0,0,0,0,9,13,0
70002,1,457932,1,1,1,0,0,0,0,0,0,21,0.033333333,0,0,0,0,0,0,0,0,0,0,1,1,0
70003,348,261579,5,186,14,49,16,39,57,34,6,5,0.266666667,0,61,0,0,0,0,0,2,24,54,39,20,61
70008,229,399092,4,10,5,3,0,2,0,2,0,101,0.066666667,7,0,0,0,0,0,0,0,0,0,4,3,0
70009,1,260769,1,1,1,0,0,0,0,0,0,0,0.033333333,0,0,0,0,0,0,0,0,0,0,1,1,0
70040,2,260769,1,2,2,0,0,0,0,0,0,0,0.033333333,0,0,0,0,0,0,0,0,0,0,2,2,0
70045,9,250865,1,9,6,3,0,0,0,2,0,34,0.066666667,0,0,0,0,0,0,0,0,0,0,4,1,0
70058,12,457932,2,2,2,0,0,0,0,0,0,21,0.033333333,0,0,0,0,0,0,0,0,0,0,2,2,0
70069,90,260769,1,90,14,20,19,13,9,13,5,0,0.133333333,9,0,0,0,0,0,0,0,0,0,21,42,0
70075,2,42723,1,2,2,0,0,0,0,0,0,6,0.033333333,0,0,0,0,0,0,0,0,0,0,2,2,0
70087,255,261579,2,9,2,3,0,2,0,2,2,5,0.033333333,0,0,0,0,0,0,0,0,0,0,7,9,0
70091,759,457932,5,82,8,30,3,24,0,20,17,21,0.166666667,0,0,0,0,0,0,0,0,0,0,24,30,46
70101,443,85576,7,1,1,0,0,0,0,0,0,54,0.033333333,0,0,0,0,0,0,0,0,0,0,1,1,0
70106,278,502584,6,119,22,31,12,11,2,36,9,143,0.266666667,0,0,0,7,0,15,0,0,0,0,26,40,0
70109,30,346877,2,15,3,8,0,2,0,3,2,9,0.066666667,0,0,0,0,0,0,0,0,0,0,6,5,0
70145,147,457932,1,147,19,80,20,21,4,57,0,21,0.1,0,0,0,0,0,0,0,0,0,0,23,113,0
70147,33,127749,1,33,4,16,0,8,0,12,5,102,0.066666667,0,0,0,0,0,0,0,0,0,0,11,30,3
70154,28,399092,3,26,13,6,0,3,2,3,1,101,0.1,0,0,0,0,0,0,0,0,0,0,11,22,0
70161,887,110497,10,4,2,2,0,0,0,1,0,24,0.033333333,0,0,0,0,0,0,0,0,0,0,4,4,0
70162,18,110497,10,1,1,0,0,0,0,0,0,24,0.033333333,0,0,0,0,0,0,0,0,0,0,1,1,0
70168,60,155579,2,30,1,11,0,8,0,12,8,17,0.033333333,0,0,0,0,0,0,0,0,0,0,18,30,0
70181,206,155579,2,38,8,12,3,6,3,6,2,17,0.1,0,0,0,0,0,0,0,0,0,0,11,26,7
70183,95,91935,1,95,10,25,15,16,0,27,16,26,0.133333333,0,0,0,0,0,27,0,0,0,0,25,26,69
70210,23,91935,4,17,4,7,0,4,0,2,2,26,0.033333333,0,0,0,0,0,0,0,0,0,0,5,17,0
70213,408,155579,3,187,16,46,19,22,19,68,21,17,0.166666667,0,48,0,0,0,0,0,0,0,0,29,15,0
70220,6,155579,1,6,2,2,0,1,0,1,1,17,0.033333333,0,0,0,0,0,0,0,0,0,0,4,6,0
70224,5,155579,1,5,2,2,0,0,1,1,0,17,0.033333333,0,0,0,0,0,0,0,0,0,0,3,5,0
70225,8,89830,1,8,3,3,0,0,0,2,2,108,0.033333333,0,0,0,0,0,0,0,0,0,0,7,8,0
70226,33,155579,1,33,11,17,0,4,0,8,1,17,0.033333333,0,0,0,0,0,0,0,0,0,0,8,33,0
70228,70,155579,2,57,4,21,0,17,0,16,15,17,0.1,42,0,0,0,0,0,0,0,0,0,24,14,43
70231,100,155579,2,88,25,28,4,18,4,20,5,17,0.1,0,0,0,0,0,0,0,0,0,0,11,12,0
70234,347,89830,5,13,3,5,0,3,0,2,2,108,0.066666667,0,0,0,0,0,0,0,0,0,0,6,12,0
70264,1,155579,1,1,1,0,0,0,0,0,0,17,0.033333333,0,0,0,0,0,0,0,0,0,0,1,1,0
70278,94,155579,4,30,2,19,0,5,0,15,4,17,0.033333333,0,0,0,0,0,0,0,0,0,0,13,30,0
70290,11,89830,1,11,4,2,0,1,1,1,1,108,0.033333333,0,0,0,0,0,0,0,0,0,0,5,11,0
70300,13,155579,1,13,3,4,0,3,0,3,3,17,0.066666667,0,0,0,0,0,0,0,0,0,0,7,7,6
70302,1,155579,1,1,1,0,0,0,0,0,0,17,0.033333333,0,0,0,0,0,0,0,0,0,0,1,1,0
70308,5,89830,1,5,2,1,0,1,0,1,1,108,0.033333333,0,0,0,0,0,0,0,0,0,0,5,5,0
70309,9,155579,1,9,2,2,0,1,0,3,2,17,0.033333333,0,0,0,0,0,0,0,0,0,0,5,9,0
70310,123,155579,1,123,27,21,9,18,8,36,16,17,0.066666667,0,0,0,0,0,0,0,0,0,0,23,83,40
70316,26,155579,2,20,4,2,0,1,12,1,1,17,0.033333333,0,0,0,0,0,0,0,0,0,0,6,20,0
70328,88,155579,1,88,7,41,0,25,0,20,15,17,0.2,0,0,0,0,0,0,0,0,0,0,13,28,0
70329,58,91935,2,8,4,3,0,1,0,2,0,26,0.033333333,0,0,0,0,0,0,0,0,0,0,4,8,0
70331,1,155579,1,1,1,0,0,0,0,0,0,17,0.033333333,0,0,0,0,0,0,0,0,0,0,1,1,0
70338,1,89830,1,1,1,0,0,0,0,0,0,108,0.033333333,0,0,0,0,0,0,0,0,0,0,1,1,0
70340,726,89830,3,32,3,7,3,5,0,10,8,108,0.1,0,0,0,0,0,0,0,0,0,0,12,4,2
70341,6,155579,1,6,2,2,0,1,0,1,1,17,0.033333333,0,0,0,0,0,0,0,0,0,0,5,6,0
70354,221,91935,2,22,7,5,0,5,0,5,5,26,0.1,0,0,0,0,0,8,0,0,0,0,12,17,0
70368,234,74042,2,222,20,100,0,58,2,71,38,27,0.333333333,17,0,0,0,0,16,0,0,0,0,49,106,13
70376,630,74042,3,557,67,168,73,111,52,150,14,27,0.666666667,10,67,22,0,62,2,0,0,0,0,70,90,23
70379,14,74042,1,14,2,3,0,2,0,6,2,27,0.033333333,14,0,0,0,0,0,0,0,0,0,7,14,0
70393,1,74042,1,1,1,0,0,0,0,0,0,27,0.033333333,1,0,0,0,0,0,0,0,0,0,1,1,0
70410,1,74042,1,1,1,0,0,0,0,0,0,27,0.033333333,1,0,0,0,0,0,0,0,0,0,1,1,0
70427,21,74042,1,21,5,8,0,5,0,3,3,27,0.1,7,0,0,0,0,0,0,0,0,0,6,6,0
70439,29,74042,2,28,3,7,4,6,0,9,4,27,0.033333333,28,0,0,0,0,0,0,0,0,0,8,28,0
70441,36,74042,1,36,9,12,0,8,0,7,6,27,0.066666667,8,0,0,0,0,28,0,0,0,0,10,8,28
70455,3,74042,1,3,3,0,0,0,0,0,0,27,0.066666667,0,2,0,0,0,0,0,0,0,0,1,1,0
70462,13,74042,1,13,6,4,0,2,0,1,1,27,0.033333333,0,13,0,0,0,0,0,0,0,0,8,13,0
70474,1,74042,1,1,1,0,0,0,0,0,0,27,0.033333333,0,1,0,0,0,0,0,0,0,0,1,1,0
70484,16,74042,1,16,10,2,0,1,2,1,1,27,0.033333333,0,16,0,0,0,0,0,0,0,0,5,16,0
70485,19,74042,1,19,5,6,0,4,0,5,4,27,0.033333333,0,19,0,0,0,0,0,0,0,0,13,19,0
70487,16,74042,2,6,2,2,0,1,0,1,1,27,0.033333333,0,6,0,0,0,0,0,0,0,0,5,6,0
70510,11,21216,1,11,7,2,0,1,0,1,1,19,0.033333333,0,0,0,0,0,0,0,0,11,0,5,11,0
70514,102,21216,2,7,3,2,0,1,0,1,1,19,0.033333333,0,0,0,0,0,0,0,0,7,0,5,7,0
70549,41,208752,1,41,1,4,10,3,0,16,10,24,0.033333333,0,0,0,0,0,0,0,0,0,0,16,41,0
70557,989,38356,6,301,13,70,44,58,3,113,52,65,0.233333333,0,0,4,0,0,0,0,0,0,0,120,274,0
70579,45,907118,1,45,4,12,5,11,0,19,3,19,0.033333333,0,0,45,0,0,0,0,0,0,0,17,45,0
70581,182,156596,2,155,13,48,21,23,1,53,12,224,0.166666667,0,0,0,0,0,0,0,0,0,0,30,122,0
70582,42,156596,1,42,12,4,0,4,10,7,7,224,0.033333333,0,0,0,0,0,0,0,0,0,0,12,42,0
70584,294,156596,2,189,17,26,47,22,12,50,18,224,0.1,0,0,0,0,0,0,0,0,0,0,35,156,13
70599,274,907118,4,225,23,87,9,61,6,58,37,19,0.233333333,0,0,8,15,0,0,0,0,0,4,48,113,85
70600,9,195289,1,9,4,3,0,1,0,2,1,105,0.066666667,0,0,0,0,0,0,0,0,0,0,5,3,6
70602,82,195289,1,82,10,16,10,10,13,19,12,105,0.1,0,0,0,0,0,0,0,0,0,0,22,33,49
70606,15,208752,1,15,2,5,0,3,0,4,2,24,0.066666667,0,0,0,0,0,0,0,0,0,0,6,5,0
70610,310,907118,3,275,23,80,20,75,4,96,40,19,0.166666667,0,0,29,25,32,0,0,185,0,0,81,29,32
70611,13,907118,1,13,4,5,0,3,0,5,1,19,0.033333333,0,0,13,0,0,0,0,0,0,0,8,13,0
70618,242,74042,5,5,2,2,0,1,0,1,0,27,0.033333333,0,0,0,0,0,0,0,0,0,0,4,5,0
70620,6,74042,1,6,2,2,0,1,0,1,1,27,0.033333333,0,0,0,0,0,0,0,0,0,0,5,6,0
70622,41,74042,1,41,6,12,0,9,7,7,7,27,0.1,0,11,0,0,0,0,0,0,0,0,10,8,22
70625,8,74042,1,8,2,3,0,1,0,3,1,27,0.033333333,0,0,0,0,0,0,0,0,0,0,5,8,0
70629,126,74042,3,9,2,5,0,1,0,2,1,27,0.033333333,0,0,0,0,0,0,0,0,0,0,6,9,0
70638,7,74042,2,6,2,2,0,1,0,1,1,27,0.033333333,0,0,0,0,0,0,0,0,0,0,5,6,0
70652,244,74042,2,81,11,31,0,14,15,20,8,27,0.066666667,0,0,0,0,0,0,0,0,0,0,21,18,0
70669,287,74042,4,9,2,3,0,2,0,2,2,27,0.033333333,0,0,0,0,0,0,0,0,0,0,7,9,0
70682,13,74042,1,13,2,5,0,4,0,4,2,27,0.033333333,0,0,0,0,0,0,0,0,0,0,7,13,0
70699,46,74042,1,46,11,12,2,6,0,19,4,27,0.033333333,0,0,0,0,0,0,0,0,0,0,14,46,0
70701,11,74042,1,11,6,3,0,0,0,2,0,27,0.033333333,0,0,0,0,0,0,0,0,0,0,6,11,0
70702,7,74042,1,7,2,3,0,1,0,2,1,27,0.033333333,0,0,0,0,0,0,0,0,0,0,5,7,0
70709,1,74042,1,1,1,0,0,0,0,0,0,27,0.033333333,0,0,0,0,0,0,0,0,0,0,1,1,0
70728,9,74042,1,9,2,3,0,2,0,2,2,27,0.033333333,0,0,0,0,0,0,0,0,0,0,7,9,0
70765,10,74042,1,10,2,5,0,0,2,5,0,27,0.033333333,0,0,0,0,0,0,0,0,0,0,5,10,0
70796,11,74042,1,11,4,7,0,0,0,6,0,27,0.033333333,0,0,0,0,0,0,0,0,0,0,5,11,0
70797,14,74042,1,14,4,4,0,2,2,1,1,27,0.066666667,0,0,0,0,0,0,0,0,0,0,7,10,4
70830,15,74042,1,15,5,5,0,3,0,2,2,27,0.033333333,0,0,0,0,0,0,0,0,0,0,8,15,0
70836,8,74042,1,8,4,2,0,1,0,1,1,27,0.033333333,0,0,0,0,0,0,0,0,0,0,5,8,0
70847,6,74042,1,6,2,2,0,1,0,1,1,27,0.033333333,0,0,0,0,0,0,0,0,0,0,5,6,0
70861,36,74042,1,36,5,15,0,9,0,10,7,27,0.066666667,0,0,0,0,26,0,0,0,0,0,13,10,26
70869,2,74042,1,2,2,0,0,0,0,0,0,27,0.033333333,0,0,0,0,0,0,0,0,0,0,2,2,0
70876,3,74042,2,1,1,0,0,0,0,0,0,27,0.033333333,0,0,0,0,0,0,0,0,0,0,1,1,0
70884,17,74042,3,14,4,3,0,2,0,3,2,27,0.033333333,0,0,0,0,0,0,0,0,0,0,6,14,0
70885,236,74042,5,15,2,11,0,1,0,10,1,27,0.033333333,0,0,0,0,0,0,0,0,0,0,6,15,0
70889,1,74042,1,1,1,0,0,0,0,0,0,27,0.033333333,0,0,0,0,0,0,0,0,0,0,1,1,0
70905,141,85168,1,141,6,20,53,14,0,29,8,139,0.066666667,0,136,0,0,0,0,0,0,0,0,39,5,0
70926,202,878119,3,173,42,61,3,37,6,33,19,20,0.2,0,0,0,0,0,0,0,0,0,0,24,96,11
70941,187,85576,2,35,9,13,0,7,1,8,4,54,0.133333333,5,0,0,0,0,0,0,0,0,0,11,18,0
70945,116,457932,3,113,13,36,14,27,1,21,18,21,0.166666667,0,0,0,0,0,0,0,0,0,0,31,34,69
70969,362,127749,5,357,29,51,137,29,62,33,11,102,0.366666667,0,1,103,0,0,0,0,0,0,0,66,41,208
70977,32,878119,1,32,4,14,0,10,0,9,4,20,0.033333333,0,0,0,0,0,0,0,0,0,0,12,32,0
70999,1,457932,1,1,1,0,0,0,0,0,0,21,0.033333333,0,0,0,0,0,0,0,0,0,0,1,1,0
71001,24,127749,2,22,3,9,0,6,0,4,4,102,0.1,0,0,0,0,0,0,0,0,0,0,10,5,4
71005,16,260769,1,16,4,6,0,4,0,2,2,0,0.066666667,0,0,0,0,0,0,0,0,0,0,9,15,1
71006,202,250865,3,28,4,4,0,3,0,14,2,34,0.033333333,0,0,0,0,0,0,0,0,0,0,7,28,0
71018,1687,27035,8,3,3,0,0,0,0,0,0,60,0.033333333,0,0,0,0,0,0,0,0,0,0,2,3,0
71026,530,334927,6,88,7,36,5,20,16,27,3,7,0.166666667,0,0,0,0,0,0,0,0,0,0,19,57,16
71027,710,127749,7,30,18,3,0,3,1,4,3,102,0.133333333,0,1,0,0,0,0,0,0,0,0,11,25,3
71032,2,399092,1,2,2,0,0,0,0,0,0,101,0.066666667,0,0,0,0,1,0,0,0,0,0,1,1,0
71036,86,346877,3,5,3,2,0,0,0,1,0,9,0.033333333,0,5,0,0,0,0,0,0,0,0,4,5,0
71037,49,878119,2,48,25,18,0,2,1,9,0,20,0.1,0,0,0,0,0,0,0,0,0,0,14,37,2
71038,7,334927,1,7,5,2,0,0,0,1,0,7,0.033333333,0,0,0,0,0,0,0,0,0,0,6,7,0
71047,193,27035,7,29,2,12,2,5,0,15,2,60,0.1,3,0,0,0,0,0,0,0,0,0,8,4,3
71049,15,878119,1,15,3,2,0,1,4,6,0,20,0.033333333,0,0,0,0,0,0,0,0,0,0,5,15,0
71053,18,878119,1,18,7,8,0,1,0,7,0,20,0.033333333,0,0,0,0,0,0,0,0,0,0,10,18,0
71071,333,260769,8,6,2,2,0,1,0,1,1,0,0.033333333,0,0,0,0,0,0,0,0,0,0,4,6,0
71093,3,334927,2,2,2,0,0,0,0,0,0,7,0.033333333,0,0,0,0,0,0,0,0,0,0,1,2,0
71113,184,334927,2,158,8,66,15,43,0,53,24,7,0.233333333,7,20,0,0,11,23,0,0,0,0,52,48,49
71119,1,878119,1,1,1,0,0,0,0,0,0,20,0.033333333,0,0,0,0,0,0,0,0,0,0,1,1,0
71124,8,346877,1,8,2,3,0,1,0,2,2,9,0.033333333,0,8,0,0,0,0,0,0,0,0,7,8,0
71129,8,334927,1,8,3,3,0,1,0,3,1,7,0.033333333,0,0,0,0,0,0,0,0,0,0,7,8,0
71138,172,260769,5,6,2,2,0,1,0,1,1,0,0.033333333,0,0,0,0,0,0,0,0,0,0,5,6,0
71142,20,260769,2,13,3,8,0,1,1,3,0,0,0.033333333,0,0,0,0,0,0,0,0,0,0,7,13,0
71143,14,334927,2,11,3,4,0,2,0,3,2,7,0.066666667,0,0,0,0,0,0,0,0,0,0,7,10,0
71159,86,34988,5,7,2,3,0,1,0,2,1,108,0.066666667,0,0,0,0,0,0,0,0,0,0,5,1,0
71161,764,85576,11,1,1,0,0,0,0,0,0,54,0.033333333,0,1,0,0,0,0,0,0,0,0,1,1,0
71169,40,334927,1,40,3,14,4,11,0,9,7,7,0.033333333,0,0,0,0,0,0,0,0,0,0,22,40,0
71174,254,346877,3,161,23,62,24,20,9,42,11,9,0.266666667,0,11,0,16,8,14,0,0,0,0,34,78,27
71175,8,334927,1,8,3,2,0,1,1,1,1,7,0.033333333,0,0,0,0,0,0,0,0,0,0,6,8,0
71177,672,127749,3,126,6,22,67,1,12,20,0,102,0.033333333,0,0,0,0,0,0,0,0,0,0,36,126,0
71183,68,86829,8,3,3,0,0,0,0,0,0,63,0.066666667,0,2,0,0,0,0,0,0,0,0,2,2,0
71201,4,250865,1,4,2,2,0,0,0,1,0,34,0.033333333,0,0,0,0,0,0,0,0,0,0,4,4,0
71208,415,42723,5,6,3,3,0,0,0,2,0,6,0.066666667,0,2,0,0,0,0,0,0,0,0,5,4,0
71226,5,260769,1,5,5,0,0,0,0,0,0,0,0.033333333,0,0,0,0,0,0,0,0,0,0,2,5,0
71232,13,334927,1,13,5,6,0,1,0,3,1,7,0.066666667,0,0,0,0,0,0,0,0,0,0,9,6,0
71238,171,878119,3,64,24,20,0,13,1,13,3,20,0.133333333,0,0,0,0,0,0,0,0,0,0,17,42,0
71251,10,457932,1,10,5,3,0,1,0,2,1,21,0.066666667,0,0,0,0,0,0,0,0,0,2,6,8,0
71253,7,346877,1,7,2,2,0,1,0,2,1,9,0.033333333,0,7,0,0,0,0,0,0,0,0,5,7,0
71276,135,878119,3,116,13,68,12,6,5,51,4,20,0.133333333,0,0,0,0,0,0,0,0,0,0,29,54,0
71287,621,260769,6,8,2,4,0,1,0,1,1,0,0.066666667,0,0,0,0,0,0,0,0,0,0,5,5,3
71293,51,878119,10,3,3,0,0,0,0,0,0,20,0.033333333,0,0,0,0,0,0,0,0,0,0,2,3,0
71295,172,457932,2,127,9,28,18,23,11,19,16,21,0.066666667,0,0,0,0,0,0,0,0,0,0,36,127,0
71308,273,334927,1,273,40,91,28,72,2,55,33,7,0.3,0,0,0,83,0,0,0,0,0,0,50,121,112
71317,1,247683,1,1,1,0,0,0,0,0,0,23,0.033333333,1,0,0,0,0,0,0,0,0,0,1,1,0
71323,24,878119,1,24,6,15,0,2,0,8,1,20,0.1,0,0,0,0,0,0,0,0,0,0,10,13,0
71332,25,878119,2,24,6,12,0,4,0,8,1,20,0.033333333,0,0,0,0,0,0,0,0,0,0,11,24,0
71339,19,457932,1,19,3,5,4,4,0,4,2,21,0.066666667,0,0,0,0,0,0,0,0,0,0,9,18,1
71347,1,878119,1,1,1,0,0,0,0,0,0,20,0.033333333,0,0,0,0,0,0,0,0,0,0,1,1,0
71352,26,334927,3,14,3,9,0,0,1,8,0,7,0.033333333,0,0,0,0,0,0,0,0,0,0,8,14,0
71353,79,502584,5,7,2,3,0,1,0,2,1,143,0.033333333,0,0,0,0,0,7,0,0,0,0,5,7,0
71363,1,250865,1,1,1,0,0,0,0,0,0,34,0.033333333,0,0,0,0,0,0,0,0,0,0,1,1,0
71367,8,250865,1,8,2,3,0,0,0,5,0,34,0.033333333,0,0,0,0,0,0,0,0,0,0,5,8,0
71375,8,346877,4,3,3,0,0,0,0,0,0,9,0.066666667,2,1,0,0,0,0,0,0,0,0,2,2,1
71384,19,43183,6,2,2,0,0,0,0,0,0,24,0.033333333,0,0,0,0,0,0,0,0,0,0,1,2,0
71386,2,878119,1,2,2,0,0,0,0,0,0,20,0.033333333,0,0,0,0,0,0,0,0,0,0,2,2,0
71390,240,250865,2,1,1,0,0,0,0,0,0,34,0.033333333,0,0,0,0,0,0,0,0,0,0,1,1,0
71393,440,346877,8,65,7,19,8,15,0,18,8,9,0.1,0,19,0,0,0,0,0,0,0,0,21,31,0
71400,98,334927,2,40,10,20,5,3,0,11,0,7,0.066666667,0,0,0,0,0,0,0,0,0,0,18,32,0
71412,7,260769,1,7,3,2,0,1,0,1,1,0,0.033333333,0,0,0,0,0,0,0,0,0,0,5,7,0
71415,37,878119,2,36,16,4,4,3,2,3,1,20,0.066666667,0,0,0,0,0,0,0,0,0,0,10,24,0
71425,451,878119,5,24,2,12,0,6,0,9,4,20,0.033333333,0,0,0,0,0,0,0,0,0,0,10,24,0
71431,50,878119,3,28,2,15,0,10,0,10,1,20,0.033333333,0,0,0,0,0,0,0,0,0,0,8,28,0
71432,2,878119,1,2,2,0,0,0,0,0,0,20,0.033333333,0,0,0,0,0,0,0,0,0,0,2,2,0
71437,29,878119,1,29,6,22,0,0,1,19,0,20,0.066666667,0,0,0,0,0,0,0,0,0,0,13,5,0
71445,866,457932,3,122,12,41,11,29,8,28,20,21,0.133333333,0,9,0,0,0,0,0,0,0,0,46,30,31
71454,92,346877,2,2,2,0,0,0,0,0,0,9,0.033333333,0,2,0,0,0,0,0,0,0,0,2,2,0
71458,562,457932,6,11,3,3,2,2,0,2,1,21,0.066666667,0,0,0,1,0,0,0,0,0,0,7,11,0
71466,411,457932,7,11,3,8,0,0,0,5,0,21,0.066666667,0,0,0,0,0,0,0,0,0,0,6,4,0
71472,46,399092,4,12,5,7,0,0,0,4,0,101,0.033333333,0,0,0,0,12,0,0,0,0,0,6,12,0
71477,13,878119,1,13,2,5,0,4,0,4,2,20,0.033333333,0,0,0,0,0,0,0,0,0,0,9,13,0
71481,680,502584,13,4,4,0,0,0,0,0,0,143,0.033333333,0,0,0,0,0,4,0,0,0,0,2,4,0
71489,17,188602,2,11,6,2,0,1,1,1,1,96,0.033333333,0,11,0,0,0,0,0,0,0,0,5,11,0
71502,1,110497,1,1,1,0,0,0,0,0,0,24,0.033333333,0,1,0,0,0,0,0,0,0,0,1,1,0
71509,20,878119,2,19,7,7,0,3,0,5,0,20,0.033333333,0,0,0,0,0,0,0,0,0,0,8,19,0
71513,22,457932,1,22,7,8,2,0,0,7,0,21,0.066666667,0,0,0,0,0,0,0,0,0,0,14,1,0
71516,249,250865,2,248,29,60,36,11,31,88,7,34,0.133333333,0,0,0,0,0,0,0,0,0,0,27,81,84
71517,80,878119,2,35,12,9,2,6,0,9,5,20,0.133333333,5,0,0,0,0,0,0,0,0,0,15,13,0
71523,680,86829,13,2,2,0,0,0,0,0,0,63,0.033333333,0,2,0,0,0,0,0,0,0,0,2,2,0
71529,539,334927,6,221,30,72,9,53,18,41,29,7,0.366666667,0,0,18,0,0,0,0,0,0,0,37,85,76
71539,313,260769,3,7,2,3,0,1,0,2,1,0,0.033333333,0,0,0,0,0,0,0,0,0,0,5,7,0
71541,15,260769,1,15,2,4,1,3,0,5,2,0,0.033333333,0,0,0,0,0,0,0,0,0,0,9,15,0
71546,48,85168,2,47,8,19,0,8,2,18,5,139,0.033333333,0,47,0,0,0,0,0,0,0,0,19,47,0
71547,67,878119,1,67,11,18,6,10,16,11,4,20,0.133333333,0,0,0,0,0,0,0,0,0,0,12,26,1
71567,3,34988,2,2,2,0,0,0,0,0,0,108,0.033333333,0,0,0,0,0,0,0,0,0,0,2,2,0
71575,16,878119,1,16,1,7,0,5,1,4,2,20,0.033333333,0,0,0,0,0,0,0,0,0,0,9,16,0
71576,28,247683,1,28,7,15,0,1,0,13,1,23,0.033333333,0,28,0,0,0,0,0,0,0,0,14,28,0
71577,64,878119,2,36,10,19,0,4,1,11,2,20,0.066666667,0,0,0,0,0,0,0,0,0,0,11,17,0
71582,204,457932,2,59,16,20,12,1,3,17,1,21,0.133333333,0,0,0,0,0,0,0,0,0,0,26,1,27
71583,1502,250865,8,443,23,99,71,75,14,151,52,34,0.266666667,0,0,0,0,0,0,27,45,0,0,74,62,0
71602,10,260769,2,4,2,0,0,0,2,0,0,0,0.033333333,0,0,0,0,0,0,0,0,0,0,3,4,0
71603,48,399092,3,39,7,7,1,5,4,15,1,101,0.033333333,0,0,0,0,39,0,0,0,0,0,13,39,0
71605,48,247683,3,1,1,0,0,0,0,0,0,23,0.033333333,0,1,0,0,0,0,0,0,0,0,1,1,0
71616,271,346877,2,1,1,0,0,0,0,0,0,9,0.033333333,0,1,0,0,0,0,0,0,0,0,1,1,0
71623,33,457932,1,33,12,10,3,6,0,3,1,21,0.1,0,0,5,12,0,0,0,0,0,0,12,28,0
71628,31,46603,2,30,5,10,0,8,1,7,5,5,0.033333333,0,0,0,0,0,0,0,0,0,0,17,30,0
71632,28,878119,1,28,9,4,0,4,3,8,3,20,0.033333333,0,0,0,0,0,0,0,0,0,0,12,28,0
71633,121,334927,2,55,5,18,4,14,2,15,10,7,0.066666667,0,0,0,0,0,0,0,0,0,0,24,46,0
71635,112,250865,1,112,5,13,17,12,3,49,8,34,0.033333333,0,0,0,0,0,0,0,0,0,0,15,112,0
71646,18,502584,1,18,13,2,0,0,1,3,0,143,0.033333333,0,0,0,0,0,18,0,0,0,0,6,18,0
71648,145,334927,2,138,13,61,1,35,0,47,28,7,0.166666667,0,0,41,0,0,0,0,0,0,0,43,83,50
71649,188,247683,1,188,18,62,20,48,39,43,0,23,0.166666667,0,4,0,31,0,0,0,0,0,0,51,24,129
71656,49,878119,2,13,5,5,0,3,0,2,0,20,0.033333333,0,0,0,0,0,0,0,0,0,0,7,13,0
71658,50,110497,1,50,3,22,0,1,0,36,1,24,0.066666667,0,12,38,0,0,0,0,0,0,0,12,12,0
71659,46,457932,4,12,3,5,3,0,0,2,0,21,0.033333333,0,0,0,0,0,0,0,0,0,0,7,12,0
71671,1,85576,1,1,1,0,0,0,0,0,0,54,0.033333333,0,1,0,0,0,0,0,0,0,0,1,1,0
71676,13,260769,3,6,2,2,0,1,0,1,1,0,0.033333333,0,0,0,0,0,0,0,0,0,0,5,6,0
71678,29,878119,1,29,14,10,0,4,0,1,0,20,0.066666667,0,0,0,0,0,0,0,0,0,0,7,19,0
71685,494,457932,3,162,15,78,34,17,3,54,11,21,0.133333333,0,0,25,0,0,0,0,0,0,0,51,89,0
71698,25,878119,1,25,6,9,0,7,1,8,0,20,0.033333333,0,0,0,0,0,0,0,0,0,0,9,25,0
71704,2,878119,1,2,2,0,0,0,0,0,0,20,0.033333333,0,0,0,0,0,0,0,0,0,0,2,2,0
71705,207,247683,3,46,11,15,0,11,1,7,7,23,0.1,33,6,0,0,0,0,0,0,0,0,13,7,33
71713,21,43183,2,19,11,4,0,2,0,1,1,24,0.033333333,0,0,0,0,0,0,0,0,0,0,10,19,0
71718,22,85168,3,15,3,5,0,4,0,3,3,139,0.033333333,0,15,0,0,0,0,0,0,0,0,7,15,0
71720,400,46603,6,11,3,5,0,2,0,2,1,5,0.033333333,0,0,0,0,0,0,0,0,0,0,5,11,0
71745,21,334927,1,21,3,9,0,5,0,8,4,7,0.033333333,0,0,0,0,0,0,0,0,0,0,9,21,0
71751,344,188602,1,344,6,40,202,35,2,49,21,96,0.2,0,120,0,7,0,0,0,0,0,0,81,110,0
71753,34,46603,3,9,2,3,0,2,0,2,2,5,0.066666667,0,0,0,0,0,0,0,0,0,0,5,6,0
71755,104,878119,2,45,9,13,4,10,0,13,3,20,0.033333333,0,0,0,0,0,0,0,0,0,0,16,45,0
71777,51,260769,5,2,2,0,0,0,0,0,0,0,0.033333333,0,0,0,0,0,0,0,0,0,0,2,2,0
71781,51,250865,1,51,4,16,0,4,0,28,2,34,0.1,0,0,0,0,0,0,0,0,0,0,11,13,26
71783,28,878119,1,28,7,12,0,5,0,8,2,20,0.1,0,0,0,0,0,0,0,0,0,0,14,20,7
71789,8,399092,1,8,5,2,0,1,0,1,0,101,0.1,0,0,0,0,6,0,0,0,0,1,4,2,0
71797,19,878119,6,2,2,0,0,0,0,0,0,20,0.033333333,0,0,0,0,0,0,0,0,0,0,1,2,0
71807,18,334927,1,18,7,5,0,3,1,4,1,7,0.066666667,0,0,0,0,0,0,0,0,0,0,8,3,15
71825,19,334927,6,7,3,2,0,1,0,1,1,7,0.033333333,0,0,0,0,0,0,0,0,0,0,5,7,0
71830,19,250865,6,1,1,0,0,0,0,0,0,34,0.033333333,0,0,0,0,0,0,0,0,0,0,1,1,0
71852,492,502584,9,1,1,0,0,0,0,0,0,143,0.033333333,0,0,0,0,0,1,0,0,0,0,1,1,0
71859,7,334927,1,7,2,4,0,1,0,3,0,7,0.033333333,0,0,0,0,0,0,0,0,0,0,5,7,0
71907,195,247683,1,195,23,66,14,56,0,59,35,23,0.133333333,0,84,0,0,0,40,0,29,0,0,65,42,0
71921,29,250865,3,11,5,3,0,1,0,2,1,34,0.1,0,0,0,0,0,0,0,0,0,0,6,8,1
71926,29,457932,1,29,7,18,2,1,0,13,1,21,0.033333333,0,0,0,0,0,0,0,0,0,0,14,29,0
71935,108,346877,2,97,11,20,39,12,1,15,1,9,0.2,0,1,0,0,0,0,0,0,0,25,22,54,5
71948,42,878119,3,23,5,11,0,7,0,8,0,20,0.066666667,0,0,0,0,0,0,0,0,0,0,8,17,0
71950,132,457932,8,1,1,0,0,0,0,0,0,21,0.033333333,0,0,0,0,0,0,0,0,0,0,1,1,0
71953,218,878119,1,218,13,88,17,60,2,67,30,20,0.233333333,0,0,0,0,6,0,8,0,0,0,37,130,0
71957,708,878119,2,327,50,177,6,29,44,139,12,20,0.6,10,16,1,4,0,0,0,0,0,0,41,118,79
71966,23,85168,2,9,2,3,0,2,0,2,2,139,0.033333333,0,9,0,0,0,0,0,0,0,0,7,9,0
71983,465,457932,6,38,4,12,5,9,0,9,7,21,0.033333333,0,0,0,0,0,0,0,0,0,0,12,38,0
71989,79,878119,1,79,17,28,8,16,0,14,5,20,0.133333333,0,0,0,1,0,0,0,0,0,0,23,15,0
71997,9,127749,3,5,5,0,0,0,0,0,0,102,0.066666667,0,0,0,0,0,0,0,0,0,0,2,4,1
72013,245,127749,5,1,1,0,0,0,0,0,0,102,0.033333333,0,0,0,0,0,0,0,0,0,0,1,1,0
72018,25,878119,1,25,10,5,0,3,3,3,1,20,0.066666667,0,0,0,0,0,0,0,0,0,0,8,24,0
72020,22,457932,2,21,7,5,0,4,1,4,3,21,0.033333333,0,0,0,0,0,0,0,0,0,0,14,21,0
72023,54,878119,4,8,5,1,0,1,0,1,1,20,0.033333333,0,0,0,0,0,0,0,0,0,0,6,8,0
72028,81,346877,1,81,9,19,14,12,12,19,5,9,0.133333333,0,13,0,0,0,0,0,0,0,0,19,55,8
72032,22,247683,2,1,1,0,0,0,0,0,0,23,0.033333333,0,1,0,0,0,0,0,0,0,0,1,1,0
72040,8,250865,1,8,2,4,0,1,0,3,1,34,0.033333333,0,0,0,0,0,0,0,0,0,0,7,8,0
72042,1,334927,1,1,1,0,0,0,0,0,0,7,0.033333333,0,0,0,0,0,0,0,0,0,0,1,1,0
72046,179,502584,2,169,10,30,50,3,12,54,3,143,0.166666667,0,0,0,0,0,54,16,0,0,0,34,115,16
72072,9,399092,1,9,9,0,0,0,0,0,0,101,0.066666667,0,0,0,0,3,0,0,0,0,0,2,6,0
72077,14,457932,1,14,2,10,0,1,0,7,1,21,0.033333333,0,0,0,0,0,0,0,0,0,0,8,14,0
72078,22,878119,1,22,10,6,0,3,2,4,0,20,0.033333333,0,0,0,0,0,0,0,0,0,0,8,22,0
72080,174,878119,2,1,1,0,0,0,0,0,0,20,0.033333333,0,0,0,0,0,0,0,0,0,0,1,1,0
72083,231,457932,2,167,13,45,24,40,15,40,18,21,0.133333333,0,0,0,0,0,0,0,0,0,0,43,145,0
72099,115,42723,4,28,6,4,0,3,12,3,2,6,0.066666667,0,1,0,0,0,0,0,0,0,0,11,27,0
72146,38,110497,2,27,7,10,0,6,2,2,2,24,0.066666667,0,12,0,0,0,0,0,0,0,0,8,15,0
72174,12,188602,1,12,3,5,0,2,0,4,2,96,0.033333333,0,12,0,0,0,0,0,0,0,0,5,12,0
72175,8,260769,1,8,4,2,0,1,1,1,0,0,0.033333333,0,0,0,0,0,0,0,0,0,0,5,8,0
72186,1,34988,1,1,1,0,0,0,0,0,0,108,0.033333333,0,0,0,0,0,0,0,0,0,0,1,1,0
72187,7,346877,1,7,2,3,0,1,0,2,1,9,0.033333333,0,7,0,0,0,0,0,0,0,0,6,7,0
72193,35,250865,1,35,4,9,1,1,0,23,1,34,0.033333333,0,0,0,0,0,0,0,0,0,0,11,35,0
72195,3,346877,1,3,3,0,0,0,0,0,0,9,0.066666667,0,1,0,0,0,0,0,0,0,0,2,1,0
72196,317,34988,6,2,2,0,0,0,0,0,0,108,0.066666667,0,0,0,0,0,0,0,0,0,0,1,1,0
72219,534,260769,1,534,17,84,174,71,22,116,56,0,0.233333333,0,0,0,0,0,0,0,0,75,0,128,60,98
72227,43,334927,2,7,3,3,1,0,0,2,0,7,0.033333333,0,0,0,0,0,0,0,0,0,0,7,7,0
72261,90,399092,2,3,3,0,0,0,0,0,0,101,0.033333333,0,0,0,0,3,0,0,0,0,0,1,3,0
72264,541,260769,4,2,2,0,0,0,0,0,0,0,0.033333333,0,0,0,0,0,0,0,0,0,0,1,2,0
72268,178,86829,5,45,6,18,0,11,0,11,6,63,0.1,0,8,0,0,0,0,0,0,0,0,16,32,5
72270,27,85576,2,1,1,0,0,0,0,0,0,54,0.033333333,0,1,0,0,0,0,0,0,0,0,1,1,0
72274,97,43183,3,95,9,21,10,17,3,26,11,24,0.033333333,0,0,0,0,0,0,0,0,0,0,19,95,0
72275,13,878119,1,13,4,4,0,1,0,6,1,20,0.033333333,0,0,0,0,0,0,0,0,0,0,7,13,0
72277,564,878119,3,279,30,125,48,7,32,110,5,20,0.366666667,0,0,32,7,0,0,0,73,0,0,60,72,48
72287,324,260769,2,7,3,2,0,1,0,1,1,0,0.033333333,0,0,0,0,0,0,0,0,0,0,5,7,0
72289,381,878119,5,5,2,2,0,1,0,1,0,20,0.033333333,0,0,0,0,0,0,0,0,0,0,4,5,0
72291,230,878119,1,230,17,77,31,55,8,60,28,20,0.2,63,0,0,0,59,0,0,0,0,0,69,45,0
72302,438,188602,8,78,5,26,15,19,0,20,9,96,0.1,27,32,0,0,0,0,0,0,0,0,30,19,0
72306,14,140022,1,14,1,3,0,2,0,6,2,232,0.033333333,0,0,0,0,0,0,0,0,0,0,6,14,0
72315,127,502584,4,113,15,39,27,1,9,48,1,143,0.1,0,0,0,18,47,48,0,0,0,0,24,18,47
72321,15,127749,1,15,7,4,0,2,0,4,2,102,0.033333333,0,0,0,0,0,0,0,0,0,0,10,15,0
72325,228,878119,7,1,1,0,0,0,0,0,0,20,0.033333333,0,0,0,0,0,0,0,0,0,0,1,1,0
72328,6,346877,3,2,2,0,0,0,0,0,0,9,0.033333333,0,2,0,0,0,0,0,0,0,0,2,2,0
72339,36,878119,2,20,7,13,0,0,0,9,0,20,0.033333333,0,0,0,0,0,0,0,0,0,0,9,20,0
72349,116,878119,1,116,24,41,25,0,5,44,0,20,0.133333333,50,0,0,0,0,0,0,0,0,0,37,33,0
72358,180,457932,3,1,1,0,0,0,0,0,0,21,0.033333333,0,0,0,0,0,0,0,0,0,0,1,1,0
72359,49,457932,1,49,7,15,3,12,2,12,9,21,0.033333333,0,0,0,0,0,0,0,0,0,0,24,49,0
72371,1017,86829,5,10,6,2,0,1,0,1,1,63,0.133333333,0,1,0,0,0,0,0,0,0,0,5,6,2
72372,20,878119,1,20,8,5,0,4,0,4,3,20,0.033333333,0,0,0,0,0,0,0,0,0,0,11,20,0
72379,146,878119,3,131,14,42,13,30,10,36,3,20,0.2,0,0,2,0,0,0,0,38,0,0,23,29,17
72382,4,260769,2,1,1,0,0,0,0,0,0,0,0.033333333,0,0,0,0,0,0,0,0,0,0,1,1,0
72386,1,878119,1,1,1,0,0,0,0,0,0,20,0.033333333,0,0,0,0,0,0,0,0,0,0,1,1,0
72407,20,878119,1,20,3,6,2,5,1,7,1,20,0.033333333,0,0,0,0,0,0,0,0,0,0,9,20,0
72409,47,457932,2,35,5,26,2,1,0,16,1,21,0.033333333,0,0,0,0,0,0,0,0,0,0,14,35,0
72421,13,334927,3,7,5,2,0,0,0,1,0,7,0.033333333,0,0,0,0,0,0,0,0,0,0,4,7,0
72426,442,346877,4,93,6,27,12,20,1,35,7,9,0.2,0,6,0,0,4,0,0,10,49,0,14,11,4
72430,4018,502584,6,89,18,18,0,6,46,3,0,143,0.333333333,7,0,0,0,0,10,11,0,0,1,10,5,13
72436,33,878119,1,33,13,8,0,1,6,7,1,20,0.066666667,0,0,0,0,0,0,0,0,0,0,13,7,0
72438,654,85168,6,3,1,2,0,0,0,1,0,139,0.033333333,0,3,0,0,0,0,0,0,0,0,3,3,0
72439,24,250865,4,12,3,9,0,0,0,6,0,34,0.066666667,0,0,0,0,0,0,0,0,0,0,5,8,0
72444,24,247683,4,7,4,3,0,0,0,2,0,23,0.033333333,0,7,0,0,0,0,0,0,0,0,6,7,0
72445,24,85576,4,4,4,0,0,0,0,0,0,54,0.033333333,0,4,0,0,0,0,0,0,0,0,3,4,0
72448,163,346877,1,163,22,39,33,29,3,42,15,9,0.166666667,6,104,0,0,0,0,0,0,0,0,30,45,8
72449,4,399092,2,3,3,0,0,0,0,0,0,101,0.033333333,0,0,0,0,3,0,0,0,0,0,2,3,0
72453,4,878119,2,1,1,0,0,0,0,0,0,20,0.033333333,0,0,0,0,0,0,0,0,0,0,1,1,0
72459,2,399092,1,2,2,0,0,0,0,0,0,101,0.033333333,0,0,0,0,2,0,0,0,0,0,2,2,0
72464,572,399092,2,560,19,70,190,57,35,165,15,101,0.1,0,0,50,0,6,0,0,0,0,504,93,554,0
72465,572,127749,2,12,5,5,0,2,0,2,0,102,0.1,0,0,0,0,0,0,0,0,0,0,6,9,0
72470,102,334927,2,32,5,11,0,9,0,8,7,7,0.066666667,0,0,0,0,0,0,0,0,0,0,18,24,0
72471,442,250865,4,10,3,4,0,2,0,1,1,34,0.066666667,0,0,0,0,0,0,0,0,0,0,5,5,0
72482,221,247683,1,221,10,84,13,72,1,78,39,23,0.166666667,0,26,0,0,0,0,81,30,0,0,62,62,0
72484,248,334927,3,27,14,13,0,0,0,11,0,7,0.066666667,0,0,0,0,0,0,0,0,0,0,13,8,19
72493,364,878119,16,48,14,20,0,14,0,10,0,20,0.266666667,5,0,0,0,0,0,0,0,0,0,9,12,4
72502,122,334927,4,22,4,9,3,5,0,4,0,7,0.1,0,0,0,0,0,0,0,0,0,0,6,18,0
72518,43,457932,3,41,19,12,0,8,1,5,0,21,0.066666667,0,0,0,0,0,0,0,0,36,0,10,5,0
72521,104,346877,2,17,1,7,0,5,0,6,4,9,0.033333333,0,17,0,0,0,0,0,0,0,0,6,17,0
72532,2359,127749,11,340,25,53,190,3,1,44,1,102,0.266666667,4,0,0,0,0,0,0,0,0,0,73,165,13
72541,23,457932,2,13,5,4,0,2,0,4,2,21,0.033333333,0,0,0,0,0,0,0,0,0,0,9,13,0
72577,19,334927,1,19,3,8,0,4,0,7,4,7,0.033333333,0,0,0,0,0,0,0,0,0,0,8,19,0
72579,522,250865,7,350,9,69,54,51,6,158,20,34,0.133333333,0,0,0,0,0,0,0,0,0,0,42,163,54
72587,475,188602,2,406,21,85,123,69,17,91,44,96,0.3,81,40,0,23,0,0,0,22,0,0,96,85,81
72596,440,34988,5,1,1,0,0,0,0,0,0,108,0.033333333,0,0,0,0,0,0,0,0,0,0,1,1,0
72599,347,247683,7,17,4,13,0,0,0,5,0,23,0.033333333,0,17,0,0,0,0,0,0,0,0,8,17,0
72604,347,878119,1,347,10,86,73,77,17,111,39,20,0.133333333,135,0,0,0,98,0,0,0,0,0,78,65,49
72609,24,346877,2,12,3,4,0,3,0,5,0,9,0.033333333,0,12,0,0,0,0,0,0,0,0,6,12,0
72613,440,27035,5,84,5,28,7,14,4,27,6,60,0.1,0,0,0,0,0,0,0,0,0,0,20,57,0
72614,54,260769,1,54,3,26,0,13,0,23,12,0,0.1,0,0,0,0,0,0,0,0,0,0,22,19,23
72626,17,127749,4,3,3,0,0,0,0,0,0,102,0.033333333,0,0,0,0,0,0,0,0,0,0,2,3,0
72627,100,457932,2,23,2,10,7,1,0,9,1,21,0.033333333,0,0,0,0,0,0,0,0,0,0,11,23,0
72632,1225,878119,3,72,5,33,4,19,0,27,10,20,0.1,0,0,0,0,0,0,0,0,0,0,32,31,0
72637,20,250865,2,1,1,0,0,0,0,0,0,34,0.033333333,0,0,0,0,0,0,0,0,0,0,1,1,0
72660,267,334927,4,1,1,0,0,0,0,0,0,7,0.033333333,0,0,0,0,0,0,0,0,0,0,1,1,0
72662,35,878119,1,35,5,11,0,1,0,22,2,20,0.066666667,0,0,0,0,0,0,0,0,0,0,12,6,29
72682,47,878119,2,12,2,8,0,1,0,7,1,20,0.033333333,0,0,0,0,0,0,0,0,0,0,9,12,0
72687,60,260769,3,7,3,2,0,1,0,1,1,0,0.066666667,0,0,0,0,0,0,0,0,0,0,5,2,0
72706,26,457932,1,26,3,10,2,7,1,4,3,21,0.1,0,9,0,0,0,0,0,0,0,0,11,13,0
72727,123,399092,1,123,30,17,22,9,2,36,4,101,0.166666667,0,0,77,0,2,0,0,0,0,0,20,93,27
72736,33,878119,1,33,17,12,0,1,1,9,0,20,0.033333333,0,0,0,0,0,0,0,0,0,0,15,33,0
72744,56,334927,1,56,13,31,1,5,1,26,4,7,0.133333333,0,0,0,0,0,0,0,0,0,0,18,1,0
72746,38,878119,2,32,14,13,2,1,0,9,1,20,0.066666667,0,0,0,0,0,0,0,0,0,0,14,13,0
72752,51,457932,3,23,5,12,3,1,0,7,1,21,0.1,0,0,0,0,0,0,0,0,0,0,10,2,9
72766,42,250865,1,42,7,14,3,10,0,11,3,34,0.066666667,41,0,0,0,0,0,0,0,0,0,15,1,0
72770,23,334927,2,16,7,6,0,2,0,1,1,7,0.033333333,0,0,0,0,0,0,0,0,0,0,7,16,0
72771,22,457932,1,22,10,9,0,0,1,4,0,21,0.033333333,0,0,0,0,0,0,0,0,0,0,11,22,0
72778,28,334927,1,28,3,13,0,6,0,12,6,7,0.066666667,0,0,0,0,0,0,0,0,0,0,15,1,27
72792,1,457932,1,1,1,0,0,0,0,0,0,21,0.033333333,0,0,0,0,0,0,0,0,0,0,1,1,0
72797,215,250865,8,53,6,16,0,11,0,16,8,34,0.1,0,0,0,0,0,0,0,0,0,0,13,12,33
72808,29,878119,2,1,1,0,0,0,0,0,0,20,0.033333333,0,0,0,0,0,0,0,0,0,0,1,1,0
72809,16,110497,1,16,4,0,0,0,11,0,0,24,0.033333333,0,16,0,0,0,0,0,0,0,0,5,16,0
72816,130,334927,2,27,6,17,0,2,0,12,2,7,0.133333333,0,0,0,0,0,0,0,0,9,3,15,18,3
72822,487,502584,2,201,19,30,63,18,4,49,13,143,0.2,0,0,0,0,0,5,0,0,0,0,28,6,5
72844,26,127749,6,8,4,2,0,1,0,1,1,102,0.066666667,0,0,0,0,0,0,0,0,0,0,5,2,0
72847,313,85576,4,92,8,12,68,1,0,6,0,54,0.1,0,3,0,0,0,0,0,0,0,0,11,84,3
72852,2,399092,1,2,2,0,0,0,0,0,0,101,0.066666667,0,0,0,0,1,0,0,0,0,0,1,1,0
72854,5,260769,1,5,1,2,0,1,0,1,1,0,0.033333333,0,0,0,0,0,0,0,0,0,0,4,5,0
72865,2,457932,2,1,1,0,0,0,0,0,0,21,0.033333333,0,0,0,0,0,0,0,0,0,0,1,1,0
72868,232,110497,3,2,2,0,0,0,0,0,0,24,0.033333333,0,2,0,0,0,0,0,0,0,0,2,2,0
72883,705,502584,2,593,32,143,166,12,28,252,8,143,0.2,0,0,0,15,0,107,168,228,58,17,109,15,0
72891,1,334927,1,1,1,0,0,0,0,0,0,7,0.033333333,0,0,0,0,0,0,0,0,0,0,1,1,0
72892,1,140022,1,1,1,0,0,0,0,0,0,232,0.033333333,0,0,0,0,0,0,0,0,0,0,1,1,0
72893,37,878119,1,37,10,12,2,7,0,12,4,20,0.133333333,0,0,0,0,0,0,9,0,0,0,15,11,8
72909,17,334927,2,8,3,3,0,1,0,2,1,7,0.033333333,0,0,0,0,0,0,0,0,0,0,6,8,0
72923,161,34988,3,1,1,0,0,0,0,0,0,108,0.033333333,0,0,0,0,0,0,0,0,0,0,1,1,0
72928,2,43183,1,2,2,0,0,0,0,0,0,24,0.033333333,0,0,0,0,0,0,0,0,0,0,1,2,0
72940,16,260769,1,16,6,9,0,1,0,4,0,0,0.033333333,0,0,0,0,0,0,0,0,0,0,6,16,0
72946,17,502584,2,9,2,5,0,1,0,4,1,143,0.033333333,0,0,0,0,0,9,0,0,0,0,8,9,0
72954,308,334927,2,303,32,97,22,74,54,53,19,7,0.233333333,0,124,0,32,0,0,0,66,0,0,44,30,0
72955,223,457932,2,31,3,11,1,9,0,8,7,21,0.066666667,0,0,0,0,0,0,0,0,0,0,18,15,16
72975,2,878119,1,2,2,0,0,0,0,0,0,20,0.033333333,0,0,0,0,0,0,0,0,0,0,2,2,0
72986,57,334927,1,57,11,24,2,7,3,20,7,7,0.1,0,0,0,0,0,0,0,0,0,0,23,26,24
72998,8,457932,2,2,2,0,0,0,0,0,0,21,0.033333333,0,0,0,0,0,0,0,0,0,0,2,2,0
73003,301,24979,9,43,14,9,0,6,9,4,4,25,0.1,0,0,0,0,0,25,0,16,2,0,15,25,0
73006,14,334927,1,14,2,5,3,4,0,4,0,7,0.033333333,0,0,0,0,0,0,0,0,0,0,8,14,0
73023,152,334927,4,1,1,0,0,0,0,0,0,7,0.033333333,0,0,0,0,0,0,0,0,0,0,1,1,0
73025,152,260769,4,1,1,0,0,0,0,0,0,0,0.033333333,0,0,0,0,0,0,0,0,0,0,1,1,0
73027,12,110497,1,12,2,3,0,2,0,4,2,24,0.033333333,0,12,0,0,0,0,0,0,0,0,7,12,0
73035,32,260769,2,20,2,7,0,6,0,6,5,0,0.033333333,0,0,0,0,0,0,0,0,0,0,12,20,0
73045,17,250865,2,4,4,0,0,0,0,0,0,34,0.033333333,0,0,0,0,0,0,0,0,0,0,2,4,0
73054,313,878119,3,24,3,7,0,5,7,4,2,20,0.066666667,0,0,0,0,0,0,0,0,0,0,8,8,16
73073,9,110497,5,5,5,0,0,0,0,0,0,24,0.066666667,0,4,0,0,1,0,0,0,0,0,2,4,0
73081,9,42723,5,1,1,0,0,0,0,0,0,6,0.033333333,0,0,0,0,0,0,0,0,0,0,1,1,0
73082,21,457932,2,15,2,8,3,1,0,7,1,21,0.033333333,0,0,0,0,0,0,0,0,0,0,10,15,0
73091,21,346877,2,6,2,2,0,1,0,1,1,9,0.033333333,0,6,0,0,0,0,0,0,0,0,5,6,0
73095,119,250865,2,9,6,0,0,0,3,0,0,34,0.066666667,0,0,0,0,0,0,0,0,0,0,3,8,1
73117,7,334927,1,7,2,3,0,1,0,2,1,7,0.033333333,0,0,0,0,0,0,0,0,0,0,5,7,0
73135,31,247683,2,25,5,12,0,1,5,10,1,23,0.033333333,0,25,0,0,0,0,0,0,0,0,11,25,0
73174,338,399092,7,1,1,0,0,0,0,0,0,101,0.033333333,0,0,0,0,1,0,0,0,0,0,1,1,0
73175,17,334927,1,17,7,4,0,0,4,2,0,7,0.033333333,0,0,0,0,0,0,0,0,0,0,7,17,0
73180,183,127749,4,88,3,33,0,27,0,27,24,102,0.066666667,0,0,0,0,0,0,0,0,0,0,29,51,0
73188,7,260769,2,4,4,0,0,0,0,0,0,0,0.033333333,0,0,0,0,0,0,0,0,0,0,2,4,0
73193,8,89830,1,8,3,2,0,1,1,1,1,108,0.033333333,0,0,0,0,0,0,0,0,0,0,5,8,0
73199,39,91935,1,39,4,19,0,1,0,27,4,26,0.066666667,0,0,0,0,0,0,0,0,0,0,11,37,0
73231,14,155579,1,14,6,4,0,2,0,3,2,17,0.033333333,0,0,0,0,0,0,0,0,0,0,7,14,0
73272,1,155579,1,1,1,0,0,0,0,0,0,17,0.033333333,0,0,0,0,0,0,0,0,0,0,1,1,0
73274,108,155579,2,5,2,2,0,0,0,1,1,17,0.066666667,0,0,0,0,0,0,0,0,0,0,4,5,0
73276,3,89830,3,1,1,0,0,0,0,0,0,108,0.033333333,0,0,0,0,0,0,0,0,0,0,1,1,0
73290,52,155579,2,1,1,0,0,0,0,0,0,17,0.033333333,0,0,0,0,0,0,0,0,0,0,1,1,0
73291,1434,155579,6,737,49,248,71,121,38,321,63,17,0.533333333,86,84,14,57,80,19,83,4,0,0,76,15,121
73293,2450,89830,6,1195,52,273,187,125,49,525,98,108,0.566666667,12,0,236,66,124,67,0,0,75,0,172,429,235
73321,19,91935,1,19,5,8,1,1,0,6,3,26,0.033333333,0,0,0,0,0,0,0,0,0,0,8,19,0
73322,39,89830,2,8,4,2,0,1,0,1,1,108,0.033333333,0,0,0,0,0,0,0,0,0,0,6,8,0
73323,39,155579,2,31,6,6,2,3,3,11,4,17,0.033333333,0,0,0,0,0,0,0,0,0,0,11,31,0
73346,1,91935,1,1,1,0,0,0,0,0,0,26,0.033333333,0,0,0,0,0,0,0,0,0,0,1,1,0
73352,17,89830,2,11,1,4,0,3,0,3,3,108,0.033333333,0,0,0,0,0,0,0,0,0,0,8,11,0
73370,1,155579,1,1,1,0,0,0,0,0,0,17,0.033333333,0,0,0,0,0,0,0,0,0,0,1,1,0
73388,59,91935,1,59,14,15,18,12,0,13,0,26,0.166666667,0,0,0,0,0,0,0,0,0,8,19,6,29
73390,89,155579,1,89,9,11,6,8,8,38,16,17,0.033333333,0,0,0,0,0,0,0,0,0,0,14,89,0
73400,381,91935,5,80,9,25,13,18,0,22,9,26,0.166666667,8,0,0,0,0,0,11,0,0,0,24,7,0
73415,29,91935,1,29,9,8,0,5,1,6,3,26,0.033333333,0,0,0,0,0,0,0,0,0,0,10,29,0
73416,154,89830,4,96,3,21,0,12,3,42,33,108,0.133333333,3,0,0,0,0,0,0,0,0,0,42,11,0
73422,5,89830,1,5,1,2,0,1,0,1,1,108,0.033333333,0,0,0,0,0,0,0,0,0,0,4,5,0
73424,2,89830,2,1,1,0,0,0,0,0,0,108,0.033333333,0,0,0,0,0,0,0,0,0,0,1,1,0
73430,136,155579,2,76,20,18,3,11,5,15,4,17,0.1,0,0,0,0,0,0,0,0,0,0,11,45,31
73437,109,21216,2,5,3,2,0,0,0,1,0,19,0.033333333,5,0,0,0,0,0,0,0,0,0,4,5,0
73439,1589,21216,9,5,1,2,0,1,0,1,1,19,0.033333333,5,0,0,0,0,0,0,0,0,0,4,5,0
73451,5,21216,1,5,2,0,0,0,3,0,0,19,0.033333333,5,0,0,0,0,0,0,0,0,0,3,5,0
73454,15,21216,3,7,3,3,0,1,0,2,0,19,0.066666667,2,5,0,0,0,0,0,0,0,0,4,2,5
73465,1,21216,1,1,1,0,0,0,0,0,0,19,0.033333333,1,0,0,0,0,0,0,0,0,0,1,1,0
73469,6,21216,1,6,2,2,0,1,0,1,1,19,0.033333333,0,0,0,0,0,0,0,6,0,0,5,6,0
73470,91,21216,2,10,3,2,0,1,3,1,1,19,0.033333333,0,0,0,0,0,0,0,10,0,0,5,10,0
73471,2,21216,1,2,2,0,0,0,0,0,0,19,0.033333333,0,0,0,0,0,0,0,2,0,0,2,2,0
73498,108,74042,9,10,3,3,0,2,0,2,2,27,0.033333333,0,0,0,10,0,0,0,0,0,0,7,10,0
73501,27,74042,1,27,9,12,0,3,0,11,3,27,0.033333333,0,0,0,27,0,0,0,0,0,0,7,27,0
73523,1,74042,1,1,1,0,0,0,0,0,0,27,0.033333333,0,0,0,1,0,0,0,0,0,0,1,1,0
73524,7,74042,1,7,2,3,0,1,0,2,1,27,0.033333333,0,0,0,7,0,0,0,0,0,0,5,7,0
73530,30,74042,1,30,5,19,0,0,0,18,0,27,0.066666667,0,0,0,21,9,0,0,0,0,0,6,21,9
73533,1,74042,1,1,1,0,0,0,0,0,0,27,0.033333333,0,0,0,0,1,0,0,0,0,0,1,1,0
73534,2,74042,1,2,2,0,0,0,0,0,0,27,0.033333333,0,0,0,0,2,0,0,0,0,0,2,2,0
73535,1,74042,1,1,1,0,0,0,0,0,0,27,0.033333333,0,0,0,0,1,0,0,0,0,0,1,1,0
73538,214,74042,4,11,1,6,0,2,0,5,2,27,0.033333333,0,0,0,0,11,0,0,0,0,0,6,11,0
73541,102,74042,1,102,8,14,3,11,53,11,8,27,0.066666667,0,0,0,0,19,0,0,0,0,0,20,83,0
73555,5,91935,1,5,1,2,0,1,0,1,1,26,0.033333333,0,0,0,0,0,0,0,0,0,0,4,5,0
73560,11,91935,1,11,2,4,0,3,0,3,2,26,0.033333333,0,0,0,0,0,0,0,0,0,0,7,11,0
73561,5,91935,1,5,2,2,0,0,0,1,0,26,0.033333333,0,0,0,0,0,0,0,0,0,0,4,5,0
73576,11,155579,1,11,3,3,0,2,0,3,2,17,0.066666667,0,0,0,0,0,0,0,0,0,0,7,10,0
73577,43,89830,1,43,13,15,0,9,1,5,3,108,0.066666667,0,0,0,0,0,0,0,0,0,0,12,27,16
73591,386,155579,3,1,1,0,0,0,0,0,0,17,0.033333333,0,0,0,0,0,0,0,0,0,0,1,1,0
73592,1,89830,1,1,1,0,0,0,0,0,0,108,0.033333333,0,0,0,0,0,0,0,0,0,0,1,1,0
73597,4,155579,1,4,2,2,0,0,0,1,0,17,0.033333333,0,0,0,0,0,0,0,0,0,0,4,4,0
73607,1,155579,1,1,1,0,0,0,0,0,0,17,0.033333333,0,0,0,0,0,0,0,0,0,0,1,1,0
73618,130,89830,2,2,2,0,0,0,0,0,0,108,0.033333333,0,0,0,0,0,0,0,0,0,0,1,2,0
73626,1,155579,1,1,1,0,0,0,0,0,0,17,0.033333333,0,0,0,0,0,0,0,0,0,0,1,1,0
73629,56,155579,2,7,3,2,0,1,0,1,1,17,0.033333333,0,0,0,0,0,0,0,0,0,0,5,7,0
73636,1,91935,1,1,1,0,0,0,0,0,0,26,0.033333333,0,0,0,0,0,0,0,0,0,0,1,1,0
73644,43,91935,2,34,5,10,5,6,6,3,0,26,0.066666667,0,0,0,0,0,0,0,0,0,0,10,34,0
73648,1,91935,1,1,1,0,0,0,0,0,0,26,0.033333333,0,0,0,0,0,0,0,0,0,0,1,1,0
73655,33,155579,2,25,6,8,0,5,1,6,1,17,0.033333333,0,0,0,0,0,0,0,0,0,0,8,25,0
73659,76,91935,1,76,5,19,7,14,15,16,10,26,0.066666667,0,0,0,0,0,0,0,0,0,0,23,68,8
73673,2107,89830,2,1568,69,233,466,144,187,374,162,108,0.766666667,0,1,186,160,0,10,1,10,93,0,219,363,247
73677,444,91935,8,65,4,23,13,8,0,25,9,26,0.033333333,0,0,0,0,0,0,0,0,0,0,22,65,0
73693,203,89830,2,1,1,0,0,0,0,0,0,108,0.033333333,0,0,0,0,0,0,0,0,0,0,1,1,0
73710,5,89830,1,5,3,2,0,0,0,1,0,108,0.033333333,0,0,0,0,0,0,0,0,0,0,4,5,0
73711,56,89830,3,6,2,2,0,1,0,1,1,108,0.033333333,0,0,0,0,0,0,0,0,0,0,4,6,0
73732,43,155579,2,9,1,4,0,2,0,3,2,17,0.033333333,0,0,0,0,0,0,0,0,0,0,5,9,0
73747,5,91935,1,5,1,2,0,1,0,1,1,26,0.033333333,0,0,0,0,0,0,0,0,0,0,4,5,0
73749,1,89830,1,1,1,0,0,0,0,0,0,108,0.033333333,0,0,0,0,0,0,0,0,0,0,1,1,0
73755,13,89830,1,13,8,4,0,0,0,1,1,108,0.033333333,0,0,0,0,0,0,0,0,0,0,8,13,0
73758,1,89830,1,1,1,0,0,0,0,0,0,108,0.033333333,0,0,0,0,0,0,0,0,0,0,1,1,0
73789,90,156596,1,90,5,15,18,8,4,34,10,224,0.066666667,0,0,0,0,0,0,0,0,0,0,31,17,0
73800,86,907118,1,86,10,28,5,21,3,23,14,19,0.166666667,0,0,0,10,0,0,0,0,0,0,25,14,10
73803,1,907118,1,1,1,0,0,0,0,0,0,19,0.033333333,0,0,0,1,0,0,0,0,0,0,1,1,0
73829,11,907118,1,11,3,5,0,3,0,2,0,19,0.033333333,0,0,0,11,0,0,0,0,0,0,5,11,0
73835,212,38356,4,46,6,14,0,6,0,18,6,65,0.1,0,0,0,0,0,0,0,0,20,0,7,2,24
73868,643,195289,5,172,11,12,52,9,24,41,12,105,0.1,0,0,0,0,0,0,0,0,0,0,41,31,44
73872,6,195289,1,6,3,1,0,1,0,1,1,105,0.033333333,0,0,0,0,0,0,0,0,0,0,5,6,0
73882,30,878119,1,30,5,14,0,8,0,11,3,20,0.066666667,20,0,0,0,0,0,0,0,0,0,12,10,0
73884,25,457932,2,15,2,6,0,4,0,5,3,21,0.033333333,0,0,15,0,0,0,0,0,0,0,10,15,0
73887,10,457932,1,10,1,4,0,3,0,3,2,21,0.033333333,0,0,10,0,0,0,0,0,0,0,7,10,0
73890,6,247683,1,6,2,2,0,1,0,1,1,23,0.066666667,0,0,0,4,2,0,0,0,0,0,5,4,2
73899,41,148500,4,4,4,0,0,0,0,0,0,29,0.033333333,0,0,0,0,0,0,0,0,0,0,1,4,0
73902,25,86829,2,10,3,3,0,2,0,2,2,63,0.033333333,0,0,0,0,10,0,0,0,0,0,8,10,0
73903,6,250865,1,6,2,2,0,1,0,1,1,34,0.033333333,0,0,0,0,0,0,0,0,0,0,5,6,0
73922,59,250865,5,1,1,0,0,0,0,0,0,34,0.033333333,0,0,0,0,0,0,0,0,0,0,1,1,0
73924,219,457932,3,8,3,2,0,1,2,1,0,21,0.066666667,0,0,5,0,0,0,0,0,0,0,3,3,5
73925,78,148500,2,2,2,0,0,0,0,0,0,29,0.033333333,0,0,0,0,0,0,0,0,0,0,1,2,0
73946,4,878119,2,2,2,0,0,0,0,0,0,20,0.033333333,0,0,0,0,0,0,0,0,0,0,2,2,0
73948,216,247683,1,216,17,91,20,64,1,63,21,23,0.233333333,0,0,0,30,37,0,0,0,0,0,67,49,58
73951,1033,148500,8,17,5,3,3,2,0,3,2,29,0.033333333,0,0,0,0,0,0,0,0,0,0,11,17,0
73952,6,127749,1,6,2,3,0,1,0,2,0,102,0.033333333,0,0,0,0,0,0,0,0,0,0,4,6,0
73962,5,878119,2,2,2,0,0,0,0,0,0,20,0.033333333,0,0,0,0,0,0,0,0,0,0,2,2,0
73972,123,148500,4,119,10,22,29,16,0,38,8,29,0.033333333,0,0,0,0,0,0,0,0,0,0,27,119,0
73982,2,85168,2,1,1,0,0,0,0,0,0,139,0.033333333,0,0,0,0,1,0,0,0,0,0,1,1,0
73984,21,457932,3,19,3,4,4,3,0,5,2,21,0.066666667,0,0,18,0,0,0,0,0,1,0,9,18,0
73994,60,334927,1,60,9,47,3,0,0,32,0,7,0.133333333,0,0,0,0,0,0,0,0,0,0,21,3,5
74003,40,21560,4,1,1,0,0,0,0,0,0,9,0.033333333,0,0,0,0,0,0,0,0,0,0,1,1,0
74005,22,346877,3,20,4,7,0,5,0,4,4,9,0.033333333,0,0,0,0,20,0,0,0,0,0,8,20,0
74015,296,46603,5,10,3,4,0,2,0,1,1,5,0.066666667,0,0,0,0,0,0,0,0,0,0,6,1,0
74017,16,148500,1,16,2,6,0,4,0,5,4,29,0.033333333,0,0,0,0,0,0,0,0,0,0,10,16,0
74044,245,334927,1,245,28,92,34,60,2,46,25,7,0.3,0,0,0,0,0,0,35,0,0,4,54,90,98
74045,36,346877,4,2,2,0,0,0,0,0,0,9,0.033333333,0,0,0,0,2,0,0,0,0,0,2,2,0
74047,992,334927,9,1,1,0,0,0,0,0,0,7,0.033333333,0,0,0,0,0,0,0,0,0,0,1,1,0
74084,48,260769,3,1,1,0,0,0,0,0,0,0,0.033333333,0,0,0,0,0,0,0,0,0,0,1,1,0
74085,48,346877,3,27,4,6,8,4,0,8,2,9,0.033333333,0,0,0,0,27,0,0,0,0,0,13,27,0
74086,144,85576,4,118,7,23,49,17,4,19,11,54,0.066666667,0,0,0,0,43,0,0,0,0,0,29,75,0
74090,30,346877,2,1,1,0,0,0,0,0,0,9,0.033333333,0,0,0,0,1,0,0,0,0,0,1,1,0
74094,11,457932,1,11,2,5,2,1,0,4,1,21,0.033333333,0,0,11,0,0,0,0,0,0,0,9,11,0
74095,2,148500,1,2,2,0,0,0,0,0,0,29,0.033333333,0,0,0,0,0,0,0,0,0,0,2,2,0
74105,35,878119,2,29,14,9,0,5,0,2,0,20,0.033333333,0,0,0,0,0,0,0,0,0,0,9,29,0
74108,210,457932,6,3,3,0,0,0,0,0,0,21,0.1,0,0,1,0,1,0,0,0,1,0,1,1,0
74114,366,346877,6,114,8,43,17,25,0,44,13,9,0.1,0,0,0,0,55,0,0,0,0,0,43,8,0
74116,34,85168,3,12,4,5,0,2,0,2,1,139,0.1,0,0,2,3,7,0,0,0,0,0,6,2,3
74121,630,86829,1,630,24,151,133,118,53,174,56,63,0.233333333,54,0,0,0,13,148,0,0,52,0,107,357,52
74122,466,148500,5,73,7,35,6,15,0,27,3,29,0.133333333,0,0,0,0,0,0,0,0,0,0,16,55,14
74147,544,878119,4,8,5,2,0,1,0,1,0,20,0.033333333,0,0,0,0,0,0,0,0,0,0,4,8,0
74148,343,346877,2,41,4,15,0,12,0,11,9,9,0.066666667,0,0,6,0,35,0,0,0,0,0,19,6,0
74160,120,148500,6,9,2,3,0,2,0,2,2,29,0.033333333,0,0,0,0,0,0,0,0,0,0,7,9,0
74161,5,346877,2,4,4,0,0,0,0,0,0,9,0.033333333,0,0,0,0,4,0,0,0,0,0,3,4,0
74166,1127,334927,18,62,10,17,3,14,9,14,5,7,0.133333333,0,0,0,0,0,0,0,0,0,0,13,13,0
74177,77,247683,3,2,2,0,0,0,0,0,0,23,0.033333333,0,0,0,0,2,0,0,0,0,0,2,2,0
74188,992,140022,9,254,11,43,0,35,21,94,31,232,0.133333333,0,0,0,0,0,0,0,0,0,0,54,4,0
74200,174,127749,2,56,5,22,0,15,1,18,12,102,0.066666667,0,0,0,0,0,0,0,0,0,0,19,38,18
74226,14,43183,1,14,5,5,0,2,0,2,1,24,0.033333333,0,0,0,0,0,0,0,0,0,0,7,14,0
74229,320,250865,5,44,5,15,3,11,0,12,4,34,0.066666667,0,0,0,0,0,0,0,0,0,0,7,44,0
74235,25,85168,1,25,5,15,0,2,0,13,2,139,0.066666667,0,0,0,12,13,0,0,0,0,0,19,12,13
74241,563,457932,5,19,3,8,2,4,0,5,2,21,0.066666667,0,0,8,0,0,0,0,0,0,0,9,11,8
74243,276,457932,1,276,44,131,65,2,25,107,3,21,0.166666667,0,0,22,44,0,0,0,0,67,0,72,93,139
74247,553,457932,4,157,25,42,16,28,13,26,17,21,0.166666667,0,0,10,0,0,0,0,0,15,0,36,79,10
74258,310,334927,2,29,1,20,6,1,0,19,0,7,0.033333333,0,0,0,0,0,0,0,0,0,0,7,29,0
74262,187,346877,2,28,4,11,6,4,0,6,2,9,0.133333333,0,0,0,0,1,0,0,0,0,0,10,8,0
74265,53,260769,3,13,3,4,0,3,0,3,3,0,0.1,0,0,0,10,1,0,0,0,0,0,9,2,0
74275,4,148500,2,3,3,0,0,0,0,0,0,29,0.066666667,0,0,0,0,0,0,0,0,0,0,1,1,2
74279,34,334927,2,7,3,3,0,1,0,2,0,7,0.033333333,0,0,0,0,0,0,0,0,0,0,5,7,0
74280,34,457932,2,27,7,8,5,1,1,4,0,21,0.033333333,0,0,27,0,0,0,0,0,0,0,11,27,0
74289,98,188602,2,1,1,0,0,0,0,0,0,96,0.033333333,0,0,0,0,1,0,0,0,0,0,1,1,0
74295,69,457932,4,13,2,7,3,0,0,6,0,21,0.033333333,0,0,13,0,0,0,0,0,0,0,7,13,0
74297,478,34988,8,21,6,8,0,5,0,3,2,108,0.1,0,0,0,0,0,0,0,0,0,0,11,17,0
74315,183,43183,2,49,3,26,0,10,0,25,7,24,0.066666667,0,0,0,0,0,0,0,0,0,0,16,20,0
74324,202,334927,2,187,40,36,26,30,20,32,19,7,0.133333333,0,0,0,0,31,0,0,0,0,0,39,153,0
74330,774,260769,6,337,9,97,43,84,2,134,39,0,0.266666667,0,0,7,36,0,0,0,0,0,0,68,10,0
74331,774,250865,6,37,5,22,0,9,0,13,1,34,0.266666667,0,0,6,1,0,0,0,0,0,0,9,13,0
74337,6,334927,1,6,2,2,0,1,0,1,1,7,0.033333333,0,0,0,0,0,0,0,0,0,0,5,6,0
74347,3,260769,3,1,1,0,0,0,0,0,0,0,0.033333333,0,0,0,0,0,0,0,0,0,0,1,1,0
74371,69,42723,2,6,2,2,0,1,0,1,1,6,0.033333333,0,0,0,0,6,0,0,0,0,0,5,6,0
74391,235,346877,4,2,2,0,0,0,0,0,0,9,0.033333333,0,0,0,0,2,0,0,0,0,0,2,2,0
74394,272,247683,2,266,15,96,25,85,5,83,35,23,0.2,0,0,0,0,35,0,0,9,0,95,104,29,35
74399,192,260769,2,160,6,47,46,37,3,32,15,0,0.166666667,0,0,0,0,0,0,0,6,0,0,49,5,0
74409,168,334927,5,44,5,18,0,13,0,14,6,7,0.1,4,0,0,0,0,0,0,0,0,0,13,35,5
74425,207,334927,9,1,1,0,0,0,0,0,0,7,0.033333333,0,0,0,0,0,0,0,0,0,0,1,1,0
74427,332,188602,4,303,56,99,0,82,3,75,57,96,0.2,0,0,0,0,246,17,17,1,6,0,90,33,1
74453,127,85576,4,10,6,3,0,0,0,3,0,54,0.066666667,0,0,0,0,1,0,0,0,0,0,8,9,1
74461,253,127749,3,185,23,35,32,29,40,26,18,102,0.166666667,0,0,0,0,0,0,0,0,0,0,36,96,0
74462,2082,148500,15,4,3,0,0,0,0,0,0,29,0.033333333,0,0,0,0,0,0,0,0,0,0,4,4,0
74469,41,85576,3,6,2,2,0,1,0,1,1,54,0.033333333,0,0,0,0,6,0,0,0,0,0,5,6,0
74471,46,457932,1,46,7,23,8,4,0,14,4,21,0.166666667,0,26,4,6,0,0,0,0,0,0,25,1,9
74475,67,43183,3,9,2,3,0,2,0,2,2,24,0.033333333,0,0,0,0,0,0,0,0,0,0,7,9,0
74477,37,334927,4,17,3,9,0,3,0,6,2,7,0.066666667,0,0,0,0,0,0,0,0,0,0,9,7,0
74480,277,42723,4,27,1,9,0,8,0,9,7,6,0.033333333,0,0,0,0,27,0,0,0,0,0,17,27,0
74489,41,457932,3,21,4,6,4,3,0,3,2,21,0.033333333,0,0,21,0,0,0,0,0,0,0,10,21,0
74494,106,250865,7,3,3,0,0,0,0,0,0,34,0.033333333,0,0,0,0,0,0,0,0,0,0,2,3,0
74500,60,148500,3,50,2,15,12,7,0,22,6,29,0.066666667,0,0,0,0,0,0,0,0,0,0,20,47,0
74505,21,334927,2,11,2,7,0,1,0,4,1,7,0.033333333,0,0,0,0,0,0,0,0,0,0,7,11,0
74516,16,148500,1,16,3,3,0,2,0,7,2,29,0.033333333,0,0,0,0,0,0,0,0,0,0,8,16,0
74522,198,346877,1,198,12,47,28,34,37,59,9,9,0.166666667,0,23,0,0,5,0,0,0,0,0,30,41,5
74532,16,346877,1,16,5,7,0,4,0,2,0,9,0.066666667,0,0,2,0,14,0,0,0,0,0,6,2,0
74543,7,878119,1,7,4,2,0,1,0,1,0,20,0.033333333,0,0,0,0,0,0,0,0,0,0,4,7,0
74566,1,878119,1,1,1,0,0,0,0,0,0,20,0.033333333,0,0,0,0,0,0,0,0,0,0,1,1,0
74570,144,247683,3,6,2,2,0,1,0,1,1,23,0.033333333,0,0,0,0,6,0,0,0,0,0,5,6,0
74577,2,878119,1,2,2,0,0,0,0,0,0,20,0.033333333,0,0,0,0,0,0,0,0,0,0,2,2,0
74588,9,457932,1,9,2,3,1,2,0,2,1,21,0.033333333,0,0,9,0,0,0,0,0,0,0,7,9,0
74590,171,250865,3,47,6,34,5,1,0,21,1,34,0.1,0,0,0,0,0,0,0,0,0,0,14,3,11
74592,10,260769,1,10,3,5,0,2,0,2,0,0,0.066666667,0,0,0,0,0,0,0,0,0,0,6,4,0
74595,23,247683,1,23,2,9,6,5,0,8,1,23,0.033333333,0,0,0,0,23,0,0,0,0,0,10,23,0
74603,24,148500,1,24,10,2,3,2,0,5,2,29,0.033333333,0,0,0,0,0,0,0,0,0,0,11,24,0
74605,1,188602,1,1,1,0,0,0,0,0,0,96,0.033333333,0,0,0,0,1,0,0,0,0,0,1,1,0
74616,31,878119,2,25,7,7,0,6,0,6,4,20,0.033333333,0,0,0,0,0,0,0,0,0,0,11,25,0
74632,1,260769,1,1,1,0,0,0,0,0,0,0,0.033333333,0,0,0,0,0,0,0,0,0,0,1,1,0
74639,274,334927,1,274,40,124,6,48,38,66,16,7,0.266666667,0,0,0,21,0,0,0,0,0,0,35,56,103
74649,787,346877,9,127,7,40,29,23,0,43,13,9,0.133333333,0,0,26,0,5,0,0,0,0,27,43,69,53
74652,249,334927,2,1,1,0,0,0,0,0,0,7,0.033333333,0,0,0,0,0,0,0,0,0,0,1,1,0
74680,246,457932,1,246,24,135,26,14,14,113,18,21,0.3,0,0,8,0,0,12,21,0,20,18,43,151,62
74686,245,140022,5,53,7,17,3,11,0,17,5,232,0.1,0,0,0,0,0,0,0,0,0,0,15,41,0
74691,87,110497,2,13,3,7,0,2,0,6,1,24,0.1,0,0,0,0,4,0,3,0,0,0,7,6,0
74694,134,457932,2,113,4,60,3,27,0,45,19,21,0.1,0,0,59,11,0,0,0,0,0,0,38,43,59
74704,6,42723,1,6,1,3,0,1,0,2,1,6,0.033333333,0,0,0,0,6,0,0,0,0,0,4,6,0
74705,180,878119,2,159,39,69,3,27,2,23,14,20,0.266666667,18,13,0,0,0,0,3,0,28,0,33,60,0
74718,7,42723,1,7,3,2,0,1,0,1,1,6,0.033333333,0,0,0,0,7,0,0,0,0,0,6,7,0
74725,137,148500,1,137,20,31,35,22,1,29,13,29,0.133333333,0,0,0,0,0,0,0,0,0,0,30,53,0
74734,6,46603,2,3,3,0,0,0,0,0,0,5,0.033333333,0,0,0,0,0,0,0,0,0,0,2,3,0
74742,613,247683,4,1,1,0,0,0,0,0,0,23,0.033333333,0,0,0,0,1,0,0,0,0,0,1,1,0
74750,6,250865,1,6,3,1,0,1,0,1,1,34,0.033333333,0,0,0,0,0,0,0,0,0,0,6,6,0
74752,140,457932,2,13,2,4,5,1,0,3,0,21,0.033333333,0,0,13,0,0,0,0,0,0,0,7,13,0
74753,66,878119,4,54,18,18,4,2,9,13,0,20,0.066666667,0,0,0,0,0,0,0,0,0,0,18,26,0
74762,207,85576,9,47,3,19,10,7,0,17,4,54,0.066666667,0,0,0,0,5,42,0,0,0,0,14,5,42
74765,358,457932,2,36,3,12,2,10,0,10,8,21,0.066666667,0,0,8,0,0,0,0,0,0,0,18,28,0
74778,245,85168,5,19,4,7,0,5,0,4,3,139,0.066666667,0,0,0,0,11,0,0,0,0,0,8,8,0
74784,123,457932,3,82,9,31,6,20,2,17,12,21,0.166666667,0,0,15,0,0,0,0,0,0,0,23,48,23
74786,202,457932,2,15,2,6,0,4,0,5,3,21,0.033333333,0,0,15,0,0,0,0,0,0,0,10,15,0
74790,15,85168,1,15,3,4,0,4,0,4,4,139,0.033333333,0,0,0,0,15,0,0,0,0,0,12,15,0
74817,9,334927,1,9,2,3,0,2,0,2,2,7,0.033333333,0,0,0,0,0,0,0,0,0,0,5,9,0
74822,11,346877,2,10,2,5,0,1,0,2,1,9,0.033333333,0,0,0,0,10,0,0,0,0,0,6,10,0
74831,19,878119,1,19,5,8,0,5,0,7,0,20,0.033333333,0,0,0,0,0,0,0,0,0,0,7,19,0
74833,254,457932,1,254,14,64,55,56,5,55,41,21,0.1,0,0,206,0,0,0,0,0,0,0,66,46,0
74845,54,334927,1,54,9,25,9,7,0,13,1,7,0.233333333,0,4,0,0,0,0,0,0,0,0,17,24,0
74848,1,334927,1,1,1,0,0,0,0,0,0,7,0.033333333,0,0,0,0,0,0,0,0,0,0,1,1,0
74851,85,457932,1,85,2,22,36,12,0,21,3,21,0.033333333,0,0,85,0,0,0,0,0,0,0,29,85,0
74863,267,260769,3,31,4,13,3,6,1,11,0,0,0.066666667,0,0,0,0,0,0,0,0,0,0,11,26,0
74865,1829,148500,7,1,1,0,0,0,0,0,0,29,0.033333333,0,0,0,0,0,0,0,0,0,0,1,1,0
74869,16,878119,4,13,3,10,0,0,0,9,0,20,0.033333333,0,0,0,0,0,0,0,0,0,0,9,13,0
74874,16,148500,4,1,1,0,0,0,0,0,0,29,0.033333333,0,0,0,0,0,0,0,0,0,0,1,1,0
74883,110,127749,3,8,1,4,0,3,0,3,0,102,0.033333333,0,0,0,0,0,0,0,0,0,0,5,8,0
74884,25,457932,2,24,3,6,4,6,0,6,4,21,0.033333333,0,0,24,0,0,0,0,0,0,0,15,24,0
74886,6,334927,1,6,2,2,0,1,0,1,1,7,0.033333333,0,0,0,0,0,0,0,0,0,0,5,6,0
74888,726,148500,4,279,15,57,76,41,2,81,36,29,0.266666667,0,0,9,0,0,0,0,0,0,1,73,86,10
74901,293,878119,4,1,1,0,0,0,0,0,0,20,0.033333333,0,0,0,0,0,0,0,0,0,0,1,1,0
74902,135,85576,7,7,2,2,0,1,0,2,1,54,0.033333333,0,0,0,0,7,0,0,0,0,0,5,7,0
74904,12,250865,2,6,2,2,0,1,0,1,1,34,0.033333333,0,0,0,0,0,0,0,0,0,0,5,6,0
74912,87,878119,3,17,2,6,6,1,0,5,0,20,0.033333333,0,0,0,0,0,0,0,0,0,0,8,17,0
74914,755,457932,2,1,1,0,0,0,0,0,0,21,0.033333333,0,0,1,0,0,0,0,0,0,0,1,1,0
74921,327,148500,5,37,10,7,3,6,2,9,5,29,0.033333333,0,0,0,0,0,0,0,0,0,0,10,37,0
74922,14,334927,2,9,2,3,0,2,0,2,2,7,0.033333333,0,0,0,0,0,0,0,0,0,0,5,9,0
74924,14,878119,2,5,2,2,0,1,0,1,0,20,0.033333333,0,0,0,0,0,0,0,0,0,0,4,5,0
74953,27,334927,2,26,5,10,0,7,0,5,4,7,0.066666667,0,0,0,0,0,0,0,0,0,0,10,25,1
74957,2,334927,1,2,2,0,0,0,0,0,0,7,0.033333333,0,0,0,0,0,0,0,0,0,0,2,2,0
74964,547,878119,2,279,34,138,11,76,8,102,12,20,0.466666667,1,0,8,0,0,64,46,0,0,0,45,49,22
74970,83,334927,1,83,8,26,5,21,13,21,3,7,0.033333333,0,0,0,0,0,0,0,0,0,0,17,83,0
74985,154,21560,5,5,1,2,0,1,0,1,1,9,0.033333333,0,0,0,0,0,0,0,0,0,0,4,5,0
74990,584,148500,3,5,1,2,0,1,0,1,1,29,0.033333333,0,0,0,0,0,0,0,0,0,0,4,5,0
74996,1,457932,1,1,1,0,0,0,0,0,0,21,0.033333333,0,0,1,0,0,0,0,0,0,0,1,1,0
75007,16,878119,2,1,1,0,0,0,0,0,0,20,0.033333333,0,0,0,0,0,0,0,0,0,0,1,1,0
75022,85,878119,1,85,10,43,4,28,0,26,0,20,0.1,0,0,0,0,0,0,0,0,0,0,24,31,0
75024,42,346877,1,42,2,17,2,13,0,11,7,9,0.066666667,0,0,0,0,4,38,0,0,0,0,18,4,38
75033,85,346877,1,85,4,39,13,12,0,39,11,9,0.1,0,0,0,0,9,75,0,1,0,0,37,9,75
75040,17,457932,1,17,2,4,4,3,0,4,2,21,0.033333333,0,0,0,17,0,0,0,0,0,0,9,17,0
75045,19,878119,1,19,5,6,0,4,1,5,1,20,0.033333333,0,0,0,0,0,0,0,0,0,0,10,19,0
75063,347,878119,3,1,1,0,0,0,0,0,0,20,0.033333333,0,0,0,0,0,0,0,0,0,0,1,1,0
75065,13,334927,1,13,5,2,0,1,3,1,1,7,0.033333333,0,0,0,0,0,0,0,0,0,0,7,13,0
75067,8,878119,4,1,1,0,0,0,0,0,0,20,0.033333333,0,0,0,0,0,0,0,0,0,0,1,1,0
75069,8,250865,4,1,1,0,0,0,0,0,0,34,0.033333333,0,0,1,0,0,0,0,0,0,0,1,1,0
75070,2,457932,2,1,1,0,0,0,0,0,0,21,0.033333333,0,0,0,1,0,0,0,0,0,0,1,1,0
75084,13,878119,1,13,5,3,0,2,1,2,1,20,0.033333333,0,0,0,0,0,0,0,0,0,0,9,13,0
75087,8,43183,5,1,1,0,0,0,0,0,0,24,0.033333333,0,0,0,0,0,0,0,0,0,0,1,1,0
75101,145,247683,5,2,2,0,0,0,0,0,0,23,0.033333333,0,0,0,0,2,0,0,0,0,0,2,2,0
75117,34,878119,2,15,6,4,0,3,1,4,0,20,0.033333333,0,0,0,0,0,0,0,0,0,0,7,15,0
75134,126,334927,2,22,4,15,0,2,0,9,1,7,0.066666667,0,0,0,0,0,0,0,0,0,0,8,17,5
75138,13,878119,1,13,5,4,0,2,1,3,1,20,0.033333333,0,0,0,0,0,0,0,0,0,0,7,13,0
75150,466,250865,7,2,2,0,0,0,0,0,0,34,0.066666667,0,0,1,0,0,0,0,0,0,0,1,1,0
75161,465,110497,4,81,12,25,0,17,0,25,8,24,0.166666667,0,0,26,10,5,35,0,0,5,0,18,26,10
75166,4,878119,1,4,2,2,0,0,0,1,0,20,0.033333333,0,0,0,0,0,0,0,0,0,0,4,4,0
75174,155,878119,1,155,21,59,7,34,0,46,15,20,0.3,0,5,0,0,0,13,5,0,0,0,47,25,0
75189,8,34988,5,1,1,0,0,0,0,0,0,108,0.033333333,0,0,0,0,0,0,0,0,0,0,1,1,0
75203,7,878119,2,5,5,0,0,0,0,0,0,20,0.066666667,0,0,0,0,0,0,0,0,0,0,2,5,0
75207,400,457932,2,123,14,34,22,29,9,25,13,21,0.1,0,0,0,35,0,0,0,0,0,0,47,110,0
75221,2,878119,1,2,2,0,0,0,0,0,0,20,0.033333333,0,0,0,0,0,0,0,0,0,0,2,2,0
75229,749,346877,3,40,2,9,12,6,3,11,3,9,0.033333333,0,0,0,0,0,40,0,0,0,0,15,40,0
75237,469,148500,2,468,26,46,135,44,44,145,37,29,0.1,0,0,0,0,0,0,0,117,0,0,94,206,0
75243,117,878119,3,5,2,2,0,1,0,1,0,20,0.033333333,0,0,0,0,0,0,0,0,0,0,4,5,0
75244,146,148500,1,146,9,43,10,30,5,61,17,29,0.066666667,0,0,0,0,0,0,0,0,82,0,32,64,0
75256,77,878119,2,76,11,22,0,2,37,23,0,20,0.066666667,0,0,0,0,0,0,0,0,0,0,24,74,2
75261,43,878119,1,43,16,14,0,8,1,5,0,20,0.033333333,0,0,0,0,0,0,0,0,0,0,9,43,0
75265,52,878119,1,52,7,22,1,13,0,26,5,20,0.033333333,0,0,0,0,0,0,0,0,0,0,17,52,0
75266,74,334927,3,35,5,17,0,9,0,6,4,7,0.133333333,0,0,3,0,0,0,0,0,0,0,14,21,0
75273,499,334927,5,22,6,10,0,5,0,5,1,7,0.066666667,0,0,0,0,0,0,0,0,0,0,9,7,0
75283,16,457932,1,16,4,4,4,0,0,3,1,21,0.033333333,0,0,0,16,0,0,0,0,0,0,9,16,0
75288,358,148500,5,1,1,0,0,0,0,0,0,29,0.033333333,0,0,0,0,0,0,0,0,0,0,1,1,0
75306,38,878119,1,38,9,11,0,10,0,11,8,20,0.066666667,0,0,0,0,0,0,0,0,0,0,10,9,0
75316,1,878119,1,1,1,0,0,0,0,0,0,20,0.033333333,0,0,0,0,0,0,0,0,0,0,1,1,0
75337,1,334927,1,1,1,0,0,0,0,0,0,7,0.033333333,0,0,0,0,0,0,0,0,0,0,1,1,0
75347,120,148500,6,25,3,8,3,5,0,5,3,29,0.033333333,0,0,0,0,0,0,0,0,0,0,9,25,0
75354,11,140022,1,11,2,5,0,3,0,2,1,232,0.066666667,0,0,4,0,0,0,0,0,0,0,6,7,0
75369,9,878119,2,2,2,0,0,0,0,0,0,20,0.033333333,0,0,0,0,0,0,0,0,0,0,2,2,0
75383,21,110497,2,11,2,5,0,2,0,4,2,24,0.033333333,0,0,0,0,0,11,0,0,0,0,7,11,0
75385,60,457932,2,1,1,0,0,0,0,0,0,21,0.033333333,0,0,0,1,0,0,0,0,0,0,1,1,0
75395,942,334927,3,3,1,2,0,0,0,1,0,7,0.033333333,0,0,0,0,0,0,0,0,0,0,3,3,0
75399,15,346877,1,15,4,6,0,3,0,3,2,9,0.033333333,0,0,0,0,0,15,0,0,0,0,8,15,0
75409,2,878119,1,2,2,0,0,0,0,0,0,20,0.033333333,0,0,0,0,0,0,0,0,0,0,2,2,0
75428,2,42723,2,1,1,0,0,0,0,0,0,6,0.033333333,0,0,0,0,0,1,0,0,0,0,1,1,0
75441,324,46603,1,324,9,117,20,103,12,109,57,5,0.066666667,0,0,0,0,0,0,0,0,0,0,32,75,0
75444,460,334927,4,73,17,38,6,6,6,15,0,7,0.133333333,0,0,0,0,0,0,0,0,0,0,14,45,0
75463,13,878119,1,13,6,2,0,1,4,1,0,20,0.033333333,0,0,0,0,0,0,0,0,0,0,6,13,0
75467,36,346877,3,1,1,0,0,0,0,0,0,9,0.033333333,0,0,0,0,0,1,0,0,0,0,1,1,0
75476,159,148500,2,118,3,19,31,17,2,43,15,29,0.033333333,0,0,0,0,0,0,0,0,0,0,21,118,0
75484,109,878119,2,89,24,24,15,14,0,22,2,20,0.2,0,0,0,0,0,0,0,0,0,0,19,25,0
75485,1025,334927,5,123,25,69,19,3,0,49,2,7,0.2,0,0,0,0,0,5,0,0,0,0,33,51,16
75511,1181,86829,15,108,6,41,0,35,0,33,23,63,0.166666667,0,0,0,0,0,30,0,0,0,0,52,70,4
75520,50,346877,1,50,10,13,0,9,0,19,4,9,0.066666667,0,0,0,0,0,48,0,0,0,0,12,2,0
75536,9,878119,1,9,4,4,0,0,0,4,0,20,0.033333333,0,0,0,0,0,0,0,0,0,0,8,9,0
75537,1181,148500,15,16,2,6,0,5,0,5,3,29,0.033333333,0,0,0,0,0,0,0,0,0,0,11,16,0
75554,136,21560,4,1,1,0,0,0,0,0,0,9,0.033333333,0,0,0,0,0,0,0,0,0,0,1,1,0
75560,800,27035,9,2,2,0,0,0,0,0,0,60,0.066666667,0,0,0,1,0,0,0,0,0,0,1,1,0
75563,18,42723,1,18,4,7,0,3,0,5,2,6,0.033333333,0,0,0,0,0,18,0,0,0,0,7,18,0
75574,51,334927,2,10,2,4,0,2,0,3,2,7,0.033333333,0,0,0,0,0,0,0,0,0,0,5,10,0
75587,514,86829,13,2,2,0,0,0,0,0,0,63,0.033333333,0,0,0,0,0,2,0,0,0,0,1,2,0
75603,22,878119,1,22,5,14,0,3,0,7,0,20,0.1,0,0,0,0,0,0,0,0,0,0,8,16,0
75610,133,250865,2,132,11,51,13,1,37,56,2,34,0.033333333,0,0,132,0,0,0,0,0,0,0,18,132,0
75614,13,878119,1,13,6,3,0,1,1,2,1,20,0.033333333,0,0,0,0,0,0,0,0,0,0,10,13,0
75622,69,878119,3,5,2,2,0,1,0,1,0,20,0.033333333,0,0,0,0,0,0,0,0,0,0,4,5,0
75639,58,878119,1,58,4,18,3,17,0,18,14,20,0.033333333,0,0,0,0,0,0,0,0,0,0,22,58,0
75647,102,43183,2,101,6,19,23,4,14,29,9,24,0.133333333,0,0,0,0,0,0,0,0,0,0,30,54,1
75650,17,334927,2,16,5,4,0,3,0,3,3,7,0.033333333,0,0,0,0,0,0,0,0,0,0,11,16,0
75666,307,247683,1,307,32,118,12,89,8,85,43,23,0.233333333,0,0,0,0,0,9,0,0,0,0,38,31,13
75667,4,334927,1,4,3,1,0,0,0,1,0,7,0.033333333,0,0,0,0,0,0,0,0,0,0,4,4,0
75672,8,346877,2,7,2,3,0,1,0,2,1,9,0.033333333,0,0,0,0,0,7,0,0,0,0,5,7,0
75681,13,878119,2,6,3,2,0,1,0,1,0,20,0.033333333,0,0,0,0,0,0,0,0,0,0,5,6,0
75689,1,127749,1,1,1,0,0,0,0,0,0,102,0.033333333,0,0,1,0,0,0,0,0,0,0,1,1,0
75692,41,34988,3,8,3,2,0,1,1,1,0,108,0.033333333,0,0,0,0,0,0,0,0,0,0,4,8,0
75703,24,334927,1,24,5,9,0,4,0,6,6,7,0.033333333,0,0,0,0,0,0,0,0,0,0,8,24,0
75708,135,457932,2,134,14,30,24,26,7,27,19,21,0.066666667,88,0,0,46,0,0,0,0,0,0,35,88,0
75710,61,878119,1,61,3,28,2,15,0,29,9,20,0.1,0,0,0,0,0,0,0,0,0,0,21,32,0
75713,6,34988,1,6,2,3,0,1,0,2,0,108,0.033333333,0,0,0,0,0,0,0,0,0,0,5,6,0
75715,33,457932,1,33,5,10,5,7,0,7,2,21,0.033333333,0,0,0,33,0,0,0,0,0,0,11,33,0
75727,560,110497,2,5,1,2,0,1,0,1,1,24,0.033333333,0,0,0,0,0,5,0,0,0,0,4,5,0
75728,112,457932,2,54,8,19,3,11,1,16,9,21,0.066666667,0,0,0,31,0,0,0,0,0,0,20,23,31
75762,20,457932,1,20,12,0,0,0,4,0,0,21,0.033333333,0,0,0,20,0,0,0,0,0,0,6,20,0
75771,80,878119,2,43,1,16,0,15,0,15,11,20,0.033333333,0,0,0,0,0,0,0,0,0,0,25,43,0
75804,16,878119,1,16,1,6,0,5,0,5,4,20,0.033333333,0,0,0,0,0,0,0,0,0,0,9,16,0
75810,55,127749,2,1,1,0,0,0,0,0,0,102,0.033333333,0,0,1,0,0,0,0,0,0,0,1,1,0
75812,18,110497,1,18,5,7,0,3,0,7,2,24,0.033333333,0,0,0,0,0,18,0,0,0,0,9,18,0
75821,93,260769,1,93,13,44,0,19,1,35,12,0,0.1,0,0,60,26,0,0,7,0,0,0,22,60,26
75823,83,247683,4,36,5,12,0,8,0,15,5,23,0.033333333,0,0,0,0,0,36,0,0,0,0,14,36,0
75841,147,878119,2,146,17,45,10,36,17,31,11,20,0.166666667,0,48,0,0,0,0,0,0,0,0,36,83,7
75847,64,247683,1,64,11,41,7,2,0,43,1,23,0.066666667,0,0,0,0,0,60,0,0,0,0,21,4,0
75852,2,188602,1,2,2,0,0,0,0,0,0,96,0.033333333,0,0,0,0,0,2,0,0,0,0,2,2,0
75854,42,878119,1,42,2,21,0,11,0,18,8,20,0.066666667,0,0,0,0,0,0,0,0,0,0,13,34,0
75856,9,334927,1,9,7,0,0,0,1,0,0,7,0.033333333,0,0,0,0,0,0,0,0,0,0,5,9,0
75880,23,878119,2,11,5,3,0,1,0,2,1,20,0.033333333,0,0,0,0,0,0,0,0,0,0,7,11,0
75887,10,250865,1,10,2,8,0,0,0,7,0,34,0.033333333,0,0,10,0,0,0,0,0,0,0,9,10,0
75916,14,250865,1,14,5,3,1,3,0,3,2,34,0.033333333,0,0,14,0,0,0,0,0,0,0,8,14,0
75919,25,878119,1,25,12,7,0,2,1,2,1,20,0.066666667,0,0,0,0,0,0,0,0,0,0,10,13,0
75920,619,140022,3,540,31,64,196,51,6,144,25,232,0.266666667,122,43,160,0,0,13,0,0,0,0,134,10,171
75935,5,334927,1,5,2,2,0,0,1,1,0,7,0.033333333,0,0,0,0,0,0,0,0,0,0,4,5,0
75938,46,334927,1,46,14,15,0,11,0,8,4,7,0.066666667,0,0,0,0,0,0,0,0,0,0,14,11,0
75961,6,127749,1,6,6,0,0,0,0,0,0,102,0.033333333,0,0,6,0,0,0,0,0,0,0,2,6,0
75965,795,148500,3,57,3,13,2,0,36,10,0,29,0.033333333,0,0,0,0,0,0,0,0,0,0,9,57,0
75966,10,188602,2,1,1,0,0,0,0,0,0,96,0.033333333,0,0,0,0,0,1,0,0,0,0,1,1,0
75968,2,457932,2,1,1,0,0,0,0,0,0,21,0.033333333,0,0,0,1,0,0,0,0,0,0,1,1,0
75972,2,346877,2,1,1,0,0,0,0,0,0,9,0.033333333,0,0,0,0,0,1,0,0,0,0,1,1,0
75981,84,878119,1,84,21,45,1,7,2,27,5,20,0.166666667,0,0,0,0,0,0,0,0,0,0,18,15,45
75985,1059,148500,2,4,2,2,0,0,0,1,0,29,0.033333333,0,0,0,0,0,0,0,0,0,0,4,4,0
75990,3,42723,1,3,2,1,0,0,0,1,0,6,0.033333333,0,0,0,0,0,3,0,0,0,0,3,3,0
75994,19,878119,1,19,8,9,0,0,2,5,0,20,0.033333333,0,0,0,0,0,0,0,0,0,0,7,19,0
75997,173,85576,1,173,8,12,111,10,2,25,9,54,0.033333333,0,0,0,0,0,173,0,0,0,0,25,173,0
76011,54,334927,2,53,5,20,6,12,1,13,7,7,0.066666667,39,0,0,0,0,0,0,0,0,0,23,14,39
76019,29,334927,5,9,2,3,0,2,0,2,2,7,0.033333333,0,0,0,0,0,0,0,0,0,0,5,9,0
76022,93,27035,3,1,1,0,0,0,0,0,0,60,0.033333333,0,0,0,1,0,0,0,0,0,0,1,1,0
76023,1,334927,1,1,1,0,0,0,0,0,0,7,0.033333333,0,0,0,0,0,0,0,0,0,0,1,1,0
76041,25,188602,3,16,5,5,0,3,0,3,2,96,0.066666667,0,0,0,0,0,9,0,7,0,0,6,9,0
76046,2,346877,1,2,2,0,0,0,0,0,0,9,0.033333333,0,0,0,0,0,2,0,0,0,0,2,2,0
76049,147,878119,2,75,5,27,9,22,0,18,9,20,0.1,0,0,0,0,0,0,24,0,0,0,29,23,0
76063,30,878119,1,30,10,9,0,6,1,4,3,20,0.066666667,0,0,0,0,0,0,0,0,0,0,16,25,0
76091,260,85576,5,54,6,11,13,4,13,8,2,54,0.066666667,0,0,0,0,0,5,0,0,0,0,14,49,0
76093,12,878119,1,12,4,6,0,2,0,3,0,20,0.033333333,0,0,0,0,0,0,0,0,0,0,6,12,0
76099,7,878119,1,7,3,3,0,0,0,3,0,20,0.033333333,0,0,0,0,0,0,0,0,0,0,6,7,0
76102,1,346877,1,1,1,0,0,0,0,0,0,9,0.033333333,0,0,0,0,0,1,0,0,0,0,1,1,0
76122,260,457932,5,91,18,25,3,12,20,15,6,21,0.133333333,0,0,0,5,0,0,0,0,7,0,21,64,5
76126,106,188602,2,57,6,33,0,11,0,28,7,96,0.066666667,0,0,0,0,0,39,0,0,0,0,14,18,0
76128,693,110497,5,96,22,27,5,18,1,21,11,24,0.1,0,0,0,0,0,28,0,0,0,0,18,50,28
76133,5,250865,1,5,2,2,0,0,0,1,1,34,0.033333333,0,0,5,0,0,0,0,0,0,0,5,5,0
76136,829,457932,3,49,9,21,0,12,0,14,7,21,0.066666667,0,0,0,30,19,0,0,0,0,0,14,30,19
76148,260,878119,5,4,1,2,0,1,0,1,0,20,0.033333333,0,0,0,0,0,0,0,0,0,0,3,4,0
76151,161,334927,7,40,9,27,0,2,0,20,2,7,0.1,0,0,0,0,0,0,0,0,0,0,19,13,0
76160,407,42723,3,15,2,6,0,5,0,5,2,6,0.033333333,0,0,0,0,0,15,0,0,0,0,8,15,0
76161,18,334927,1,18,8,4,0,2,1,3,2,7,0.033333333,0,0,0,0,0,0,0,0,0,0,8,18,0
76164,61,457932,1,61,10,21,2,14,0,14,10,21,0.1,0,0,0,7,0,0,0,0,0,0,31,39,0
76170,13,878119,1,13,2,5,0,3,0,6,1,20,0.066666667,0,0,0,0,0,0,0,0,0,0,7,10,3
76175,11,86829,1,11,2,5,0,3,0,4,1,63,0.033333333,0,0,0,0,0,11,0,0,0,0,8,11,0
76183,1,457932,1,1,1,0,0,0,0,0,0,21,0.033333333,0,0,0,1,0,0,0,0,0,0,1,1,0
76186,18,43183,4,4,4,0,0,0,0,0,0,24,0.033333333,0,0,0,0,0,0,0,0,0,0,1,4,0
76189,2,334927,1,2,2,0,0,0,0,0,0,7,0.033333333,0,0,0,0,0,0,0,0,0,0,2,2,0
76201,1,42723,1,1,1,0,0,0,0,0,0,6,0.033333333,0,0,0,0,0,1,0,0,0,0,1,1,0
76205,174,878119,1,174,19,40,37,35,6,47,20,20,0.133333333,3,0,0,0,0,0,0,0,0,0,57,6,165
76206,16,878119,1,16,4,9,0,2,0,6,1,20,0.066666667,0,0,0,0,0,0,0,0,0,0,10,8,0
76207,10,878119,1,10,3,5,0,1,0,2,1,20,0.066666667,0,0,0,0,0,0,0,0,0,0,7,5,5
76221,13,127749,2,12,5,7,0,0,0,6,0,102,0.066666667,0,0,4,8,0,0,0,0,0,0,8,4,8
76225,235,247683,3,11,5,4,0,1,0,1,1,23,0.033333333,0,0,0,0,0,11,0,0,0,0,6,11,0
76230,3,334927,1,3,3,0,0,0,0,0,0,7,0.033333333,0,0,0,0,0,0,0,0,0,0,2,3,0
76239,10,878119,1,10,2,5,0,2,0,4,1,20,0.033333333,0,0,0,0,0,0,0,0,0,0,7,10,0
76250,73,334927,2,1,1,0,0,0,0,0,0,7,0.033333333,0,0,0,0,0,0,0,0,0,0,1,1,0
76258,56,878119,2,1,1,0,0,0,0,0,0,20,0.033333333,0,0,0,0,0,0,0,0,0,0,1,1,0
76263,117,878119,3,105,18,36,6,27,3,21,11,20,0.166666667,0,0,0,0,0,0,0,0,0,0,36,1,5
76270,770,34988,3,1,1,0,0,0,0,0,0,108,0.033333333,0,0,0,0,0,0,0,0,0,0,1,1,0
76280,7,260769,1,7,3,2,0,1,0,2,1,0,0.033333333,0,0,7,0,0,0,0,0,0,0,6,7,0
76295,3829,85576,10,398,33,113,158,32,7,95,6,54,0.566666667,0,18,22,21,1,22,2,0,42,0,76,185,87
76322,9,21216,1,9,5,2,0,1,0,1,1,19,0.033333333,0,0,0,0,0,0,0,0,0,0,5,9,0
76323,487,21216,2,1,1,0,0,0,0,0,0,19,0.033333333,0,0,0,0,0,0,0,0,0,0,1,1,0
76357,6,21216,1,6,2,2,0,1,0,1,1,19,0.033333333,0,0,0,0,0,0,0,0,0,0,5,6,0
76359,48,148500,1,48,10,22,0,10,0,17,6,29,0.033333333,0,0,0,0,0,0,0,48,0,0,17,48,0
76368,578,148500,2,550,20,90,130,75,65,147,68,29,0.333333333,0,155,0,0,0,0,12,34,78,0,99,106,72
76379,253,208752,1,253,14,44,44,34,1,83,51,24,0.1,0,0,0,0,0,24,173,0,56,0,74,24,173
76381,172,148039,2,157,28,36,0,27,41,28,12,18,0.3,0,22,0,0,0,38,0,11,9,0,34,17,27
76388,94,41550,1,94,9,20,0,16,0,39,20,21,0.066666667,0,0,0,0,0,0,0,0,0,0,30,29,0
76392,25,195289,1,25,11,4,0,3,2,2,2,105,0.033333333,0,0,0,0,0,0,0,25,0,0,8,25,0
76398,35,38356,2,30,4,8,2,4,0,8,7,65,0.066666667,0,0,0,0,8,22,0,0,0,0,10,8,22
76399,544,652701,2,2,2,0,0,0,0,0,0,3,0.033333333,0,0,0,0,0,0,0,0,0,0,2,2,0
76409,412,156596,9,29,6,6,2,4,0,7,6,224,0.066666667,0,0,0,0,0,0,0,0,0,0,11,1,28
76435,45,208752,1,45,3,10,5,7,0,18,9,24,0.066666667,0,0,0,0,0,0,15,30,0,0,20,15,30
76452,32,652701,1,32,10,10,0,7,0,2,0,3,0.066666667,0,0,18,0,0,0,0,0,0,0,10,14,18
76484,1990,221833,6,1022,48,148,149,121,104,345,73,58,0.366666667,0,0,101,83,0,0,0,0,0,0,114,149,456
76487,505,652701,3,92,17,36,15,5,0,7,1,3,0.233333333,24,0,16,16,0,0,0,0,0,0,20,22,3
76490,13,652701,1,13,3,5,0,3,0,2,2,3,0.033333333,0,0,13,0,0,0,0,0,0,0,9,13,0
76491,2,652701,1,2,2,0,0,0,0,0,0,3,0.033333333,0,0,2,0,0,0,0,0,0,0,2,2,0
76506,217,652701,2,213,20,57,17,41,31,15,6,3,0.3,0,0,46,0,0,0,0,8,0,0,32,27,35
76510,113,652701,6,88,4,32,4,25,4,23,18,3,0.066666667,0,0,79,0,0,0,0,0,0,0,24,9,0
76515,23,652701,1,23,3,6,0,6,0,8,6,3,0.066666667,0,0,22,0,0,0,0,0,0,0,10,1,0
76522,31,652701,1,31,9,11,0,7,3,8,0,3,0.066666667,0,0,18,13,0,0,0,0,0,0,13,18,13
76523,190,652701,2,181,29,39,19,27,16,9,7,3,0.133333333,0,0,44,0,0,0,0,0,0,0,33,28,0
76527,64,652701,2,35,4,12,0,8,0,2,1,3,0.066666667,0,0,13,0,0,0,0,0,0,0,10,22,0
76555,339,221833,1,339,6,69,52,31,20,166,32,58,0.133333333,0,0,115,0,0,0,0,0,0,0,45,42,115
76571,216,221833,2,215,23,64,19,47,10,65,15,58,0.333333333,0,15,21,0,0,0,0,0,0,0,52,52,58
76574,14,652701,1,14,2,5,0,3,1,4,3,3,0.033333333,0,0,14,0,0,0,0,0,0,0,8,14,0
76589,152,652701,1,152,16,40,24,34,11,27,17,3,0.1,0,0,104,0,0,0,0,0,0,0,31,147,0
76595,9,652701,1,9,4,2,0,1,0,2,1,3,0.033333333,0,0,9,0,0,0,0,0,0,0,8,9,0
76611,26,148039,4,14,2,6,0,4,0,2,2,18,0.033333333,0,0,0,14,0,0,0,0,0,0,7,14,0
76629,58,148039,2,1,1,0,0,0,0,0,0,18,0.033333333,0,0,0,1,0,0,0,0,0,0,1,1,0
76635,224,652701,7,60,22,22,0,10,0,5,3,3,0.2,0,0,11,19,5,0,0,0,0,0,11,19,19
76639,6,652701,1,6,2,2,0,1,0,1,1,3,0.033333333,0,0,6,0,0,0,0,0,0,0,5,6,0
76651,1,652701,1,1,1,0,0,0,0,0,0,3,0.033333333,0,0,1,0,0,0,0,0,0,0,1,1,0
76658,2,652701,1,2,2,0,0,0,0,0,0,3,0.033333333,0,0,2,0,0,0,0,0,0,0,2,2,0
76687,14,652701,1,14,4,5,0,3,0,2,2,3,0.033333333,0,0,14,0,0,0,0,0,0,0,8,14,0
76689,10,652701,1,10,5,2,0,1,0,1,1,3,0.066666667,0,0,8,0,0,0,0,0,0,0,6,2,0
76690,114,148039,2,71,4,18,6,12,11,18,6,18,0.033333333,0,0,0,71,0,0,0,0,0,0,17,71,0
76692,419,652701,3,1,1,0,0,0,0,0,0,3,0.033333333,0,0,1,0,0,0,0,0,0,0,1,1,0
76701,123,652701,1,123,13,35,15,23,8,15,6,3,0.133333333,0,0,39,0,0,0,0,0,0,0,23,63,2
76705,184,652701,1,184,17,48,20,36,13,10,3,3,0.1,0,0,42,0,0,0,0,0,0,0,32,184,0
76708,199,652701,1,199,32,51,9,39,7,22,16,3,0.166666667,0,0,74,0,0,0,0,0,0,0,34,50,119
76712,159,652701,2,158,14,53,9,38,2,24,16,3,0.233333333,0,39,14,0,63,14,0,4,0,0,36,75,53
76721,68,221833,1,68,2,14,3,12,5,29,7,58,0.066666667,0,0,42,0,0,0,0,0,0,0,18,26,0
76736,630,652701,2,167,12,63,7,46,3,26,13,3,0.233333333,0,52,2,0,0,15,0,0,69,0,36,13,0
76756,401,652701,1,401,45,97,7,68,108,44,29,3,0.233333333,0,0,104,0,0,0,0,0,0,0,36,27,0
76757,107,652701,1,107,17,39,8,17,4,21,7,3,0.133333333,0,0,55,0,0,0,0,0,0,0,23,42,9
76761,5,148039,1,5,2,1,0,1,0,1,1,18,0.033333333,0,0,0,5,0,0,0,0,0,0,5,5,0
76769,14,41550,1,14,9,3,0,2,0,2,0,21,0.033333333,14,0,0,0,0,0,0,0,0,0,5,14,0
76775,226,41550,4,16,2,6,0,3,0,7,2,21,0.033333333,16,0,0,0,0,0,0,0,0,0,10,16,0
76780,89,652701,2,51,8,20,0,14,0,10,9,3,0.166666667,0,0,6,0,16,0,0,17,10,0,23,18,0
76793,94,652701,1,94,13,47,6,14,2,36,9,3,0.1,0,0,26,0,36,0,0,0,0,0,23,32,26
76798,14,652701,1,14,2,6,0,2,0,2,0,3,0.066666667,0,0,6,0,0,0,0,0,0,0,7,8,0
76799,180,41550,4,1,1,0,0,0,0,0,0,21,0.033333333,1,0,0,0,0,0,0,0,0,0,1,1,0
76804,64,652701,3,1,1,0,0,0,0,0,0,3,0.033333333,0,0,1,0,0,0,0,0,0,0,1,1,0
76816,4,652701,1,4,3,0,0,0,0,0,0,3,0.033333333,0,0,4,0,0,0,0,0,0,0,4,4,0
76858,440,148039,4,183,14,56,29,39,0,52,16,18,0.366666667,0,10,16,13,0,7,0,0,0,0,28,38,16
76865,2,652701,1,2,2,0,0,0,0,0,0,3,0.066666667,0,0,1,1,0,0,0,0,0,0,1,1,1
76869,262,652701,2,49,7,24,4,7,4,10,1,3,0.166666667,0,20,9,0,0,0,0,0,0,0,13,21,0
76870,110,652701,1,110,16,22,0,14,44,4,3,3,0.166666667,0,0,15,0,0,0,0,0,0,0,17,3,15
76876,5,148039,2,4,4,0,0,0,0,0,0,18,0.033333333,0,0,0,4,0,0,0,0,0,0,2,4,0
76906,148,652701,1,148,16,27,0,19,69,13,9,3,0.1,0,0,0,41,39,0,0,0,0,0,23,109,39
76916,51,652701,1,51,7,20,0,15,0,14,8,3,0.066666667,0,0,0,46,0,0,0,0,0,0,15,5,0
76917,89,652701,2,84,13,35,3,20,0,16,11,3,0.233333333,9,9,0,40,7,0,0,4,0,0,24,21,9
76920,11,148039,1,11,2,4,0,3,0,3,2,18,0.033333333,0,0,0,11,0,0,0,0,0,0,8,11,0
76938,7,21216,1,7,2,3,0,1,0,2,1,19,0.033333333,0,0,7,0,0,0,0,0,0,0,6,7,0
76948,341,21216,2,5,1,3,0,1,0,2,0,19,0.033333333,0,0,0,0,0,0,0,0,0,0,4,5,0
76950,84,148500,1,84,3,33,0,28,1,28,19,29,0.1,0,0,0,19,7,0,0,0,0,0,41,58,0
76952,21,21560,1,21,8,3,0,2,4,3,2,9,0.066666667,0,0,0,2,0,0,0,19,0,0,10,2,0
76961,15,21216,1,15,5,5,0,3,0,2,2,19,0.033333333,0,0,0,0,0,0,0,0,0,0,8,15,0
76974,8,21216,1,8,4,2,0,1,0,1,1,19,0.033333333,0,0,0,0,0,0,0,0,0,0,5,8,0
76976,8,878119,1,8,3,4,0,0,1,1,0,20,0.033333333,0,0,0,0,0,0,8,0,0,0,5,8,0
76977,61,878119,1,61,9,21,16,3,0,18,1,20,0.066666667,0,0,0,0,0,0,29,32,0,0,20,29,32
76979,9,878119,1,9,4,3,0,2,0,2,0,20,0.033333333,0,0,0,0,0,0,9,0,0,0,6,9,0
77002,111,878119,1,111,10,46,45,2,0,41,0,20,0.1,0,19,0,0,0,0,71,0,0,0,32,92,0
77014,84,878119,1,84,7,36,1,23,1,31,12,20,0.1,0,0,0,0,0,14,23,0,0,0,27,47,0
77023,3,21216,1,3,3,0,0,0,0,0,0,19,0.033333333,0,0,0,0,0,0,0,0,0,0,2,3,0
77029,5,43183,1,5,1,3,0,1,0,2,0,24,0.033333333,0,0,0,0,0,0,0,0,5,0,4,5,0
77031,45,148500,1,45,4,28,3,3,0,14,4,29,0.033333333,0,0,0,0,0,0,0,0,0,0,18,45,0
77039,17,878119,1,17,9,4,0,1,1,1,0,20,0.033333333,0,0,0,0,0,0,17,0,0,0,7,17,0
77051,10,878119,1,10,2,6,0,2,0,5,0,20,0.133333333,0,0,0,0,7,1,1,0,0,0,6,1,0
77053,20,878119,1,20,4,6,1,5,0,6,2,20,0.066666667,0,0,0,0,0,0,18,0,0,0,11,2,18
77059,7,878119,1,7,7,0,0,0,0,0,0,20,0.033333333,0,0,0,0,0,0,7,0,0,0,5,7,0
77064,2,148500,1,2,2,0,0,0,0,0,0,29,0.033333333,0,0,0,0,0,0,0,0,0,0,2,2,0
77075,26,878119,1,26,2,13,0,6,0,12,5,20,0.033333333,0,0,0,0,0,0,26,0,0,0,10,26,0
77082,20,21216,1,20,4,7,0,5,0,8,0,19,0.033333333,0,0,0,0,0,0,0,0,0,0,6,20,0
77083,11,878119,1,11,4,3,0,2,0,3,1,20,0.033333333,0,0,0,0,0,0,11,0,0,0,7,11,0
77085,207,21216,2,1,1,0,0,0,0,0,0,19,0.033333333,0,0,0,0,0,0,0,0,0,0,1,1,0
77092,1,21560,1,1,1,0,0,0,0,0,0,9,0.033333333,0,0,0,1,0,0,0,0,0,0,1,1,0
77096,1,21560,1,1,1,0,0,0,0,0,0,9,0.033333333,0,0,0,1,0,0,0,0,0,0,1,1,0
77097,3351,21560,8,3,3,0,0,0,0,0,0,9,0.066666667,0,0,0,1,0,0,0,0,0,0,2,2,0
77098,191,878119,1,191,19,123,22,6,8,104,2,20,0.133333333,0,0,0,48,0,0,67,0,0,0,43,94,30
77110,180,21216,6,22,7,8,0,5,0,2,2,19,0.066666667,0,0,0,0,0,0,0,0,0,0,7,15,0
77114,6,878119,1,6,4,0,0,0,1,0,0,20,0.033333333,0,0,0,0,0,0,6,0,0,0,5,6,0
77132,25,43183,1,25,1,4,0,3,0,11,9,24,0.033333333,0,0,0,0,0,0,0,0,25,0,12,25,0
77139,1,878119,1,1,1,0,0,0,0,0,0,20,0.033333333,0,0,0,0,0,0,1,0,0,0,1,1,0
77145,13,878119,1,13,3,6,0,1,2,5,1,20,0.033333333,0,0,0,0,0,0,13,0,0,0,7,13,0
77151,4,148500,3,2,2,0,0,0,0,0,0,29,0.033333333,0,0,0,0,0,0,0,0,0,0,1,2,0
77152,4,878119,3,1,1,0,0,0,0,0,0,20,0.033333333,0,0,0,0,0,0,1,0,0,0,1,1,0
77202,294,74042,3,12,2,4,0,3,0,3,3,27,0.033333333,0,0,0,0,0,0,0,0,0,0,7,12,0
77209,110,652701,6,28,2,4,17,2,0,0,0,3,0.033333333,0,0,0,0,0,0,0,0,0,0,7,28,0
77225,1098,148039,4,20,4,9,0,4,0,6,3,18,0.033333333,0,0,0,0,0,0,0,0,0,0,9,20,0
77229,6,156596,1,6,3,1,0,1,0,1,1,224,0.033333333,0,0,0,0,0,0,0,0,0,0,5,6,0
77240,244,208752,2,1,1,0,0,0,0,0,0,24,0.033333333,0,0,0,0,0,0,0,1,0,0,1,1,0
77245,17,652701,1,17,8,4,0,2,0,0,0,3,0.066666667,0,0,0,0,0,0,0,0,0,0,8,9,8
77250,161,156596,1,161,5,19,76,15,0,42,5,224,0.133333333,0,0,0,0,0,0,0,0,0,0,50,30,0
77256,20,221833,1,20,6,6,0,4,1,3,3,58,0.033333333,0,0,0,0,0,0,0,0,0,0,10,20,0
77262,20,195289,1,20,6,3,0,2,6,2,0,105,0.033333333,0,0,0,0,0,0,0,0,20,0,6,20,0
77280,16,74042,1,16,4,4,0,3,1,3,3,27,0.033333333,0,0,0,0,0,0,0,0,0,16,11,16,0
77292,9,74042,1,9,2,3,0,2,0,2,2,27,0.033333333,0,0,0,0,0,0,0,0,0,9,7,9,0
77293,247,74042,1,247,10,54,47,44,67,38,10,27,0.066666667,0,0,0,0,0,0,0,0,145,102,41,145,102
77296,1,74042,1,1,1,0,0,0,0,0,0,27,0.033333333,0,0,0,0,0,0,0,0,0,1,1,1,0
77307,2095,74042,10,1,1,0,0,0,0,0,0,27,0.033333333,0,0,0,0,0,0,0,0,0,1,1,1,0
77321,358,261579,2,298,18,83,42,64,43,57,34,5,0.333333333,0,0,0,0,0,0,20,0,0,47,69,63,98
77329,19,399092,1,19,3,7,0,6,0,6,3,101,0.033333333,0,0,0,0,0,0,0,0,0,0,9,19,0
77339,571,399092,3,5,3,2,0,0,0,1,0,101,0.066666667,0,0,0,0,0,0,0,0,0,0,3,4,1
77343,11,399092,1,11,6,2,0,1,1,1,0,101,0.033333333,0,0,0,0,0,0,0,0,0,0,7,11,0
77382,16,502584,2,6,2,2,0,1,0,1,1,143,0.033333333,0,0,0,0,0,0,0,0,0,0,5,6,0
77400,45,261579,5,23,4,8,0,6,0,5,5,5,0.066666667,0,0,0,0,0,0,0,0,0,0,12,12,11
77401,107,502584,2,16,3,4,0,1,1,8,1,143,0.066666667,0,0,0,0,0,0,0,0,0,0,5,13,3
77404,3,261579,1,3,3,0,0,0,0,0,0,5,0.033333333,0,0,0,0,0,0,0,0,0,0,2,3,0
77416,167,502584,2,66,8,15,4,10,9,17,5,143,0.066666667,0,0,0,0,0,0,0,0,0,0,12,51,15
77432,28,502584,1,28,5,10,3,1,2,10,1,143,0.066666667,0,0,0,0,0,0,0,0,0,0,12,11,0
77441,47,399092,2,46,3,20,0,15,0,11,8,101,0.133333333,0,0,0,0,0,0,0,0,0,0,11,20,13
77442,140,502584,3,60,10,18,0,9,6,16,5,143,0.133333333,0,0,0,0,0,0,0,0,0,0,9,37,8
77455,29,24979,1,29,8,8,0,6,1,5,5,25,0.033333333,0,0,0,0,0,0,0,0,0,0,14,29,0
77476,25,261579,1,25,2,20,0,0,1,20,0,5,0.033333333,0,0,0,0,0,0,0,0,0,0,8,25,0
77478,61,399092,1,61,5,13,24,2,4,16,2,101,0.066666667,0,0,0,0,0,0,0,0,0,0,18,15,0
77489,1,399092,1,1,1,0,0,0,0,0,0,101,0.033333333,0,0,0,0,0,0,0,0,0,0,1,1,0
77494,147,502584,1,147,25,31,34,19,2,29,9,143,0.133333333,0,0,0,0,0,0,0,0,0,0,27,42,92
77507,2,399092,1,2,2,0,0,0,0,0,0,101,0.033333333,0,0,0,0,0,0,0,0,0,0,2,2,0
77508,7,261579,1,7,2,3,0,1,0,2,1,5,0.033333333,0,0,0,0,0,0,0,0,0,0,5,7,0
77529,8,261579,2,7,2,3,0,2,0,2,0,5,0.066666667,0,0,0,0,0,0,0,0,0,0,5,6,0
77536,25,261579,1,25,10,2,0,1,8,1,1,5,0.033333333,0,0,0,0,0,0,0,0,0,0,9,25,0
77540,18,502584,1,18,2,7,0,5,0,4,4,143,0.033333333,0,0,0,0,0,0,0,0,0,0,9,18,0
77548,73,261579,3,12,2,4,0,3,0,6,0,5,0.033333333,0,0,0,0,0,0,0,0,0,0,5,12,0
77557,10,24979,1,10,3,3,0,2,0,2,2,25,0.033333333,0,0,0,0,0,0,0,0,0,0,4,10,0
77583,2,261579,2,1,1,0,0,0,0,0,0,5,0.033333333,0,0,0,0,0,0,0,0,0,0,1,1,0
77587,6,261579,2,3,3,0,0,0,0,0,0,5,0.066666667,0,0,0,0,0,0,0,0,0,0,2,2,0
77588,5,261579,1,5,2,3,0,0,0,2,0,5,0.033333333,0,0,0,0,0,0,0,0,0,0,4,5,0
77589,8,24979,1,8,8,0,0,0,0,0,0,25,0.033333333,0,0,0,0,0,0,0,0,0,0,3,8,0
77592,7,502584,1,7,2,3,0,1,0,2,1,143,0.033333333,0,0,0,0,0,0,0,0,0,0,5,7,0
77595,1,399092,1,1,1,0,0,0,0,0,0,101,0.033333333,0,0,0,0,0,0,0,0,0,0,1,1,0
77609,57,399092,4,15,8,4,0,2,0,2,1,101,0.066666667,0,0,0,0,0,0,0,0,0,0,7,11,0
77610,17,399092,2,12,2,5,0,4,0,4,1,101,0.033333333,0,0,0,0,0,0,0,0,0,0,8,12,0
77627,7,399092,1,7,7,0,0,0,0,0,0,101,0.066666667,0,0,0,0,0,0,0,0,0,0,2,3,0
77632,63,502584,1,63,8,8,13,5,12,15,2,143,0.066666667,0,0,0,0,0,0,0,0,0,0,12,9,0
77643,2,261579,1,2,2,0,0,0,0,0,0,5,0.033333333,0,0,0,0,0,0,0,0,0,0,2,2,0
77645,19,399092,2,9,1,4,0,3,0,3,1,101,0.033333333,0,0,0,0,0,0,0,0,0,0,6,9,0
77652,18,399092,1,18,9,6,0,1,1,3,1,101,0.066666667,0,0,0,0,0,0,0,0,0,0,8,4,14
77658,1,399092,1,1,1,0,0,0,0,0,0,101,0.033333333,0,0,0,0,0,0,0,0,0,0,1,1,0
77670,28,261579,1,28,6,7,0,6,0,5,5,5,0.066666667,0,0,0,0,0,0,0,0,0,0,14,11,0
77703,236,261579,2,215,15,90,11,46,10,83,32,5,0.1,0,0,0,0,0,0,0,0,0,0,65,141,74
77704,171,502584,4,23,3,9,0,6,0,5,4,143,0.033333333,0,0,0,0,0,0,0,0,0,0,9,23,0
77708,361,399092,1,361,24,62,149,4,4,122,3,101,0.166666667,0,0,0,81,31,0,0,0,180,0,71,100,31
77728,20,502584,2,1,1,0,0,0,0,0,0,143,0.033333333,0,0,0,0,0,0,0,0,0,0,1,1,0
77729,24,261579,1,24,3,9,0,6,0,6,5,5,0.033333333,0,0,0,0,0,0,0,0,0,0,14,24,0
77740,3,399092,1,3,3,0,0,0,0,0,0,101,0.033333333,0,0,0,0,0,0,0,0,0,0,1,3,0
77747,130,261579,2,6,3,1,0,1,0,1,1,5,0.033333333,0,0,0,0,0,0,0,0,0,0,6,6,0
77761,264,399092,1,264,8,30,69,25,4,81,12,101,0.233333333,0,0,0,0,0,0,0,0,0,0,34,16,28
77764,84,502584,3,31,5,14,0,7,0,9,5,143,0.1,0,0,0,0,0,0,0,0,0,0,13,11,14
77766,2,261579,1,2,2,0,0,0,0,0,0,5,0.033333333,0,0,0,0,0,0,0,0,0,0,2,2,0
77770,2,399092,1,2,2,0,0,0,0,0,0,101,0.033333333,0,0,0,0,0,0,0,0,0,0,1,2,0
77776,115,261579,1,115,17,19,49,14,11,8,2,5,0.166666667,15,0,0,0,0,0,0,0,0,13,21,19,70
77788,4,399092,2,2,2,0,0,0,0,0,0,101,0.033333333,0,0,0,0,0,0,0,0,0,0,2,2,0
77820,7,399092,1,7,1,3,0,2,0,2,1,101,0.033333333,0,0,0,0,0,0,0,0,0,0,5,7,0
77821,1,24979,1,1,1,0,0,0,0,0,0,25,0.033333333,0,0,0,0,0,0,0,0,0,0,1,1,0
77828,1,502584,1,1,1,0,0,0,0,0,0,143,0.033333333,0,0,0,0,0,0,0,0,0,0,1,1,0
77846,38,261579,2,37,8,21,0,2,2,11,2,5,0.066666667,0,0,0,0,0,0,0,0,5,32,14,5,32
77851,36,457932,3,27,11,7,2,1,6,6,0,21,0.066666667,0,0,0,0,0,0,0,0,0,0,11,15,0
77855,604,260769,2,290,21,62,93,46,9,56,36,0,0.166666667,0,0,0,0,0,0,0,0,0,0,61,129,0
77869,238,334927,6,2,2,0,0,0,0,0,0,7,0.033333333,0,0,0,0,0,0,0,0,0,0,2,2,0
77870,142,334927,2,113,4,30,6,25,27,23,19,7,0.1,0,0,0,0,0,0,0,0,0,0,24,43,50
77871,238,457932,6,10,2,3,3,1,0,2,0,21,0.033333333,0,0,0,0,0,0,0,0,0,0,6,10,0
77874,7,188602,1,7,2,2,0,1,1,1,1,96,0.033333333,0,0,0,0,0,0,0,0,0,0,5,7,0
77883,5710,260769,25,591,53,183,0,103,107,181,67,0,0.366666667,0,0,11,0,0,0,0,0,0,0,96,315,26
77886,31,250865,1,31,7,12,0,7,0,7,3,34,0.066666667,0,0,0,0,0,0,0,0,0,0,15,31,0
77895,3161,85576,9,402,34,82,200,36,0,55,11,54,0.3,0,5,81,0,0,0,10,0,0,0,61,14,107
77897,153,86829,1,153,16,58,39,12,0,61,1,63,0.066666667,8,0,0,0,0,0,0,0,0,0,32,145,8
77906,2,127749,1,2,2,0,0,0,0,0,0,102,0.033333333,0,0,0,0,0,0,0,0,0,0,2,2,0
77914,29,457932,1,29,2,9,3,8,0,8,7,21,0.033333333,0,0,0,0,0,0,0,0,0,0,19,29,0
77917,238,127749,3,1,1,0,0,0,0,0,0,102,0.033333333,0,0,0,0,0,0,0,0,0,0,1,1,0
77923,5710,43183,25,65,15,4,0,2,43,0,0,24,0.2,0,0,0,0,0,19,0,0,0,0,7,29,1
77931,43,261579,5,12,8,2,0,1,0,1,1,5,0.033333333,0,0,0,0,0,0,0,0,0,12,7,12,0
77953,191,502584,3,153,33,55,0,37,2,31,21,143,0.133333333,57,65,13,18,0,0,0,0,0,0,31,57,65
77990,6,334927,1,6,2,2,0,1,0,1,1,7,0.033333333,0,0,0,0,0,0,0,0,0,0,5,6,0
78002,233,334927,3,11,3,5,0,2,0,2,1,7,0.066666667,0,0,0,0,0,0,0,0,0,0,5,6,5
78005,261,457932,9,1,1,0,0,0,0,0,0,21,0.033333333,0,0,0,0,0,0,0,0,0,0,1,1,0
78007,43,399092,5,1,1,0,0,0,0,0,0,101,0.033333333,0,0,1,0,0,0,0,0,0,0,1,1,0
78008,43,43183,5,1,1,0,0,0,0,0,0,24,0.033333333,0,0,0,0,0,0,0,0,0,0,1,1,0
78014,20,457932,1,20,7,8,3,0,1,5,0,21,0.1,4,0,0,0,0,0,0,0,0,0,11,14,0
78017,458,261579,5,86,11,24,1,12,36,11,1,5,0.166666667,0,21,0,0,8,0,0,0,0,12,12,16,12
78020,2,250865,2,1,1,0,0,0,0,0,0,34,0.033333333,0,0,0,0,0,0,0,0,0,0,1,1,0
78021,2,261579,2,1,1,0,0,0,0,0,0,5,0.033333333,0,0,0,0,0,0,0,0,0,1,1,1,0
78034,27,250865,2,1,1,0,0,0,0,0,0,34,0.033333333,0,0,0,0,0,0,0,0,0,0,1,1,0
78051,11,502584,1,11,5,2,0,1,0,1,1,143,0.066666667,0,0,0,1,0,0,0,0,0,0,6,10,0
78054,190,250865,3,1,1,0,0,0,0,0,0,34,0.033333333,0,0,0,0,0,0,0,0,0,0,1,1,0
78060,917,260769,9,268,21,97,32,36,18,86,21,0,0.333333333,0,0,0,0,0,0,2,0,0,0,40,12,8
78062,34,334927,1,34,7,11,4,5,3,6,1,7,0.033333333,0,0,0,0,0,0,0,0,0,0,10,34,0
78095,80,346877,1,80,14,20,26,3,3,24,0,9,0.233333333,0,0,0,0,0,0,0,0,0,0,15,59,7
78102,13,85576,1,13,6,4,0,1,1,1,1,54,0.033333333,0,0,0,0,0,0,0,0,0,0,7,13,0
78103,10,502584,1,10,3,5,0,1,0,2,1,143,0.033333333,0,0,0,10,0,0,0,0,0,0,7,10,0
78108,81,247683,8,16,1,7,0,4,0,6,4,23,0.033333333,0,0,0,0,0,0,0,0,0,0,7,16,0
78114,10,140022,1,10,2,4,0,2,0,3,2,232,0.033333333,0,0,0,0,0,0,0,0,0,0,7,10,0
78130,10,457932,1,10,2,5,1,1,0,4,1,21,0.033333333,0,0,0,0,0,0,0,0,0,0,8,10,0
78147,27,46603,5,1,1,0,0,0,0,0,0,5,0.033333333,0,0,0,0,0,0,0,0,0,0,1,1,0
78148,27,261579,5,1,1,0,0,0,0,0,0,5,0.033333333,0,0,0,0,0,0,0,0,0,1,1,1,0
78161,1,399092,1,1,1,0,0,0,0,0,0,101,0.033333333,0,0,1,0,0,0,0,0,0,0,1,1,0
78175,31,260769,3,7,2,3,0,1,0,2,1,0,0.033333333,0,0,0,0,0,0,0,0,0,0,6,7,0
78179,90,334927,1,90,13,41,6,2,15,40,0,7,0.066666667,0,0,0,0,0,0,0,0,0,0,16,85,0
78184,4,43183,4,1,1,0,0,0,0,0,0,24,0.033333333,0,0,0,0,0,0,0,0,0,0,1,1,0
78192,33,334927,2,23,3,7,6,0,4,4,0,7,0.033333333,0,0,0,0,0,0,0,0,0,0,8,23,0
78205,11,261579,3,1,1,0,0,0,0,0,0,5,0.033333333,0,0,0,0,0,0,0,0,0,1,1,1,0
78207,172,346877,1,172,23,68,45,1,6,44,0,9,0.3,3,0,20,16,0,0,5,0,0,0,30,53,81
78209,33,502584,2,3,3,0,0,0,0,0,0,143,0.033333333,0,0,0,3,0,0,0,0,0,0,1,3,0
78210,31,34988,1,31,7,14,0,7,0,3,3,108,0.033333333,0,0,0,0,0,0,0,0,0,0,8,31,0
78218,333,502584,8,125,6,22,22,14,0,48,13,143,0.1,0,0,0,24,1,0,0,0,0,0,27,100,0
78258,2,334927,1,2,2,0,0,0,0,0,0,7,0.033333333,0,0,0,0,0,0,0,0,0,0,2,2,0
78280,36,261579,8,2,2,0,0,0,0,0,0,5,0.066666667,0,0,0,0,0,0,0,0,1,1,1,1,1
78286,72,261579,4,1,1,0,0,0,0,0,0,5,0.033333333,0,0,0,0,0,0,0,0,0,1,1,1,0
78297,1,110497,1,1,1,0,0,0,0,0,0,24,0.033333333,0,0,0,0,0,0,0,0,0,0,1,1,0
78305,9,334927,1,9,9,0,0,0,0,0,0,7,0.033333333,0,0,0,0,0,0,0,0,0,0,3,9,0
78314,6,502584,5,2,2,0,0,0,0,0,0,143,0.033333333,0,0,0,2,0,0,0,0,0,0,1,2,0
78325,42,247683,7,1,1,0,0,0,0,0,0,23,0.033333333,0,0,0,0,0,0,0,0,0,0,1,1,0
78327,261,85576,9,1,1,0,0,0,0,0,0,54,0.033333333,0,0,0,0,0,0,0,0,0,0,1,1,0
78341,9,334927,1,9,4,2,0,1,1,1,1,7,0.033333333,0,0,0,0,0,0,0,0,0,0,5,9,0
78344,7,46603,2,1,1,0,0,0,0,0,0,5,0.033333333,0,0,0,0,0,0,0,0,0,0,1,1,0
78368,20,457932,3,13,2,4,2,3,0,3,2,21,0.033333333,0,0,0,0,0,0,0,0,0,0,9,13,0
78371,34,261579,2,17,5,10,0,1,0,2,1,5,0.066666667,0,0,0,0,0,0,0,0,12,5,6,12,5
78414,13,127749,1,13,12,0,0,0,0,0,0,102,0.066666667,0,0,0,0,0,0,0,0,0,0,5,11,0
78420,85,457932,1,85,10,28,0,24,0,20,16,21,0.066666667,0,0,0,0,0,0,0,0,0,0,41,46,39
78426,94,250865,2,69,8,27,19,2,1,26,0,34,0.166666667,39,0,0,0,0,1,0,0,0,0,13,19,0
78436,3,260769,1,3,1,2,0,0,0,1,0,0,0.033333333,0,0,0,0,0,0,0,0,0,0,3,3,0
78455,186,399092,2,177,8,30,31,2,24,68,2,101,0.1,0,0,44,0,0,0,0,0,68,65,34,109,0
78464,39,188602,3,18,5,4,0,1,6,1,1,96,0.066666667,0,0,0,0,0,0,0,0,0,0,8,5,0
78467,171,85168,2,166,8,23,55,17,0,38,9,139,0.133333333,0,0,0,0,0,0,0,0,0,0,46,25,125
78479,262,247683,1,262,34,73,20,63,52,57,17,23,0.266666667,20,0,19,45,0,0,0,0,0,0,66,53,89
78486,5,334927,4,1,1,0,0,0,0,0,0,7,0.033333333,0,0,0,0,0,0,0,0,0,0,1,1,0
78487,1,27035,1,1,1,0,0,0,0,0,0,60,0.033333333,0,0,0,0,0,0,0,0,0,0,1,1,0
78490,84,110497,4,47,8,8,0,6,19,7,2,24,0.1,0,0,0,0,0,0,0,0,0,0,14,1,0
78497,30,334927,2,23,12,4,0,2,0,4,3,7,0.066666667,0,0,0,0,0,0,0,0,0,0,11,7,16
78511,138,127749,3,43,5,18,0,13,0,13,7,102,0.133333333,0,0,0,0,0,0,0,0,0,0,17,2,0
78520,278,457932,10,1,1,0,0,0,0,0,0,21,0.033333333,0,0,0,0,0,0,0,0,0,0,1,1,0
78523,1595,457932,6,217,17,73,21,60,6,49,38,21,0.2,49,0,0,0,0,0,0,12,0,0,58,142,0
78527,278,247683,10,7,4,1,0,1,0,1,1,23,0.066666667,0,0,0,0,0,0,0,0,0,0,6,6,0
78531,34,457932,1,34,1,15,2,8,0,14,8,21,0.033333333,0,0,0,0,0,0,0,0,0,0,12,34,0
78542,15,334927,1,15,2,5,0,4,0,4,4,7,0.033333333,0,0,0,0,0,0,0,0,0,0,11,15,0
78560,151,457932,3,8,1,7,0,0,0,6,0,21,0.033333333,0,0,0,0,0,0,0,0,0,0,6,8,0
78561,16,247683,1,16,2,4,0,3,6,3,1,23,0.033333333,0,0,0,0,0,0,0,0,0,0,7,16,0
78564,583,127749,3,185,32,59,56,10,13,39,5,102,0.133333333,0,0,0,0,0,0,0,0,0,0,45,6,132
78567,23,399092,2,11,2,4,0,3,0,3,2,101,0.033333333,0,0,11,0,0,0,0,0,0,0,8,11,0
78572,87,334927,1,87,10,34,0,17,14,27,11,7,0.133333333,0,0,0,0,0,0,0,0,0,0,21,20,0
78575,7,334927,1,7,2,3,0,1,0,2,1,7,0.033333333,0,0,0,0,0,0,0,0,0,0,6,7,0
78588,84,250865,2,77,8,25,0,16,25,11,0,34,0.1,0,0,0,0,0,0,0,0,0,0,8,70,0
78594,605,457932,4,13,1,4,5,2,0,3,1,21,0.033333333,0,0,0,0,0,0,0,0,0,0,6,13,0
78595,4,334927,1,4,2,2,0,0,0,1,0,7,0.033333333,0,0,0,0,0,0,0,0,0,0,3,4,0
78601,1,110497,1,1,1,0,0,0,0,0,0,24,0.033333333,0,0,0,0,0,0,0,0,0,0,1,1,0
78606,605,399092,4,17,1,9,0,6,0,8,1,101,0.033333333,0,0,17,0,0,0,0,0,0,0,8,17,0
78615,822,457932,3,240,31,71,47,35,22,59,20,21,0.166666667,0,0,0,0,0,0,0,0,0,0,59,135,100
78622,6,85576,5,2,2,0,0,0,0,0,0,54,0.066666667,0,0,0,0,0,0,0,0,0,0,1,1,1
78625,226,457932,1,226,16,35,6,6,155,24,4,21,0.1,0,0,0,0,0,0,0,0,0,0,30,89,0
78628,4,334927,3,2,2,0,0,0,0,0,0,7,0.033333333,0,0,0,0,0,0,0,0,0,0,1,2,0
78632,4,43183,3,1,1,0,0,0,0,0,0,24,0.033333333,0,0,0,0,0,0,0,0,0,0,1,1,0
78635,6,334927,5,1,1,0,0,0,0,0,0,7,0.033333333,0,0,0,0,0,0,0,0,0,0,1,1,0
78641,3161,457932,9,133,14,45,20,30,0,23,17,21,0.166666667,4,0,0,0,0,0,0,0,0,0,37,46,0
78645,48,188602,1,48,10,21,0,9,1,16,7,96,0.066666667,0,0,0,0,0,0,0,0,0,0,16,30,0
78651,40,260769,3,1,1,0,0,0,0,0,0,0,0.033333333,0,0,0,0,0,0,0,0,0,0,1,1,0
78656,6,399092,1,6,5,0,0,0,1,0,0,101,0.033333333,0,0,6,0,0,0,0,0,0,0,4,6,0
78661,65,261579,5,5,1,3,0,1,0,2,0,5,0.033333333,0,0,0,0,0,0,0,0,0,5,3,5,0
78675,382,457932,3,129,6,41,21,31,0,35,27,21,0.2,36,0,0,0,0,0,0,0,0,0,45,34,15
78684,21,399092,1,21,15,2,0,2,0,2,1,101,0.1,0,0,5,0,0,0,1,0,0,0,8,15,5
78687,231,334927,2,1,1,0,0,0,0,0,0,7,0.033333333,0,0,0,0,0,0,0,0,0,0,1,1,0
78690,415,247683,6,10,8,1,0,1,0,1,0,23,0.033333333,0,0,0,0,0,0,0,0,0,0,4,10,0
78691,244,127749,2,163,7,23,83,19,2,21,11,102,0.1,0,0,0,0,0,0,0,0,0,0,44,52,62
78708,1094,43183,7,272,25,32,20,19,140,44,0,24,0.2,0,0,0,0,0,0,0,0,0,0,20,151,80
78718,12,334927,1,12,6,5,0,1,0,2,0,7,0.066666667,0,0,0,0,0,0,0,0,0,0,5,6,6
78720,8,261579,3,1,1,0,0,0,0,0,0,5,0.033333333,0,0,0,0,0,0,0,0,0,1,1,1,0
78724,201,502584,2,61,6,22,12,1,5,24,2,143,0.1,0,0,0,1,0,0,0,57,0,0,20,60,0
78726,1,334927,1,1,1,0,0,0,0,0,0,7,0.033333333,0,0,0,0,0,0,0,0,0,0,1,1,0
78728,25,110497,3,7,3,2,0,1,0,1,1,24,0.033333333,0,0,0,0,0,0,0,0,0,0,5,7,0
78730,186,334927,2,42,6,16,0,8,5,14,7,7,0.1,0,0,0,0,0,0,0,0,0,0,15,16,26
78739,94,457932,4,60,9,26,18,1,0,18,1,21,0.066666667,0,0,0,0,0,0,0,0,0,0,22,53,0
78750,1,110497,1,1,1,0,0,0,0,0,0,24,0.033333333,0,0,0,0,0,0,0,0,0,0,1,1,0
78756,5,334927,2,2,2,0,0,0,0,0,0,7,0.033333333,0,0,0,0,0,0,0,0,0,0,1,2,0
78760,631,502584,2,625,22,88,131,66,37,220,52,143,0.3,0,0,0,111,1,59,168,68,76,55,101,117,101
78767,84,457932,3,26,2,11,0,8,0,8,5,21,0.066666667,0,8,0,0,0,0,0,0,0,0,11,18,0
78806,1,110497,1,1,1,0,0,0,0,0,0,24,0.033333333,0,0,0,0,0,0,0,0,0,0,1,1,0
78810,100,502584,1,100,10,28,9,17,0,36,12,143,0.1,0,0,60,11,29,0,0,0,0,0,31,60,11
78820,119,247683,2,117,4,110,3,0,0,98,0,23,0.133333333,0,0,0,0,0,0,0,0,0,0,25,88,3
78822,255,127749,3,51,8,37,0,3,0,23,2,102,0.166666667,0,0,0,0,0,0,0,0,0,0,18,4,5
78836,6,457932,4,2,2,0,0,0,0,0,0,21,0.033333333,0,0,0,0,0,0,0,0,0,0,2,2,0
78840,96,502584,1,96,9,32,0,25,9,23,21,143,0.133333333,0,0,20,32,0,0,0,0,25,0,25,19,25
78843,152,127749,1,152,19,32,71,1,5,33,1,102,0.066666667,0,0,0,0,0,0,0,0,0,0,39,16,0
78860,202,27035,4,2,2,0,0,0,0,0,0,60,0.033333333,0,0,0,0,0,0,0,0,0,0,2,2,0
78873,70,457932,2,34,13,6,5,1,5,1,0,21,0.066666667,0,0,0,0,0,0,0,0,0,0,10,34,0
78892,31,188602,2,16,2,7,0,4,0,4,3,96,0.1,0,0,0,0,0,0,0,0,0,0,7,3,2
78911,339,261579,5,107,8,70,7,11,0,58,8,5,0.1,0,0,0,0,0,0,0,0,47,40,60,60,0
78913,217,457932,1,217,41,96,27,35,7,47,3,21,0.066666667,0,0,0,0,0,0,0,0,0,0,34,166,51
78923,2,127749,1,2,2,0,0,0,0,0,0,102,0.033333333,0,0,0,0,0,0,0,0,0,0,2,2,0
78932,29,261579,3,3,1,2,0,0,0,1,0,5,0.033333333,0,0,0,0,0,0,0,0,0,3,3,3,0
78940,154,457932,2,77,8,33,2,18,0,27,13,21,0.1,0,0,0,0,0,0,0,0,0,0,22,44,33
78941,28,42723,1,28,4,13,0,2,0,14,2,6,0.033333333,0,0,0,0,0,0,0,0,0,0,9,28,0
78944,2,334927,1,2,2,0,0,0,0,0,0,7,0.066666667,0,0,0,1,0,0,0,0,0,0,1,1,0
78948,66,346877,3,32,9,16,0,2,0,20,1,9,0.066666667,0,0,0,0,0,0,0,0,0,0,14,31,0
78964,13,43183,1,13,2,7,0,0,0,8,0,24,0.033333333,0,0,0,0,0,0,0,0,0,0,3,13,0
78968,693,110497,4,43,10,13,5,3,0,20,1,24,0.1,0,0,0,0,0,0,0,0,0,0,15,8,0
78984,294,86829,2,150,24,56,20,10,29,39,2,63,0.2,0,0,0,0,0,0,0,0,0,0,28,10,60
78992,424,27035,4,160,7,48,23,29,0,70,16,60,0.133333333,0,0,0,0,0,0,0,0,22,0,37,45,0
78994,27,334927,2,7,1,4,0,1,0,3,1,7,0.033333333,0,0,0,0,0,0,0,0,0,0,6,7,0
79009,268,140022,1,268,39,74,30,39,3,85,22,232,0.166666667,0,0,0,0,0,0,0,0,0,0,33,71,0
79017,32,261579,4,1,1,0,0,0,0,0,0,5,0.033333333,0,0,0,0,0,0,0,0,0,1,1,1,0
79020,266,346877,2,144,11,45,32,25,4,45,12,9,0.066666667,0,0,0,0,0,0,0,0,0,0,31,134,10
79023,540,260769,5,116,9,31,16,26,0,32,16,0,0.133333333,0,0,0,0,14,0,0,0,0,0,41,94,14
79044,11,261579,2,6,2,2,0,1,0,1,1,5,0.033333333,0,0,0,0,0,0,0,0,0,6,5,6,0
79054,72,334927,2,28,7,14,4,1,0,11,1,7,0.066666667,0,0,0,0,0,0,0,0,0,0,17,21,7
79059,212,42723,2,2,2,0,0,0,0,0,0,6,0.033333333,0,0,0,0,0,0,0,0,0,0,1,2,0
79089,70,334927,4,28,7,4,0,3,11,3,0,7,0.033333333,0,0,0,0,0,0,0,0,0,0,7,28,0
79105,194,110497,1,194,22,54,19,44,3,64,16,24,0.133333333,113,0,0,32,0,0,0,0,0,0,35,48,0
79126,57,457932,3,2,2,0,0,0,0,0,0,21,0.066666667,0,1,0,0,0,0,0,0,0,0,1,1,0
79134,215,457932,2,118,8,37,15,29,3,28,23,21,0.1,0,0,0,0,0,0,0,0,0,0,32,45,0
79147,68,250865,1,68,5,18,28,6,0,18,0,34,0.066666667,0,0,0,0,0,0,0,0,0,0,18,34,0
79154,282,457932,1,282,34,100,23,62,43,64,11,21,0.2,0,88,0,0,0,0,0,0,0,0,30,188,0
79159,844,261579,6,66,9,25,1,2,23,17,2,5,0.166666667,0,0,0,11,0,0,0,0,1,7,24,7,40
79174,8,85576,2,7,4,3,0,0,0,3,0,54,0.033333333,0,0,0,0,0,0,0,0,0,0,4,7,0
79176,62,334927,1,62,3,23,3,16,0,21,13,7,0.066666667,0,0,0,0,0,41,0,0,0,0,22,21,0
79182,119,261579,2,2,2,0,0,0,0,0,0,5,0.033333333,0,0,0,0,0,0,0,0,0,2,2,2,0
79194,1797,34988,5,3,1,2,0,0,0,1,0,108,0.033333333,0,0,0,0,0,0,0,0,0,0,3,3,0
79195,209,346877,2,1,1,0,0,0,0,0,0,9,0.033333333,0,0,0,0,0,0,0,0,0,0,1,1,0
79197,144,399092,1,144,16,0,0,0,126,0,0,101,0.1,0,0,140,0,0,2,0,0,0,0,6,2,0
79209,131,502584,5,11,2,2,0,1,0,4,1,143,0.033333333,0,0,0,11,0,0,0,0,0,0,5,11,0
79239,35,346877,3,2,2,0,0,0,0,0,0,9,0.033333333,0,0,0,0,0,0,0,0,0,0,2,2,0
79242,219,457932,2,26,7,7,2,5,1,4,3,21,0.033333333,0,0,0,0,0,0,0,0,0,0,16,26,0
79271,32,188602,2,25,3,7,11,0,0,5,0,96,0.033333333,0,0,0,0,0,0,0,0,0,0,11,25,0
79290,363,346877,5,139,11,37,31,27,7,30,12,9,0.166666667,0,0,70,0,0,0,0,0,0,0,29,61,70
79293,8,334927,1,8,2,3,0,2,0,2,1,7,0.033333333,0,0,0,0,0,0,0,0,0,0,6,8,0
79316,34,346877,3,19,4,7,0,5,0,3,3,9,0.066666667,0,0,0,0,0,0,0,0,0,0,6,9,10
79320,1,127749,1,1,1,0,0,0,0,0,0,102,0.033333333,0,0,0,0,0,0,0,0,0,0,1,1,0
79361,63,261579,2,1,1,0,0,0,0,0,0,5,0.033333333,0,0,0,0,0,0,0,0,0,1,1,1,0
79362,32,46603,4,1,1,0,0,0,0,0,0,5,0.033333333,0,0,0,0,0,0,0,0,0,0,1,1,0
79377,101,457932,1,101,19,26,8,13,22,15,6,21,0.133333333,0,0,0,4,0,0,0,0,0,0,22,93,4
79380,250,188602,2,3,3,0,0,0,0,0,0,96,0.066666667,0,0,0,0,0,0,0,0,0,0,3,1,0
79382,239,127749,2,32,12,7,0,7,1,8,4,102,0.066666667,0,0,0,0,0,0,0,0,0,0,12,8,0
79386,45,457932,1,45,11,10,3,8,6,7,4,21,0.033333333,0,0,0,0,0,0,0,0,0,0,18,45,0
79405,16,250865,1,16,3,3,0,1,0,6,1,34,0.066666667,0,0,0,0,0,0,0,0,0,0,6,15,0
79414,235,399092,1,235,37,52,38,27,11,75,24,101,0.2,0,0,43,60,30,27,0,0,19,0,31,75,43
79417,2,85576,2,1,1,0,0,0,0,0,0,54,0.033333333,0,0,0,0,0,0,0,0,0,0,1,1,0
79438,4,42723,4,1,1,0,0,0,0,0,0,6,0.033333333,1,0,0,0,0,0,0,0,0,0,1,1,0
79445,20,261579,1,20,9,5,0,3,1,2,2,5,0.066666667,0,0,0,0,0,0,9,0,0,11,9,9,0
79454,7,334927,2,6,3,1,0,1,0,1,1,7,0.033333333,0,0,0,0,0,0,0,0,0,0,6,6,0
79467,78,334927,8,28,2,16,0,6,0,15,4,7,0.166666667,0,0,0,0,0,0,0,0,0,0,11,4,2
79468,1,127749,1,1,1,0,0,0,0,0,0,102,0.033333333,0,0,0,0,0,0,0,0,0,0,1,1,0
79469,1,85576,1,1,1,0,0,0,0,0,0,54,0.033333333,0,0,0,0,0,0,0,0,0,0,1,1,0
79477,2,334927,2,1,1,0,0,0,0,0,0,7,0.033333333,0,0,0,0,0,0,0,0,0,0,1,1,0
79478,29,85576,1,29,4,2,14,1,0,6,1,54,0.033333333,0,0,0,0,0,0,0,0,0,0,9,29,0
79482,1,42723,1,1,1,0,0,0,0,0,0,6,0.033333333,1,0,0,0,0,0,0,0,0,0,1,1,0
79490,164,261579,2,90,7,39,0,25,0,28,19,5,0.133333333,0,0,0,0,0,0,0,0,0,12,38,48,12
79491,232,457932,2,170,21,33,23,2,49,25,2,21,0.2,0,0,0,0,0,0,0,0,0,0,27,45,80
79495,29,261579,2,28,9,6,0,4,3,7,4,5,0.066666667,0,0,0,0,0,0,0,0,0,21,12,7,0
79496,4,457932,2,2,2,0,0,0,0,0,0,21,0.033333333,0,0,0,0,0,0,0,0,0,0,2,2,0
79501,12,334927,1,12,4,5,0,2,0,3,1,7,0.033333333,0,0,0,0,0,0,0,0,0,0,7,12,0
79504,11,457932,3,2,2,0,0,0,0,0,0,21,0.033333333,0,0,0,0,0,0,0,0,0,0,2,2,0
79505,11,260769,3,5,2,2,0,1,0,1,0,0,0.033333333,0,0,0,0,0,0,0,0,0,0,4,5,0
79516,19,127749,1,19,3,7,0,5,0,4,4,102,0.033333333,0,0,0,0,0,0,0,0,0,0,10,19,0
79521,48,34988,4,7,2,3,0,1,0,2,1,108,0.033333333,0,0,0,0,0,0,0,0,0,0,5,7,0
79525,38,140022,4,1,1,0,0,0,0,0,0,232,0.033333333,0,0,0,0,0,0,0,0,0,0,1,1,0
79530,38,127749,4,1,1,0,0,0,0,0,0,102,0.033333333,0,0,0,0,0,0,0,0,0,0,1,1,0
79532,633,334927,3,618,63,111,44,65,294,51,9,7,0.266666667,0,88,0,0,28,0,0,0,0,0,36,198,126
79533,640,140022,1,640,17,84,226,62,18,187,20,232,0.266666667,168,0,0,0,0,0,0,0,0,0,112,118,121
79544,19,457932,1,19,2,9,4,1,0,10,0,21,0.033333333,0,0,0,0,0,0,0,0,0,0,11,19,0
79549,4,334927,1,4,2,2,0,0,0,1,0,7,0.033333333,0,0,0,0,0,0,0,0,0,0,4,4,0
79551,244,457932,1,244,21,56,23,42,61,42,23,21,0.3,24,0,4,0,0,0,0,18,0,0,56,104,17
79554,63,34988,1,63,1,6,28,5,0,17,2,108,0.033333333,0,0,0,0,0,0,0,0,0,0,18,63,0
79564,458,42723,3,1,1,0,0,0,0,0,0,6,0.033333333,0,0,0,0,0,0,0,0,0,0,1,1,0
79568,63,346877,1,63,6,10,21,9,0,21,3,9,0.166666667,0,0,43,1,0,0,0,0,0,0,20,17,45
79570,1,110497,1,1,1,0,0,0,0,0,0,24,0.033333333,0,0,0,0,0,0,0,0,0,0,1,1,0
79582,129,127749,7,24,3,7,0,7,0,7,7,102,0.066666667,0,0,0,3,0,0,0,0,0,0,15,21,0
79583,1,334927,1,1,1,0,0,0,0,0,0,7,0.033333333,0,0,0,0,0,0,0,0,0,0,1,1,0
79590,68,334927,3,66,14,25,7,2,9,18,0,7,0.166666667,0,0,0,4,10,0,0,0,0,0,20,45,4
79594,46,24979,1,46,10,17,0,11,0,10,8,25,0.066666667,0,0,7,0,0,0,0,0,0,0,24,39,0
79605,355,27035,10,10,1,4,0,3,0,5,0,60,0.033333333,0,0,0,0,0,0,0,0,0,0,4,10,0
79611,16,457932,1,16,2,5,1,4,1,4,3,21,0.033333333,0,0,0,0,0,0,0,0,0,0,11,16,0
79621,7,247683,1,7,3,4,0,0,0,3,0,23,0.033333333,0,0,0,0,0,0,0,0,0,0,5,7,0
79624,126,334927,5,58,7,33,7,2,1,21,0,7,0.066666667,0,0,0,0,0,0,0,0,0,0,17,43,0
79639,44,86829,5,29,4,18,0,1,4,12,1,63,0.1,10,0,0,0,0,0,0,0,0,0,11,13,6
79651,965,34988,7,4,1,3,0,0,0,2,0,108,0.033333333,0,0,0,0,0,0,0,0,0,0,4,4,0
79656,17,457932,1,17,3,6,2,3,0,6,2,21,0.033333333,0,0,0,0,0,0,0,0,0,0,9,17,0
79662,82,110497,3,11,1,5,0,3,0,2,2,24,0.033333333,0,0,0,0,0,0,0,0,0,0,7,11,0
79673,438,457932,6,60,11,20,8,13,0,11,7,21,0.1,0,0,0,0,0,0,0,0,0,0,27,17,0
79681,31,457932,1,31,5,13,6,3,0,8,3,21,0.033333333,0,0,0,0,0,0,0,0,0,0,17,31,0
79695,4,334927,1,4,4,0,0,0,0,0,0,7,0.033333333,0,0,0,0,0,0,0,0,0,0,2,4,0
79696,36,140022,2,34,3,11,2,10,0,14,4,232,0.033333333,0,0,0,0,0,0,0,0,0,0,17,34,0
79717,45,261579,4,15,2,5,2,4,0,4,2,5,0.033333333,0,0,0,0,0,0,0,0,15,0,10,15,0
79725,20,250865,2,18,4,6,1,4,1,4,1,34,0.033333333,0,0,0,0,0,0,0,0,0,0,9,18,0
79729,5,457932,2,2,2,0,0,0,0,0,0,21,0.033333333,0,0,0,0,0,0,0,0,0,0,2,2,0
79739,2,457932,2,1,1,0,0,0,0,0,0,21,0.033333333,0,0,0,0,0,0,0,0,0,0,1,1,0
79741,29,24979,3,13,3,5,0,3,0,2,2,25,0.033333333,0,0,13,0,0,0,0,0,0,0,6,13,0
79742,5,334927,1,5,2,3,0,0,0,2,0,7,0.033333333,0,0,0,0,0,0,0,0,0,0,5,5,0
79749,714,457932,7,36,2,11,4,10,0,10,8,21,0.033333333,0,0,0,0,0,0,0,0,0,0,22,36,0
79751,11,260769,1,11,4,3,0,2,0,2,2,0,0.033333333,0,0,0,0,0,0,0,0,0,0,6,11,0
79757,12,46603,3,8,3,4,0,1,0,1,0,5,0.033333333,0,0,0,0,0,0,0,0,0,0,5,8,0
79762,10,86829,1,10,3,3,0,2,0,2,2,63,0.033333333,0,0,0,0,0,0,0,0,0,0,7,10,0
79764,9,334927,1,9,2,3,0,1,0,3,1,7,0.033333333,0,0,0,0,0,0,0,0,0,0,5,9,0
79833,16,334927,2,15,5,10,0,0,0,9,0,7,0.033333333,0,0,0,0,0,0,0,0,0,0,6,15,0
79843,16,261579,2,1,1,0,0,0,0,0,0,5,0.033333333,0,0,0,0,0,0,0,0,1,0,1,1,0
79845,34,457932,2,17,4,5,5,1,0,4,1,21,0.033333333,0,0,0,0,0,0,0,0,0,0,8,17,0
79853,30,188602,1,30,2,6,8,5,0,9,4,96,0.033333333,0,0,0,0,0,0,0,0,0,0,13,30,0
79855,4,457932,3,2,2,0,0,0,0,0,0,21,0.033333333,0,0,0,0,0,0,0,0,0,0,1,2,0
79859,543,346877,8,16,5,3,0,2,4,2,2,9,0.066666667,0,0,0,0,0,0,0,0,0,0,7,16,0
79864,82,457932,3,16,2,5,3,3,0,4,2,21,0.033333333,0,0,0,0,0,0,0,0,0,0,10,16,0
79866,22,46603,2,1,1,0,0,0,0,0,0,5,0.033333333,0,0,0,0,0,0,0,0,0,0,1,1,0
79889,4,457932,1,4,4,0,0,0,0,0,0,21,0.066666667,0,1,0,0,0,0,0,0,0,0,2,3,0
79893,1910,85576,8,5,1,2,0,1,0,1,1,54,0.033333333,0,0,0,0,0,0,0,0,0,0,4,5,0
79896,38,250865,1,38,9,10,0,7,1,16,0,34,0.033333333,0,0,0,0,0,0,0,0,0,0,9,38,0
79924,74,188602,2,1,1,0,0,0,0,0,0,96,0.033333333,0,0,0,0,0,0,0,0,0,0,1,1,0
79925,8,334927,1,8,4,2,0,1,0,1,1,7,0.033333333,0,0,0,0,0,0,0,0,0,0,6,8,0
79927,10,457932,2,4,2,2,0,0,0,1,0,21,0.033333333,0,0,0,0,0,0,0,0,0,0,4,4,0
79935,8067,334927,15,27,9,8,2,4,4,3,0,7,0.033333333,0,0,0,0,0,0,0,0,0,0,8,27,0
79943,157,457932,1,157,20,50,30,40,6,31,0,21,0.2,0,50,0,0,0,0,0,0,0,0,40,53,45
79947,202,34988,4,2,2,0,0,0,0,0,0,108,0.033333333,0,0,0,0,0,0,0,0,0,0,2,2,0
79951,202,86829,4,2,2,0,0,0,0,0,0,63,0.033333333,0,0,0,0,0,0,0,0,0,0,2,2,0
79953,203,399092,2,15,4,4,0,3,0,4,2,101,0.033333333,0,0,0,0,0,0,0,0,0,0,8,15,0
79954,753,346877,4,212,27,62,38,42,9,42,15,9,0.3,0,0,53,4,0,10,4,0,0,0,40,13,0
79970,25,334927,2,19,6,10,2,1,0,9,0,7,0.033333333,0,0,0,0,0,0,0,0,0,0,14,19,0
79972,3,110497,3,1,1,0,0,0,0,0,0,24,0.033333333,0,0,0,0,0,0,0,0,0,0,1,1,0
79979,3,85576,3,1,1,0,0,0,0,0,0,54,0.033333333,0,0,0,0,0,0,0,0,0,0,1,1,0
79986,15,86829,3,7,4,2,0,0,0,1,0,63,0.033333333,0,0,0,0,0,0,0,0,0,0,5,7,0
79989,15,260769,3,1,1,0,0,0,0,0,0,0,0.033333333,0,0,0,0,0,0,0,0,0,0,1,1,0
80002,5,334927,1,5,3,2,0,0,0,2,0,7,0.033333333,0,0,0,0,0,0,0,0,0,0,4,5,0
80005,125,457932,5,57,8,32,11,2,0,17,2,21,0.1,0,20,0,0,0,0,0,0,0,10,16,27,0
80021,24,110497,3,6,2,2,0,1,0,1,1,24,0.033333333,0,0,0,0,0,0,0,0,0,0,5,6,0
80027,20,110497,2,12,7,2,0,0,0,2,0,24,0.033333333,0,0,0,0,0,0,0,0,0,0,7,12,0
80034,299,502584,2,261,14,47,53,23,14,80,15,143,0.233333333,0,0,43,42,37,70,29,0,0,0,50,5,0
80047,184,346877,2,175,20,61,22,40,1,41,21,9,0.3,36,0,0,0,0,0,8,13,0,0,36,9,8
80053,442,42723,2,4,2,2,0,0,0,1,0,6,0.066666667,0,0,0,0,0,0,0,0,0,0,3,3,1
80061,10,334927,1,10,6,1,0,1,0,1,1,7,0.033333333,0,0,0,0,0,0,0,0,0,0,7,10,0
80064,27,46603,6,1,1,0,0,0,0,0,0,5,0.033333333,0,0,0,0,0,0,0,0,0,0,1,1,0
80075,5,334927,1,5,2,1,0,1,0,1,1,7,0.033333333,0,0,0,0,0,0,0,0,0,0,5,5,0
80076,1,188602,1,1,1,0,0,0,0,0,0,96,0.033333333,0,0,0,0,0,0,0,0,0,0,1,1,0
80102,361,110497,2,1,1,0,0,0,0,0,0,24,0.033333333,0,0,0,0,0,0,0,0,0,0,1,1,0
80115,112,457932,4,25,5,8,0,6,0,5,4,21,0.033333333,0,0,0,0,0,0,0,0,0,0,16,25,0
80116,34,334927,1,34,7,19,0,5,1,8,1,7,0.033333333,0,0,0,0,0,0,0,0,0,0,13,34,0
80117,205,247683,8,13,8,4,0,1,0,3,0,23,0.066666667,0,0,7,0,0,0,0,0,0,0,5,13,0
80121,1,247683,1,1,1,0,0,0,0,0,0,23,0.033333333,0,0,0,0,0,0,0,0,0,0,1,1,0
80124,16,346877,2,1,1,0,0,0,0,0,0,9,0.033333333,0,0,0,0,0,0,0,0,0,0,1,1,0
80134,11,502584,2,5,5,0,0,0,0,0,0,143,0.033333333,0,0,5,0,0,0,0,0,0,0,2,5,0
80135,4,334927,1,4,2,2,0,0,0,1,0,7,0.033333333,0,0,0,0,0,0,0,0,0,0,4,4,0
80140,24,346877,2,11,2,7,0,1,0,4,1,9,0.033333333,0,0,0,0,0,0,0,0,0,0,6,11,0
80147,58,110497,2,24,7,10,0,0,1,9,0,24,0.033333333,0,0,0,0,0,0,0,0,0,0,11,24,0
80151,62,502584,2,2,2,0,0,0,0,0,0,143,0.033333333,0,0,2,0,0,0,0,0,0,0,1,2,0
80162,2615,27035,9,58,5,17,3,12,0,15,7,60,0.1,0,0,0,0,0,0,0,0,0,0,15,7,0
80188,14,260769,2,7,3,2,0,1,0,1,1,0,0.033333333,0,0,0,0,0,0,0,0,0,0,5,7,0
80190,792,27035,5,18,5,5,0,3,0,5,2,60,0.066666667,0,0,0,0,0,0,0,0,0,0,8,8,0
80196,4,127749,1,4,4,0,0,0,0,0,0,102,0.033333333,0,0,0,0,0,0,0,0,0,0,2,4,0
80198,24,334927,1,24,13,5,0,2,0,2,1,7,0.066666667,0,0,0,0,0,0,0,0,0,0,9,11,0
80204,23,457932,2,22,2,7,5,5,0,4,2,21,0.066666667,0,0,0,0,0,0,6,0,0,0,9,16,0
80208,66,85576,2,13,4,5,0,2,0,4,2,54,0.066666667,0,0,0,0,0,0,2,0,0,0,8,11,0
80211,13,334927,3,4,4,0,0,0,0,0,0,7,0.066666667,0,0,0,0,0,0,0,0,0,0,3,2,0
80217,167,260769,2,1,1,0,0,0,0,0,0,0,0.033333333,0,0,0,0,0,0,0,0,0,0,1,1,0
80229,4,334927,1,4,2,2,0,0,0,1,0,7,0.033333333,0,0,0,0,0,0,0,0,0,0,4,4,0
80231,1931,346877,4,20,5,6,0,4,0,6,2,9,0.166666667,0,0,0,0,0,0,0,0,0,0,6,13,4
80241,21,250865,2,7,3,4,0,0,0,3,0,34,0.033333333,0,0,0,0,0,0,0,0,0,0,6,7,0
80255,6,399092,1,6,6,0,0,0,0,0,0,101,0.033333333,0,0,0,0,0,0,0,0,0,0,2,6,0
80259,156,346877,2,7,1,4,0,1,0,3,1,9,0.033333333,0,0,0,0,0,0,0,0,0,0,6,7,0
80266,14,399092,1,14,9,2,0,1,1,1,0,101,0.033333333,0,0,0,0,0,0,0,0,0,0,7,14,0
80274,573,334927,3,28,7,15,0,4,0,12,2,7,0.2,0,0,0,0,0,0,0,0,0,0,10,1,1
80275,146,260769,1,146,23,66,18,12,11,51,5,0,0.233333333,0,0,0,0,0,0,0,0,0,0,32,106,0
80280,56,502584,2,5,1,2,0,1,0,1,1,143,0.033333333,0,0,5,0,0,0,0,0,0,0,4,5,0
80281,1167,250865,5,1,1,0,0,0,0,0,0,34,0.033333333,0,0,0,0,0,0,0,0,0,0,1,1,0
80284,41,188602,12,1,1,0,0,0,0,0,0,96,0.033333333,0,0,0,0,0,0,0,0,0,0,1,1,0
80295,41,261579,12,1,1,0,0,0,0,0,0,5,0.033333333,0,0,0,0,0,0,0,0,1,0,1,1,0
80302,41,250865,12,1,1,0,0,0,0,0,0,34,0.033333333,0,0,0,0,0,0,0,0,0,0,1,1,0
80316,13,502584,1,13,3,5,0,3,0,2,2,143,0.066666667,0,0,7,0,0,0,0,0,0,0,6,6,0
80333,49,346877,1,49,1,9,13,5,0,23,3,9,0.033333333,0,0,0,0,0,0,0,0,0,0,13,49,0
80336,334,250865,1,334,15,95,69,57,18,123,27,34,0.133333333,0,0,0,0,0,0,0,134,0,0,40,107,80
80340,176,457932,3,124,6,37,19,31,0,32,21,21,0.133333333,0,0,0,0,0,0,33,0,33,0,43,72,0
80364,286,24979,6,1,1,0,0,0,0,0,0,25,0.033333333,0,0,1,0,0,0,0,0,0,0,1,1,0
80392,175,457932,3,161,18,59,14,20,36,34,12,21,0.266666667,0,4,0,0,0,0,0,0,0,0,30,17,9
80414,5,334927,1,5,3,2,0,0,0,1,0,7,0.033333333,0,0,0,0,0,0,0,0,0,0,4,5,0
80418,35,250865,3,10,2,2,0,1,0,3,2,34,0.033333333,0,0,0,0,0,0,0,0,0,0,6,10,0
80433,1764,457932,6,61,5,21,5,17,0,14,13,21,0.133333333,12,2,0,0,0,0,0,0,0,0,19,14,33
80448,22,260769,2,6,3,1,0,1,0,1,1,0,0.033333333,0,0,0,0,0,0,0,0,0,0,6,6,0
80452,22,346877,2,16,6,5,0,1,2,2,1,9,0.066666667,0,0,0,0,0,0,0,0,0,0,8,4,12
80461,256,250865,5,11,2,4,0,3,0,3,2,34,0.033333333,0,0,0,0,0,0,0,0,0,0,6,11,0
80470,5,261579,1,5,1,2,0,1,0,1,1,5,0.033333333,0,0,0,0,0,0,0,0,5,0,4,5,0
80474,74,250865,3,25,4,9,0,6,0,10,2,34,0.066666667,0,0,0,0,0,0,0,0,0,0,10,16,9
80475,1891,85576,8,61,6,7,27,5,2,8,3,54,0.033333333,0,0,0,0,0,0,0,0,0,0,16,61,0
80480,2,334927,1,2,2,0,0,0,0,0,0,7,0.033333333,0,0,0,0,0,0,0,0,0,0,1,2,0
80483,293,140022,2,31,6,16,1,3,1,10,2,232,0.1,0,0,0,0,8,0,0,0,0,0,12,16,8
80493,54,334927,1,54,22,17,2,0,10,15,0,7,0.066666667,0,0,0,0,0,0,0,0,0,0,16,21,33
80495,278,188602,6,15,4,6,0,2,0,4,2,96,0.066666667,0,0,0,0,0,0,0,0,0,0,9,15,0
80530,2,46603,1,2,2,0,0,0,0,0,0,5,0.033333333,0,0,0,0,0,0,0,0,0,0,2,2,0
80536,51,46603,4,6,2,2,0,1,0,1,1,5,0.033333333,0,0,0,0,0,0,0,0,0,0,5,6,0
80556,174,399092,4,1,1,0,0,0,0,0,0,101,0.033333333,0,0,0,0,0,0,0,0,0,0,1,1,0
80558,38,110497,2,37,5,12,0,10,0,16,3,24,0.033333333,0,0,0,0,0,0,0,0,0,0,11,37,0
80576,12,261579,1,12,5,4,0,1,0,1,1,5,0.033333333,0,0,0,0,0,0,0,0,12,0,9,12,0
80580,30,334927,1,30,5,12,0,5,2,11,5,7,0.033333333,0,0,0,0,0,0,0,0,0,0,16,30,0
80591,7,334927,1,7,3,2,0,1,0,1,1,7,0.033333333,0,0,0,0,0,0,0,0,0,0,5,7,0
80598,38,85576,2,1,1,0,0,0,0,0,0,54,0.033333333,0,0,0,0,0,0,0,0,0,0,1,1,0
80601,678,502584,1,678,18,69,181,54,40,240,32,143,0.333333333,0,0,39,12,0,0,0,11,0,0,110,146,63
80602,174,85576,4,1,1,0,0,0,0,0,0,54,0.033333333,0,0,0,0,0,0,0,0,0,0,1,1,0
80634,6,346877,1,6,1,3,0,2,0,2,0,9,0.033333333,0,0,0,0,0,0,0,0,0,0,4,6,0
80645,29,334927,1,29,11,7,0,5,1,7,5,7,0.033333333,0,0,0,0,0,0,0,0,0,0,10,29,0
80651,2,188602,2,1,1,0,0,0,0,0,0,96,0.033333333,0,0,0,0,0,0,0,0,0,0,1,1,0
80656,1785,502584,8,5,3,2,0,0,0,1,0,143,0.033333333,0,0,5,0,0,0,0,0,0,0,5,5,0
80659,55,399092,1,55,11,26,0,12,0,19,4,101,0.166666667,0,0,0,7,6,11,29,0,0,0,12,2,0
80662,16,457932,2,1,1,0,0,0,0,0,0,21,0.033333333,0,0,0,0,0,0,0,0,0,0,1,1,0
80667,50,334927,3,7,2,5,0,0,0,4,0,7,0.1,0,0,0,0,0,0,0,0,0,0,5,5,0
80670,8,110497,1,8,1,5,0,1,0,4,1,24,0.033333333,0,0,0,0,0,0,0,0,0,0,5,8,0
80672,1764,457932,9,69,12,21,14,5,11,16,3,21,0.133333333,0,0,10,0,0,0,0,0,0,0,26,54,10
80674,98,188602,2,50,4,16,11,5,0,23,3,96,0.066666667,0,0,0,0,0,0,0,0,0,0,16,49,1
80678,9,260769,7,1,1,0,0,0,0,0,0,0,0.033333333,0,0,0,0,0,0,0,0,0,0,1,1,0
80680,9,502584,7,1,1,0,0,0,0,0,0,143,0.033333333,0,0,1,0,0,0,0,0,0,0,1,1,0
80683,9,261579,7,3,3,0,0,0,0,0,0,5,0.033333333,0,0,0,0,0,0,0,0,3,0,2,3,0
80684,9,27035,7,1,1,0,0,0,0,0,0,60,0.033333333,0,0,0,0,0,0,0,0,0,0,1,1,0
80691,57,261579,3,46,4,30,0,2,8,21,2,5,0.1,0,0,0,0,0,17,0,0,2,0,13,27,0
80714,264,85576,4,1,1,0,0,0,0,0,0,54,0.033333333,0,0,0,0,0,0,0,0,0,0,1,1,0
80717,411,346877,3,72,11,19,13,13,2,16,6,9,0.133333333,0,0,0,0,0,0,0,0,0,0,16,20,12
80728,102,346877,2,92,18,34,16,5,4,29,1,9,0.133333333,0,0,0,0,0,0,0,0,0,0,16,26,61
80736,107,334927,3,75,17,31,0,15,2,12,7,7,0.233333333,0,0,0,0,0,0,0,0,0,0,16,8,23
80760,22,261579,1,22,3,13,0,3,0,7,3,5,0.1,0,0,0,0,0,0,8,8,6,0,13,8,8
80766,11,334927,1,11,1,4,0,3,0,3,3,7,0.033333333,0,0,0,0,0,0,0,0,0,0,6,11,0
80772,8,247683,4,3,3,0,0,0,0,0,0,23,0.033333333,0,0,0,0,0,0,0,0,0,0,2,3,0
80776,330,140022,3,87,16,25,27,2,0,39,0,232,0.066666667,78,0,0,0,0,0,0,0,0,0,25,9,0
80780,8,127749,4,3,3,0,0,0,0,0,0,102,0.066666667,1,0,0,0,0,0,0,0,0,0,2,2,0
80788,8,110497,4,1,1,0,0,0,0,0,0,24,0.033333333,0,0,0,0,0,0,0,0,0,0,1,1,0
80792,9,250865,4,2,2,0,0,0,0,0,0,34,0.033333333,0,0,0,0,0,0,0,0,0,0,1,2,0
80801,180,457932,2,110,17,27,20,22,2,20,17,21,0.133333333,0,0,0,0,0,0,0,0,0,0,56,47,0
80814,253,42723,4,1,1,0,0,0,0,0,0,6,0.033333333,0,0,0,0,0,0,0,0,0,0,1,1,0
80834,248,34988,7,1,1,0,0,0,0,0,0,108,0.033333333,0,0,0,0,0,0,0,0,0,0,1,1,0
80838,1,457932,1,1,1,0,0,0,0,0,0,21,0.033333333,0,0,0,0,0,0,0,0,0,0,1,1,0
80846,32,334927,1,32,8,17,0,1,1,16,2,7,0.066666667,0,0,0,0,0,0,0,0,0,0,12,31,0
80849,947,127749,6,9,9,0,0,0,0,0,0,102,0.066666667,0,0,0,0,0,0,0,0,0,0,3,9,0
80868,2,74042,1,2,2,0,0,0,0,0,0,27,0.033333333,0,0,0,0,0,0,0,0,0,0,2,2,0
80903,89,652701,1,89,13,22,10,15,7,4,3,3,0.1,0,0,0,0,3,18,0,0,0,0,26,68,0
80915,2,148039,1,2,2,0,0,0,0,0,0,18,0.033333333,0,0,0,0,0,0,0,0,0,0,1,2,0
80921,22,652701,1,22,7,4,2,4,0,4,3,3,0.066666667,0,0,0,0,0,18,0,0,0,0,11,4,0
80924,14,156596,2,12,9,0,0,0,2,0,0,224,0.033333333,0,0,0,0,0,0,0,0,0,12,8,12,0
80936,2,156596,1,2,2,0,0,0,0,0,0,224,0.033333333,0,0,0,0,0,0,0,0,0,2,2,2,0
80941,1,148039,1,1,1,0,0,0,0,0,0,18,0.033333333,0,0,0,0,0,0,0,0,0,0,1,1,0
80963,1,652701,1,1,1,0,0,0,0,0,0,3,0.033333333,0,0,0,0,0,0,0,0,0,0,1,1,0
80975,53,652701,1,53,6,17,5,8,1,3,3,3,0.066666667,0,0,0,13,0,0,0,0,0,0,21,40,0
80977,8,652701,1,8,4,2,0,1,0,0,0,3,0.033333333,0,0,0,0,0,0,0,0,0,0,7,8,0
80983,1,652701,1,1,1,0,0,0,0,0,0,3,0.033333333,0,0,0,0,0,0,0,0,0,0,1,1,0
80984,19,652701,1,19,3,7,0,5,2,0,0,3,0.033333333,0,0,0,0,0,0,0,0,0,0,7,19,0
80987,34,652701,1,34,8,6,1,4,1,0,0,3,0.033333333,0,0,0,0,0,0,0,0,0,0,11,34,0
80992,27,652701,1,27,7,8,0,6,1,0,0,3,0.033333333,0,0,0,0,0,0,0,0,0,0,12,27,0
80994,11,652701,1,11,5,2,0,1,1,0,0,3,0.033333333,0,0,0,0,0,0,0,0,0,0,6,11,0
80999,24,652701,1,24,4,8,0,5,0,0,0,3,0.133333333,0,0,0,0,0,0,0,0,0,0,8,1,0
81009,8,148039,1,8,4,2,0,1,0,1,1,18,0.033333333,0,0,0,0,0,0,0,0,0,0,7,8,0
81015,26,148039,2,19,4,11,0,1,0,7,1,18,0.1,0,0,0,0,0,0,9,0,0,3,9,7,3
81016,111,652701,3,39,6,12,0,7,0,3,2,3,0.066666667,0,0,0,0,0,0,0,0,11,0,17,28,11
81018,9,652701,1,9,3,2,0,1,1,0,0,3,0.033333333,0,0,0,0,0,0,0,0,0,0,6,9,0
81019,6,652701,1,6,2,2,0,1,0,0,0,3,0.033333333,0,0,0,0,0,0,0,0,0,0,5,6,0
81027,26,41550,2,7,4,2,0,1,0,1,0,21,0.033333333,0,0,0,0,0,0,0,0,0,0,4,7,0
81033,5,652701,1,5,3,2,0,0,0,0,0,3,0.066666667,0,0,0,0,0,0,0,0,0,0,4,4,1
81048,2,221833,1,2,2,0,0,0,0,0,0,58,0.033333333,0,0,0,0,0,0,0,0,0,0,2,2,0
81063,1,652701,1,1,1,0,0,0,0,0,0,3,0.033333333,0,0,0,0,0,0,0,0,0,0,1,1,0
81075,7,221833,1,7,3,2,0,1,0,1,1,58,0.033333333,0,0,0,0,0,0,0,0,0,0,6,7,0
81096,6,652701,1,6,2,2,0,1,0,0,0,3,0.033333333,0,0,0,0,0,0,0,0,0,0,5,6,0
81113,9,652701,1,9,4,2,0,1,0,0,0,3,0.033333333,0,0,0,0,0,0,0,0,0,0,7,9,0
81134,110,652701,1,110,6,25,11,20,2,10,8,3,0.1,0,0,0,0,1,42,0,0,0,0,31,67,0
81143,67,652701,1,67,20,19,1,10,7,0,0,3,0.133333333,0,0,0,0,0,0,0,0,0,0,10,6,51
81162,10,652701,1,10,6,2,0,1,0,0,0,3,0.033333333,0,0,0,0,0,0,0,0,0,0,7,10,0
81163,5,652701,2,1,1,0,0,0,0,0,0,3,0.033333333,0,0,0,0,0,0,0,0,0,0,1,1,0
81170,9,652701,2,1,1,0,0,0,0,0,0,3,0.033333333,0,0,0,0,0,0,0,0,0,0,1,1,0
81185,77,652701,1,77,15,28,5,18,1,4,3,3,0.066666667,0,0,0,0,0,21,0,0,0,0,22,56,0
81195,90,652701,1,90,12,22,0,18,0,8,8,3,0.066666667,0,0,0,0,34,0,0,0,0,0,32,56,0
81208,77,652701,1,77,10,27,8,22,1,13,2,3,0.1,0,0,0,10,0,0,0,0,31,0,24,36,31
81209,61,652701,3,23,9,5,0,4,1,0,0,3,0.066666667,0,0,0,0,0,0,0,0,0,0,9,13,0
81212,85,652701,1,85,20,30,3,18,2,13,9,3,0.133333333,0,0,0,0,53,10,0,0,20,0,25,2,20
81216,69,652701,2,68,13,7,22,7,6,0,0,3,0.033333333,0,0,0,0,0,0,0,0,0,0,11,68,0
81228,2,652701,1,2,2,0,0,0,0,0,0,3,0.033333333,0,0,0,0,0,0,0,0,0,0,2,2,0
81239,55,41550,2,1,1,0,0,0,0,0,0,21,0.033333333,0,0,0,0,0,0,0,0,0,0,1,1,0
81242,40,652701,2,39,16,13,0,8,0,3,1,3,0.066666667,0,0,0,0,29,0,0,0,0,0,11,10,0
81267,15,652701,1,15,5,5,0,3,0,0,0,3,0.033333333,0,0,0,0,0,0,0,0,0,0,8,15,0
81274,2,652701,1,2,2,0,0,0,0,0,0,3,0.033333333,0,0,0,0,0,0,0,0,0,0,2,2,0
81278,276,221833,2,77,2,18,9,14,3,28,6,58,0.066666667,0,0,0,0,0,0,0,0,0,0,31,10,0
81283,55,652701,1,55,7,10,12,7,6,0,0,3,0.033333333,0,0,0,0,0,0,0,0,0,0,14,55,0
81288,11,652701,1,11,5,2,0,1,1,0,0,3,0.033333333,0,0,0,0,0,0,0,0,0,0,7,11,0
81302,861,652701,9,94,10,48,7,1,3,0,0,3,0.033333333,0,0,0,0,0,0,0,0,0,0,13,94,0
81304,5,652701,1,5,3,2,0,0,0,0,0,3,0.033333333,0,0,0,0,0,0,0,0,0,0,4,5,0
81312,6,652701,1,6,2,2,0,1,0,0,0,3,0.033333333,0,0,0,0,0,0,0,0,0,0,5,6,0
81313,89,148039,2,12,5,3,0,2,0,2,2,18,0.033333333,0,0,0,0,0,0,0,0,0,0,7,12,0
81318,13,652701,1,13,6,3,0,1,1,0,0,3,0.033333333,0,0,0,0,0,0,0,0,0,0,8,13,0
81319,4,652701,1,4,4,0,0,0,0,0,0,3,0.033333333,0,0,0,0,0,0,0,0,0,0,3,4,0
81321,33,652701,1,33,5,13,1,10,0,3,0,3,0.066666667,0,0,10,0,0,0,0,0,0,0,16,23,0
81331,3,221833,2,1,1,0,0,0,0,0,0,58,0.033333333,0,0,0,0,0,0,0,0,0,0,1,1,0
81334,18,652701,1,18,5,7,0,3,0,0,0,3,0.033333333,0,0,0,0,0,0,0,0,0,0,10,18,0
81335,24,652701,1,24,9,5,0,3,3,0,0,3,0.033333333,0,0,0,0,0,0,0,0,0,0,9,24,0
81352,11,41550,1,11,6,2,0,1,0,2,0,21,0.033333333,0,0,0,0,0,0,0,0,0,0,6,11,0
81367,83,221833,1,83,9,9,18,8,3,33,3,58,0.066666667,0,0,0,0,0,0,0,0,0,5,23,78,0
81368,17,221833,1,17,3,5,0,5,0,5,4,58,0.033333333,0,0,0,0,0,0,0,0,0,0,13,17,0
81373,2,652701,1,2,2,0,0,0,0,0,0,3,0.033333333,0,0,0,0,0,0,0,0,0,0,2,2,0
81384,4,652701,2,3,3,0,0,0,0,0,0,3,0.033333333,0,0,0,0,0,0,0,0,0,0,2,3,0
81404,47,652701,1,47,4,9,9,7,0,0,0,3,0.066666667,0,0,0,0,0,0,0,0,0,0,11,26,0
81405,6,652701,1,6,3,1,0,1,0,0,0,3,0.033333333,0,0,0,0,0,0,0,0,0,0,6,6,0
81409,12,652701,1,12,6,2,0,1,1,0,0,3,0.033333333,0,0,0,0,0,0,0,0,0,0,8,12,0
81421,20,148039,2,6,2,2,0,1,0,1,1,18,0.033333333,0,0,0,0,0,0,0,0,0,0,5,6,0
81440,35,652701,1,35,7,10,0,0,4,0,0,3,0.033333333,0,0,0,0,0,0,0,0,0,0,10,35,0
81443,69,652701,1,69,9,12,11,6,20,0,0,3,0.066666667,0,0,0,0,0,0,0,0,0,0,15,43,0
81445,66,221833,2,1,1,0,0,0,0,0,0,58,0.033333333,0,0,0,0,0,0,0,0,0,0,1,1,0
81450,6,41550,2,1,1,0,0,0,0,0,0,21,0.033333333,0,0,0,0,0,0,0,0,0,0,1,1,0
81455,8,652701,1,8,4,2,0,1,0,0,0,3,0.033333333,0,0,0,0,0,0,0,0,0,0,5,8,0
81460,3,652701,1,3,3,0,0,0,0,0,0,3,0.033333333,0,0,0,0,0,0,0,0,0,0,2,3,0
81463,94,148039,2,63,5,21,4,16,0,18,6,18,0.133333333,0,0,0,0,0,0,0,0,0,0,12,27,0
81465,6,652701,1,6,4,2,0,0,0,0,0,3,0.033333333,0,0,0,0,0,0,0,0,0,0,6,6,0
81473,13,652701,1,13,4,6,0,2,0,0,0,3,0.033333333,0,0,0,0,0,0,0,0,0,0,6,13,0
81478,339,652701,5,13,10,2,0,0,0,0,0,3,0.066666667,0,0,0,0,0,0,0,0,0,0,6,13,0
81485,68,652701,1,68,8,30,0,11,1,0,0,3,0.066666667,0,0,0,0,0,0,0,0,0,0,10,28,40
81493,69,652701,1,69,8,8,42,5,0,0,0,3,0.066666667,0,0,0,0,0,0,0,0,0,0,11,62,0
81496,11,652701,1,11,2,4,0,3,0,0,0,3,0.033333333,0,0,0,0,0,0,0,0,0,0,8,11,0
81499,12,148039,1,12,1,5,0,4,0,4,2,18,0.033333333,0,0,0,0,0,0,0,0,0,0,8,12,0
81512,69,652701,1,69,19,11,3,5,5,0,0,3,0.1,0,0,0,0,0,0,0,0,0,0,14,43,0
81557,68,652701,1,68,5,12,24,7,0,0,0,3,0.066666667,0,0,0,0,0,0,0,0,0,0,13,36,0
81585,3,652701,1,3,1,2,0,0,0,0,0,3,0.033333333,0,0,0,0,0,0,0,0,0,0,3,3,0
81596,47,652701,1,47,13,11,0,7,5,0,0,3,0.033333333,0,0,0,0,0,0,0,0,0,0,11,47,0
81617,2,148039,1,2,2,0,0,0,0,0,0,18,0.033333333,0,0,0,0,0,0,0,0,0,0,2,2,0
81620,38,148039,1,38,2,10,4,9,0,12,6,18,0.033333333,0,0,0,0,0,0,0,0,0,0,21,38,0
81626,77,652701,1,77,12,17,17,12,3,0,0,3,0.133333333,0,0,0,0,0,0,0,0,0,0,12,1,0
81627,47,652701,2,33,5,13,0,9,0,0,0,3,0.066666667,0,0,0,0,0,0,0,0,0,0,9,33,0
81631,123,652701,1,123,19,38,7,24,10,0,0,3,0.3,0,0,0,0,0,0,0,0,0,0,13,55,5
81644,75,41550,5,1,1,0,0,0,0,0,0,21,0.033333333,0,0,0,0,0,0,0,0,0,0,1,1,0
81654,10,221833,1,10,2,4,0,2,0,3,2,58,0.033333333,0,0,0,0,0,0,0,0,0,0,5,10,0
81659,6,652701,1,6,3,1,0,1,0,0,0,3,0.033333333,0,0,0,0,0,0,0,0,0,0,6,6,0
81692,64,652701,1,64,10,15,3,9,2,0,0,3,0.133333333,0,0,0,0,0,0,0,0,0,0,16,17,31
81694,31,652701,1,31,4,12,0,9,0,2,2,3,0.066666667,0,0,0,0,0,0,11,0,0,0,13,20,0
81710,4,652701,1,4,3,0,0,0,0,0,0,3,0.033333333,0,0,0,0,0,0,0,0,0,0,4,4,0
81738,18,652701,1,18,8,10,0,0,0,0,0,3,0.033333333,0,0,0,0,0,0,0,0,0,0,6,18,0
81740,69,652701,8,13,3,6,0,3,0,0,0,3,0.066666667,0,0,0,0,0,0,0,0,0,0,6,6,0
81756,13,148039,1,13,2,6,0,3,0,5,2,18,0.033333333,0,0,0,0,0,0,0,0,0,0,9,13,0
81760,195,652701,1,195,27,47,9,33,28,10,7,3,0.2,0,0,0,0,0,0,0,39,0,0,30,87,0
81762,207,652701,2,67,11,22,3,11,1,0,0,3,0.233333333,0,0,0,0,0,0,0,0,0,0,12,2,16
81767,13,652701,1,13,1,4,5,2,0,0,0,3,0.033333333,0,0,0,0,0,0,0,0,0,0,5,13,0
81786,26,652701,1,26,6,13,0,1,2,0,0,3,0.066666667,0,0,0,0,0,0,0,0,0,0,6,26,0
81788,92,652701,1,92,15,16,13,12,7,0,0,3,0.066666667,0,0,0,0,0,0,0,0,0,0,17,92,0
81809,26,41550,1,26,1,10,0,7,0,8,3,21,0.033333333,0,0,0,0,0,0,0,0,0,0,10,26,0
81817,11,652701,2,7,2,4,0,0,0,0,0,3,0.066666667,0,0,0,0,0,0,0,0,0,0,6,6,1
81823,17,148039,3,1,1,0,0,0,0,0,0,18,0.033333333,0,0,0,0,0,0,0,0,0,0,1,1,0
81826,7,148039,1,7,2,3,0,1,0,2,1,18,0.033333333,0,0,0,0,0,0,0,0,0,0,6,7,0
81834,26,652701,1,26,9,4,0,3,6,0,0,3,0.033333333,0,0,0,0,0,0,0,0,0,0,11,26,0
81835,435,148039,2,1,1,0,0,0,0,0,0,18,0.033333333,0,0,0,0,0,0,0,0,0,0,1,1,0
81837,710,148039,6,127,20,41,5,25,10,35,8,18,0.3,0,0,0,0,0,0,8,0,0,0,22,72,4
81864,195,148039,2,194,11,53,19,41,16,63,16,18,0.2,0,0,83,0,0,0,0,0,0,0,35,23,79
81865,42,652701,1,42,14,11,2,7,1,0,0,3,0.1,0,0,0,0,0,0,0,0,0,0,15,13,29
81869,384,652701,1,384,48,148,16,87,32,61,24,3,0.433333333,0,0,0,138,34,0,19,4,0,0,32,49,37
81881,1492,652701,5,365,30,95,7,66,63,41,30,3,0.433333333,0,13,24,0,174,0,8,0,0,0,33,90,0
81893,15,652701,1,15,6,4,0,1,2,0,0,3,0.033333333,0,0,0,0,0,0,0,0,0,0,9,15,0
81928,28,652701,2,1,1,0,0,0,0,0,0,3,0.033333333,0,0,0,0,0,0,0,0,0,0,1,1,0
81931,304,652701,2,7,5,2,0,0,0,0,0,3,0.033333333,0,0,0,0,0,0,0,0,0,0,3,7,0
81948,513,41550,3,74,18,22,0,16,17,15,0,21,0.266666667,0,0,0,0,0,0,0,0,0,13,11,47,13
81962,6,148039,1,6,2,2,0,1,0,1,1,18,0.033333333,0,0,6,0,0,0,0,0,0,0,5,6,0
81963,13,652701,1,13,3,10,0,0,0,2,0,3,0.066666667,0,0,0,0,0,0,0,0,0,0,4,1,12
81964,33,41550,2,23,9,12,0,1,0,4,0,21,0.066666667,0,0,0,0,0,0,0,0,0,0,10,10,13
81966,42,148039,1,42,5,20,1,8,0,15,4,18,0.033333333,0,0,42,0,0,0,0,0,0,0,13,42,0
81975,39,148039,2,31,3,8,1,6,0,11,4,18,0.033333333,0,0,31,0,0,0,0,0,0,0,11,31,0
81987,15,652701,1,15,9,4,0,0,1,1,0,3,0.033333333,0,0,0,0,0,0,0,0,0,0,6,15,0
81997,28,148039,1,28,5,13,0,6,0,10,4,18,0.033333333,0,0,28,0,0,0,0,0,0,0,12,28,0
82013,73,148039,1,73,5,18,10,15,1,23,8,18,0.066666667,0,0,15,0,0,0,0,0,0,0,27,58,0
82014,24,652701,2,18,6,10,0,0,1,1,0,3,0.033333333,0,0,0,0,0,0,0,0,0,0,5,18,0
82017,24,148039,2,12,5,4,0,1,0,3,0,18,0.033333333,0,0,12,0,0,0,0,0,0,0,6,12,0
82029,17,652701,2,15,8,3,0,2,0,2,2,3,0.066666667,0,0,0,0,8,0,0,0,0,0,9,7,0
82032,17,41550,2,2,2,0,0,0,0,0,0,21,0.066666667,0,0,0,0,0,0,0,0,0,0,1,1,0
82037,240,652701,4,54,15,14,5,7,5,0,0,3,0.066666667,0,0,0,0,0,0,0,0,0,0,14,36,18
82038,99,652701,1,99,14,65,0,13,0,7,1,3,0.033333333,0,0,0,0,0,0,0,0,0,0,15,99,0
82044,6,652701,1,6,3,3,0,0,0,1,0,3,0.033333333,0,0,0,0,0,0,0,0,0,0,4,6,0
82047,13,652701,1,13,6,4,0,0,3,1,0,3,0.033333333,0,0,0,0,0,0,0,0,0,0,5,13,0
82049,30,148039,1,30,4,8,3,5,0,8,4,18,0.066666667,0,0,22,0,0,8,0,0,0,0,11,22,0
82061,6,652701,1,6,3,3,0,0,0,1,0,3,0.033333333,0,0,0,0,0,0,0,0,0,0,4,6,0
82068,519,652701,2,172,14,50,12,26,43,23,11,3,0.166666667,0,0,39,0,0,0,0,0,0,0,29,125,0
82079,54,148039,4,1,1,0,0,0,0,0,0,18,0.033333333,0,0,1,0,0,0,0,0,0,0,1,1,0
82093,156,652701,1,156,25,44,2,18,32,7,1,3,0.1,0,0,0,0,0,0,0,0,0,0,21,19,52
82100,1,652701,1,1,1,0,0,0,0,0,0,3,0.033333333,0,0,0,0,0,0,0,0,0,0,1,1,0
82102,338,41550,1,338,17,49,20,37,39,124,18,21,0.133333333,33,0,0,0,0,0,16,0,0,0,49,16,0
82105,1,652701,1,1,1,0,0,0,0,0,0,3,0.033333333,0,0,0,0,0,0,0,0,0,0,1,1,0
82107,114,652701,2,90,25,14,0,3,24,10,2,3,0.033333333,0,0,0,0,0,0,0,0,0,0,13,90,0
82110,231,148039,5,11,2,4,0,3,0,3,2,18,0.066666667,0,0,1,10,0,0,0,0,0,0,7,1,10
82119,104,148039,1,104,23,23,6,15,3,19,6,18,0.233333333,52,0,12,1,0,0,0,0,0,0,16,66,25
82121,3,652701,1,3,3,0,0,0,0,0,0,3,0.033333333,0,0,0,0,0,0,0,0,0,0,3,3,0
82122,24,652701,1,24,7,16,0,0,0,5,1,3,0.033333333,0,0,0,0,0,0,0,0,0,0,8,24,0
82126,959,148039,4,83,7,24,5,16,12,18,8,18,0.166666667,0,0,14,0,0,0,0,0,0,0,19,19,57
82131,16,652701,1,16,9,2,0,0,5,0,0,3,0.033333333,0,0,0,0,0,0,0,0,0,0,4,16,0
82145,61,652701,1,61,10,15,12,9,1,4,1,3,0.1,0,0,0,11,0,0,0,0,0,0,19,50,0
82150,36,652701,3,4,3,0,0,0,0,0,0,3,0.033333333,0,0,0,0,0,0,0,0,0,0,4,4,0
82163,623,221833,3,1,1,0,0,0,0,0,0,58,0.033333333,0,0,0,0,0,0,0,0,0,0,1,1,0
82164,1095,652701,16,14,9,3,0,1,0,0,0,3,0.2,0,0,0,1,0,0,0,2,0,0,5,8,1
82171,178,652701,2,1,1,0,0,0,0,0,0,3,0.033333333,0,0,0,0,0,0,0,0,0,0,1,1,0
82174,33,148039,1,33,8,12,0,9,0,8,3,18,0.066666667,0,0,30,0,0,0,0,0,0,0,14,3,30
82187,324,41550,5,1,1,0,0,0,0,0,0,21,0.033333333,0,0,0,0,0,0,0,0,0,0,1,1,0
82194,10,652701,1,10,4,4,0,1,0,3,0,3,0.033333333,0,0,0,0,0,0,0,0,0,0,6,10,0
82195,51,652701,3,9,4,3,0,1,0,1,1,3,0.033333333,0,0,0,0,0,0,0,0,0,0,7,9,0
82206,850,652701,5,14,1,5,0,4,0,4,4,3,0.033333333,0,0,0,0,0,0,0,0,0,0,8,14,0
82210,7,652701,1,7,2,3,0,1,0,1,1,3,0.033333333,0,0,0,0,0,0,0,0,0,0,5,7,0
82213,77,652701,1,77,13,26,3,16,0,13,10,3,0.2,0,0,0,10,0,0,0,0,25,2,19,54,13
82214,70,652701,1,70,12,26,0,4,5,2,2,3,0.066666667,0,0,0,0,0,0,0,0,0,0,14,45,0
82215,25,41550,1,25,2,9,0,6,0,9,3,21,0.033333333,0,0,0,0,0,0,0,0,0,0,10,25,0
82218,56,221833,4,15,2,3,2,2,0,4,2,58,0.066666667,0,0,0,0,0,0,0,0,0,0,8,1,14
82230,165,652701,3,28,5,11,0,7,2,5,1,3,0.066666667,0,0,0,0,0,0,0,0,0,0,13,13,0
82239,82,652701,1,82,16,24,0,14,6,2,1,3,0.233333333,0,0,0,0,0,7,0,0,0,0,15,22,7
82244,407,221833,4,238,21,61,24,46,1,80,24,58,0.166666667,0,0,0,0,0,0,0,35,0,0,64,75,0
82248,6,148039,1,6,3,1,0,1,0,1,1,18,0.033333333,0,0,6,0,0,0,0,0,0,0,6,6,0
82254,65,652701,1,65,5,23,0,18,6,18,13,3,0.1,0,0,34,12,0,0,0,0,0,0,19,19,34
82262,48,652701,2,21,5,9,0,4,0,8,2,3,0.033333333,0,0,0,0,0,0,0,0,0,0,9,21,0
82283,23,652701,5,13,3,4,0,3,0,3,3,3,0.033333333,0,0,13,0,0,0,0,0,0,0,8,13,0
82295,35,74042,1,35,17,1,0,1,14,1,1,27,0.066666667,0,0,0,0,0,0,0,0,0,0,7,34,0
82297,8,74042,1,8,4,2,0,1,0,1,1,27,0.033333333,0,0,0,0,0,0,0,0,0,0,5,8,0
82301,4018,74042,6,1,1,0,0,0,0,0,0,27,0.033333333,0,0,0,0,0,0,0,0,0,0,1,1,0
82307,1,74042,1,1,1,0,0,0,0,0,0,27,0.033333333,0,0,0,0,0,0,0,0,0,0,1,1,0
82310,10,74042,1,10,6,1,0,1,0,2,1,27,0.033333333,0,0,0,0,0,0,0,0,0,0,6,10,0
82314,1,74042,1,1,1,0,0,0,0,0,0,27,0.033333333,0,0,0,0,0,0,0,0,0,0,1,1,0
82319,2,21216,1,2,2,0,0,0,0,0,0,19,0.033333333,0,0,0,0,0,0,0,0,0,0,2,2,0
82326,11,878119,1,11,3,3,0,1,0,5,1,20,0.033333333,0,0,0,11,0,0,0,0,0,0,7,11,0
82327,57,878119,1,57,9,37,2,3,0,32,2,20,0.1,0,0,0,21,0,0,0,0,0,0,28,57,0
82329,1,878119,1,1,1,0,0,0,0,0,0,20,0.033333333,0,0,0,1,0,0,0,0,0,0,1,1,0
82331,354,878119,5,136,18,47,5,39,0,37,20,20,0.233333333,1,0,41,34,11,15,0,0,0,0,53,1,41
82334,49,878119,1,49,7,30,1,5,0,21,5,20,0.133333333,0,14,0,15,9,0,0,0,0,0,25,14,11
82337,18,148500,2,3,3,0,0,0,0,0,0,29,0.033333333,3,0,0,0,0,0,0,0,0,0,3,3,0
82353,383,878119,4,66,6,26,0,18,0,21,14,20,0.1,0,0,0,13,0,0,0,0,0,0,31,38,15
82370,81,21560,4,1,1,0,0,0,0,0,0,9,0.033333333,0,0,0,0,0,0,0,0,0,0,1,1,0
82371,2,43183,1,2,2,0,0,0,0,0,0,24,0.033333333,0,0,0,0,0,2,0,0,0,0,2,2,0
82391,710,148500,1,710,100,140,155,12,4,386,19,29,0.5,46,66,29,0,62,0,44,62,0,0,78,39,33
82402,3,34988,1,3,3,0,0,0,0,0,0,108,0.066666667,0,1,0,0,0,0,0,2,0,0,2,1,0
82414,205,878119,1,205,25,40,26,0,78,51,0,20,0.1,32,0,0,47,0,0,0,0,0,0,29,126,47
82431,14,878119,1,14,5,4,0,3,0,2,2,20,0.033333333,0,0,0,14,0,0,0,0,0,0,9,14,0
82432,67,878119,3,1,1,0,0,0,0,0,0,20,0.033333333,0,0,0,1,0,0,0,0,0,0,1,1,0
82433,1,43183,1,1,1,0,0,0,0,0,0,24,0.033333333,0,0,0,0,0,1,0,0,0,0,1,1,0
82455,17,878119,1,17,8,9,0,0,0,6,0,20,0.033333333,0,0,0,17,0,0,0,0,0,0,7,17,0
82467,9,878119,1,9,2,5,0,2,0,2,0,20,0.033333333,0,0,0,9,0,0,0,0,0,0,6,9,0
82469,2,43183,2,1,1,0,0,0,0,0,0,24,0.033333333,0,0,0,0,0,1,0,0,0,0,1,1,0
82472,50,878119,1,50,7,39,1,0,0,37,0,20,0.033333333,0,0,0,50,0,0,0,0,0,0,23,50,0
82480,122,878119,1,122,9,36,62,0,1,40,0,20,0.133333333,40,45,0,30,0,0,0,0,7,0,41,40,45
82498,60,878119,1,60,12,23,0,14,1,16,4,20,0.1,0,0,0,23,0,0,8,0,0,0,19,29,0
82505,4,878119,1,4,4,0,0,0,0,0,0,20,0.033333333,0,0,0,4,0,0,0,0,0,0,3,4,0
82526,172,878119,4,153,6,96,0,29,0,87,22,20,0.166666667,0,0,0,49,0,19,23,39,0,0,36,72,0
82527,50,878119,1,50,9,30,0,7,0,15,4,20,0.1,0,0,0,13,0,0,28,0,0,0,9,9,0
82528,16,878119,1,16,4,7,0,2,1,6,1,20,0.033333333,0,0,0,16,0,0,0,0,0,0,12,16,0
82532,1,21560,1,1,1,0,0,0,0,0,0,9,0.033333333,0,0,0,0,0,0,0,0,0,0,1,1,0
82539,77,878119,4,8,1,6,0,1,0,5,0,20,0.033333333,0,0,0,8,0,0,0,0,0,0,7,8,0
82541,35,878119,2,13,1,5,0,4,0,5,2,20,0.033333333,0,0,0,13,0,0,0,0,0,0,6,13,0
82546,4,878119,1,4,2,2,0,0,0,1,0,20,0.033333333,0,0,0,4,0,0,0,0,0,0,4,4,0
82552,59,148500,2,1,1,0,0,0,0,0,0,29,0.033333333,1,0,0,0,0,0,0,0,0,0,1,1,0
82563,7,21560,2,2,2,0,0,0,0,0,0,9,0.033333333,0,0,0,0,0,0,0,0,0,0,2,2,0
82580,172,34988,4,6,2,2,0,1,0,1,1,108,0.033333333,0,0,0,0,0,0,0,6,0,0,5,6,0
82590,6,21216,1,6,2,2,0,1,0,1,1,19,0.033333333,0,0,0,0,0,0,0,0,0,0,5,6,0
82608,388,878119,2,131,14,41,29,19,2,34,14,20,0.233333333,0,0,0,60,3,0,0,0,0,0,47,94,3
82609,2096,346877,3,226,27,54,46,44,0,62,22,9,0.3,4,59,0,39,35,1,0,0,25,19,55,39,60
82614,31,399092,1,31,13,6,0,4,5,3,2,101,0.1,0,0,0,11,0,0,2,0,0,0,11,18,0
82615,1,399092,1,1,1,0,0,0,0,0,0,101,0.033333333,0,0,0,0,0,0,1,0,0,0,1,1,0
82628,289,140022,6,53,7,16,8,8,8,15,0,232,0.133333333,19,0,0,0,0,0,0,0,0,0,17,30,0
82635,929,85576,6,202,20,39,80,27,15,26,7,54,0.166666667,0,0,0,0,0,0,0,0,0,0,30,17,59
82641,16,346877,1,16,3,6,0,4,0,3,3,9,0.066666667,0,0,0,0,0,0,0,0,0,0,7,6,10
82643,338,334927,4,65,9,50,0,3,1,43,1,7,0.133333333,0,0,0,0,0,0,0,0,0,0,16,56,1
82664,1,250865,1,1,1,0,0,0,0,0,0,34,0.033333333,1,0,0,0,0,0,0,0,0,0,1,1,0
82671,28,878119,2,20,3,13,0,2,0,10,2,20,0.066666667,0,0,0,0,0,0,0,0,0,0,9,12,0
82695,31,247683,2,24,4,8,0,7,0,8,4,23,0.033333333,0,0,0,0,0,0,0,0,0,0,11,24,0
82708,185,247683,1,185,17,69,23,56,5,60,12,23,0.166666667,0,0,0,0,0,0,38,0,37,0,71,49,0
82716,135,878119,3,30,4,15,0,9,0,12,2,20,0.066666667,0,0,0,0,0,0,0,0,0,0,10,22,0
82721,302,260769,3,1,1,0,0,0,0,0,0,0,0.033333333,1,0,0,0,0,0,0,0,0,0,1,1,0
82722,779,85168,6,94,6,41,35,5,0,31,2,139,0.133333333,0,17,0,0,0,0,0,0,0,0,19,6,0
82735,1189,188602,6,168,11,59,70,4,0,62,3,96,0.166666667,0,0,0,0,0,0,0,0,0,0,50,6,0
82740,1,250865,1,1,1,0,0,0,0,0,0,34,0.033333333,1,0,0,0,0,0,0,0,0,0,1,1,0
82752,45,260769,2,32,9,11,0,5,1,8,1,0,0.033333333,32,0,0,0,0,0,0,0,0,0,9,32,0
82758,101,27035,3,1,1,0,0,0,0,0,0,60,0.033333333,0,1,0,0,0,0,0,0,0,0,1,1,0
82769,74,502584,2,37,5,16,0,8,0,16,8,143,0.033333333,0,0,0,0,0,0,0,37,0,0,15,37,0
82777,343,140022,4,134,4,15,48,12,1,30,9,232,0.133333333,2,0,0,0,0,0,0,0,0,0,39,1,38
82778,147,188602,2,6,4,2,0,0,0,1,0,96,0.066666667,0,0,0,0,0,0,0,0,0,0,5,2,0
82795,7,457932,1,7,2,2,2,1,0,1,0,21,0.066666667,0,6,0,0,0,0,0,0,0,0,5,1,0
82805,166,502584,3,25,6,8,0,6,0,5,5,143,0.1,0,0,7,0,0,0,0,17,0,0,14,1,17
82806,7,110497,1,7,1,4,0,1,0,3,1,24,0.033333333,0,0,0,0,0,0,0,0,0,0,5,7,0
82818,23,457932,1,23,1,6,6,5,0,5,4,21,0.033333333,0,23,0,0,0,0,0,0,0,0,12,23,0
82837,3,260769,1,3,3,0,0,0,0,0,0,0,0.033333333,3,0,0,0,0,0,0,0,0,0,2,3,0
82842,8,457932,2,7,2,5,0,0,0,2,0,21,0.033333333,0,7,0,0,0,0,0,0,0,0,6,7,0
82853,32,334927,1,32,11,16,0,1,3,8,0,7,0.066666667,0,0,0,0,0,0,0,0,0,0,11,1,0
82859,129,457932,3,45,5,18,2,11,0,11,9,21,0.066666667,0,26,0,0,0,0,0,0,0,0,22,45,0
82866,19,878119,1,19,8,9,0,0,0,7,0,20,0.066666667,0,0,0,0,0,0,0,0,0,0,7,7,12
82881,4,878119,3,2,2,0,0,0,0,0,0,20,0.033333333,0,0,0,0,0,0,0,0,0,0,1,2,0
82909,65,878119,4,7,1,3,0,2,0,2,1,20,0.033333333,0,0,0,0,0,0,0,0,0,0,5,7,0
82910,4,260769,1,4,2,2,0,0,0,1,0,0,0.066666667,1,3,0,0,0,0,0,0,0,0,4,1,3
82933,26,334927,4,7,3,2,0,1,0,1,1,7,0.033333333,0,0,0,0,0,0,0,0,0,0,6,7,0
82941,1,110497,1,1,1,0,0,0,0,0,0,24,0.033333333,0,0,0,0,0,0,0,0,0,0,1,1,0
82975,11,334927,1,11,3,6,0,1,0,3,1,7,0.033333333,0,0,0,0,0,0,0,0,0,0,7,11,0
82976,56,878119,2,43,7,12,8,7,4,11,1,20,0.1,0,0,0,0,0,0,0,0,0,0,14,2,0
82983,59,502584,1,59,10,20,0,14,3,17,12,143,0.066666667,0,0,0,0,0,0,0,34,0,0,25,25,34
82985,181,21560,3,1,1,0,0,0,0,0,0,9,0.033333333,0,0,0,0,0,0,0,0,0,0,1,1,0
82987,13,250865,5,1,1,0,0,0,0,0,0,34,0.033333333,1,0,0,0,0,0,0,0,0,0,1,1,0
82996,13,21560,5,1,1,0,0,0,0,0,0,9,0.033333333,0,0,0,0,0,0,0,0,0,0,1,1,0
83004,1030,250865,7,1,1,0,0,0,0,0,0,34,0.033333333,1,0,0,0,0,0,0,0,0,0,1,1,0
83056,23,110497,2,17,7,6,0,1,1,4,1,24,0.033333333,0,0,0,0,0,0,0,0,0,0,10,17,0
83060,61,878119,3,42,3,18,4,10,0,17,4,20,0.066666667,0,0,0,0,0,0,0,0,0,0,16,30,0
83063,193,878119,4,4,1,2,0,1,0,1,0,20,0.033333333,0,0,0,0,0,0,0,0,0,0,3,4,0
83085,56,110497,3,11,1,6,0,2,0,3,2,24,0.033333333,0,0,0,0,0,0,0,0,0,0,7,11,0
83091,721,334927,8,31,12,14,0,3,0,14,2,7,0.133333333,0,0,0,0,0,0,0,0,0,0,16,15,0
83115,60,878119,1,60,16,33,0,4,1,17,4,20,0.1,0,0,0,0,14,9,0,0,0,0,20,37,14
83118,37,457932,2,15,5,6,2,1,0,5,1,21,0.033333333,0,15,0,0,0,0,0,0,0,0,12,15,0
83128,235,334927,5,19,2,11,0,4,0,8,2,7,0.033333333,0,0,0,0,0,0,0,0,0,0,9,19,0
83143,2,457932,1,2,2,0,0,0,0,0,0,21,0.033333333,0,2,0,0,0,0,0,0,0,0,2,2,0
83176,485,878119,3,30,13,6,0,5,2,6,3,20,0.033333333,0,0,0,0,0,0,0,0,0,0,14,30,0
83184,27,878119,1,27,7,11,0,7,0,6,2,20,0.033333333,0,0,0,0,0,0,0,0,0,0,10,27,0
83187,22,334927,2,1,1,0,0,0,0,0,0,7,0.033333333,0,0,0,0,0,0,0,0,0,0,1,1,0
83189,1577,250865,6,281,8,65,64,54,0,95,26,34,0.166666667,79,0,0,0,0,0,0,0,0,0,48,160,0
83198,92,250865,1,92,11,39,0,7,2,54,2,34,0.066666667,43,0,0,0,0,0,0,0,0,0,12,92,0
83208,17,334927,1,17,5,10,0,2,0,7,0,7,0.066666667,0,8,0,0,0,0,0,0,0,0,10,17,0
83209,723,502584,5,30,2,21,0,7,0,20,0,143,0.033333333,0,0,0,0,0,0,0,30,0,0,9,30,0
83218,40,399092,4,37,18,10,0,4,0,9,0,101,0.033333333,0,0,0,0,0,0,37,0,0,0,10,37,0
83229,723,346877,5,38,2,29,0,7,0,28,0,9,0.033333333,0,0,0,0,0,0,0,0,0,0,10,38,0
83239,2,260769,1,2,2,0,0,0,0,0,0,0,0.033333333,2,0,0,0,0,0,0,0,0,0,1,2,0
83253,4,399092,2,2,2,0,0,0,0,0,0,101,0.033333333,0,0,0,0,0,0,2,0,0,0,2,2,0
83268,271,334927,3,1,1,0,0,0,0,0,0,7,0.033333333,0,0,0,0,0,0,0,0,0,0,1,1,0
83273,23,334927,2,21,7,5,0,1,6,2,1,7,0.033333333,0,0,0,0,0,0,0,0,0,0,9,21,0
83294,39,85576,2,19,6,5,2,1,0,4,1,54,0.066666667,0,0,0,0,0,0,0,0,6,0,9,13,6
83297,55,260769,3,14,4,7,0,0,1,7,0,0,0.033333333,14,0,0,0,0,0,0,0,0,0,7,14,0
83311,245,502584,1,245,10,63,44,23,9,101,34,143,0.166666667,0,0,38,32,0,0,0,11,0,0,33,13,162
83328,56,250865,2,27,11,10,0,3,2,2,1,34,0.1,13,0,0,0,0,0,0,0,0,0,8,14,0
83342,110,110497,6,11,2,4,0,3,0,3,2,24,0.033333333,0,0,0,0,0,0,0,0,0,0,8,11,0
83347,49,188602,5,2,2,0,0,0,0,0,0,96,0.033333333,0,0,0,0,0,0,0,0,0,0,2,2,0
83351,49,346877,5,5,1,2,0,1,0,1,1,9,0.033333333,0,0,0,0,0,0,0,0,0,0,4,5,0
83354,668,878119,9,27,1,15,0,8,0,14,3,20,0.066666667,0,0,0,0,0,0,0,0,0,0,12,24,3
83355,22,399092,3,2,2,0,0,0,0,0,0,101,0.033333333,0,0,0,0,0,0,2,0,0,0,2,2,0
83359,19,334927,2,6,2,2,0,1,0,1,1,7,0.033333333,0,0,0,0,0,0,0,0,0,0,5,6,0
83364,104,878119,3,1,1,0,0,0,0,0,0,20,0.033333333,0,0,0,0,0,0,0,0,0,0,1,1,0
83375,1,878119,1,1,1,0,0,0,0,0,0,20,0.033333333,0,0,0,0,0,0,0,0,0,0,1,1,0
83388,63,878119,1,63,6,17,5,15,5,15,11,20,0.033333333,0,0,0,0,0,0,0,0,0,0,20,63,0
83413,308,43183,2,5,5,0,0,0,0,0,0,24,0.1,0,0,0,0,0,0,0,0,0,0,1,2,1
83415,70,85168,1,70,9,16,7,12,7,20,5,139,0.033333333,0,0,0,0,0,0,0,0,0,0,16,70,0
83423,7,260769,1,7,2,2,0,1,0,2,1,0,0.033333333,7,0,0,0,0,0,0,0,0,0,5,7,0
83436,512,127749,8,1,1,0,0,0,0,0,0,102,0.033333333,1,0,0,0,0,0,0,0,0,0,1,1,0
83442,86,334927,1,86,18,24,7,18,4,14,9,7,0.033333333,0,0,0,0,0,0,0,0,0,0,28,86,0
83446,25,250865,1,25,3,10,0,4,0,9,4,34,0.033333333,25,0,0,0,0,0,0,0,0,0,11,25,0
83452,181,110497,1,181,7,33,78,24,2,50,9,24,0.1,0,1,0,0,0,0,0,0,0,13,17,1,0
83454,85,878119,2,7,2,3,0,2,0,2,0,20,0.033333333,0,0,0,0,0,0,0,0,0,0,4,7,0
83465,85,250865,2,10,2,6,0,1,0,5,1,34,0.033333333,10,0,0,0,0,0,0,0,0,0,6,10,0
83484,42,250865,3,8,4,2,0,1,0,1,1,34,0.033333333,8,0,0,0,0,0,0,0,0,0,5,8,0
83486,42,260769,3,33,9,12,0,7,0,5,4,0,0.033333333,33,0,0,0,0,0,0,0,0,0,10,33,0
83491,18,457932,1,18,2,7,0,6,3,6,0,21,0.033333333,0,18,0,0,0,0,0,0,0,0,7,18,0
83496,7,457932,4,4,4,0,0,0,0,0,0,21,0.1,0,1,0,0,0,0,0,0,0,0,2,3,0
83497,42,110497,3,1,1,0,0,0,0,0,0,24,0.033333333,0,0,0,0,0,0,0,0,0,0,1,1,0
83501,734,502584,1,734,58,84,230,77,21,229,41,143,0.5,0,0,0,39,0,0,0,2,39,0,145,127,77
83506,1,878119,1,1,1,0,0,0,0,0,0,20,0.033333333,0,0,0,0,0,0,0,0,0,0,1,1,0
83529,133,878119,2,56,11,22,13,3,4,13,0,20,0.133333333,0,21,0,6,0,0,0,0,0,0,22,14,0
83542,52,502584,3,13,5,7,0,1,0,2,0,143,0.066666667,0,0,0,0,0,0,0,8,0,0,5,5,0
83547,260,260769,4,149,10,54,0,2,1,87,8,0,0.166666667,6,0,0,24,97,0,0,1,21,0,53,103,0
83551,222,34988,3,165,6,44,40,14,4,65,10,108,0.133333333,0,0,0,0,0,0,0,0,0,0,32,46,0
83566,67,457932,2,22,2,7,3,6,0,6,4,21,0.033333333,0,22,0,0,0,0,0,0,0,0,11,22,0
83567,91,502584,1,91,3,28,14,7,1,49,5,143,0.033333333,0,0,0,0,0,0,0,91,0,0,12,91,0
83576,62,250865,2,61,11,27,1,11,0,25,5,34,0.066666667,2,0,0,0,0,0,0,0,0,0,13,59,0
83588,8,250865,2,1,1,0,0,0,0,0,0,34,0.033333333,1,0,0,0,0,0,0,0,0,0,1,1,0
83590,80,140022,2,50,2,8,14,7,0,16,5,232,0.033333333,50,0,0,0,0,0,0,0,0,0,14,50,0
83592,5,399092,1,5,5,0,0,0,0,0,0,101,0.033333333,0,0,0,0,0,0,5,0,0,0,4,5,0
83607,11,457932,2,4,4,0,0,0,0,0,0,21,0.033333333,0,4,0,0,0,0,0,0,0,0,4,4,0
83611,27,878119,1,27,2,12,0,7,0,11,6,20,0.033333333,0,0,0,0,0,0,0,0,0,0,14,27,0
83629,116,502584,2,106,35,32,0,15,3,22,8,143,0.166666667,0,0,0,0,0,0,0,8,0,0,19,42,49
83632,29,878119,1,29,7,20,0,1,1,11,0,20,0.033333333,0,0,0,0,0,0,0,0,0,0,14,29,0
83636,25,878119,1,25,5,11,0,6,0,6,3,20,0.033333333,0,0,0,0,0,0,0,0,0,0,11,25,0
83639,56,502584,3,13,2,9,0,1,0,6,1,143,0.033333333,0,0,0,0,0,0,0,13,0,0,6,13,0
83654,83,127749,5,1,1,0,0,0,0,0,0,102,0.033333333,1,0,0,0,0,0,0,0,0,0,1,1,0
83672,13,140022,1,13,3,2,3,1,0,2,1,232,0.033333333,13,0,0,0,0,0,0,0,0,0,6,13,0
83677,13,43183,2,2,2,0,0,0,0,0,0,24,0.033333333,0,0,0,0,0,0,0,0,0,0,2,2,0
83679,49,260769,2,47,10,30,0,5,0,20,2,0,0.066666667,19,0,0,0,0,0,0,0,0,0,18,28,0
83689,13,260769,1,13,4,6,0,2,0,3,1,0,0.033333333,13,0,0,0,0,0,0,0,0,0,7,13,0
83703,2,247683,1,2,2,0,0,0,0,0,0,23,0.033333333,0,0,0,0,0,0,0,0,0,0,2,2,0
83709,55,250865,1,55,6,16,0,11,3,25,5,34,0.166666667,2,0,0,0,0,0,0,0,0,0,10,6,15
83710,844,457932,5,114,11,45,16,25,0,26,15,21,0.166666667,0,6,0,0,0,0,0,0,0,0,27,45,44
83727,138,34988,3,3,1,2,0,0,0,1,0,108,0.033333333,0,0,0,0,0,0,0,0,0,0,3,3,0
83729,72,346877,1,72,7,11,27,7,5,17,1,9,0.066666667,6,0,0,0,0,0,0,0,0,0,17,6,0
83731,104,334927,2,83,9,31,0,24,6,19,12,7,0.133333333,0,0,0,0,0,0,0,0,0,0,25,16,59
83738,17,334927,3,4,4,0,0,0,0,0,0,7,0.033333333,0,0,0,0,0,0,0,0,0,0,2,4,0
83739,18,334927,2,6,2,2,0,1,0,1,1,7,0.033333333,0,0,0,0,0,0,0,0,0,0,5,6,0
83743,80,457932,2,30,1,8,8,7,0,7,6,21,0.033333333,0,30,0,0,0,0,0,0,0,0,19,30,0
83754,35,110497,1,35,13,14,0,6,0,6,1,24,0.1,0,25,0,0,0,0,0,0,0,0,10,25,4
83759,64,878119,2,57,17,21,0,10,1,9,6,20,0.166666667,0,0,0,0,0,0,0,0,0,0,14,22,25
83761,13,878119,1,13,4,5,0,3,0,2,1,20,0.033333333,0,0,0,0,0,0,0,0,0,0,9,13,0
83770,9,878119,1,9,4,3,0,2,0,1,0,20,0.033333333,0,0,0,0,0,0,0,0,0,0,6,9,0
83775,317,127749,6,1,1,0,0,0,0,0,0,102,0.033333333,1,0,0,0,0,0,0,0,0,0,1,1,0
83787,1,457932,1,1,1,0,0,0,0,0,0,21,0.033333333,0,1,0,0,0,0,0,0,0,0,1,1,0
83798,8,247683,5,1,1,0,0,0,0,0,0,23,0.033333333,0,0,0,0,0,0,0,0,0,0,1,1,0
83799,28,457932,1,28,6,10,2,6,1,6,2,21,0.033333333,0,28,0,0,0,0,0,0,0,0,11,28,0
83846,1,110497,1,1,1,0,0,0,0,0,0,24,0.033333333,0,0,0,0,0,0,0,0,0,0,1,1,0
83847,8,457932,5,1,1,0,0,0,0,0,0,21,0.033333333,0,1,0,0,0,0,0,0,0,0,1,1,0
83859,154,334927,2,32,6,15,0,7,0,8,4,7,0.1,0,0,0,0,0,0,0,0,0,0,11,10,21
83860,99,399092,1,99,32,10,15,8,11,17,6,101,0.1,0,0,0,0,0,0,1,0,0,0,22,12,0
83870,1770,188602,11,11,3,3,0,2,1,2,2,96,0.066666667,0,0,0,0,0,0,0,0,0,0,7,1,0
83878,3,878119,1,3,1,2,0,0,0,1,0,20,0.033333333,0,0,0,0,0,0,0,0,0,0,3,3,0
83885,9,878119,2,8,1,4,0,3,0,3,0,20,0.033333333,0,0,0,0,0,0,0,0,0,0,4,8,0
83894,283,457932,1,283,38,137,42,2,48,91,1,21,0.233333333,0,4,70,0,0,0,0,0,0,0,52,169,104
83900,7,346877,1,7,2,2,0,0,3,1,0,9,0.033333333,0,0,0,0,0,0,0,0,0,0,4,7,0
83907,179,878119,3,46,5,19,0,15,0,9,7,20,0.1,0,0,0,0,0,0,0,0,0,0,16,18,0
83916,64,127749,3,8,3,3,0,1,0,2,1,102,0.1,6,0,0,0,0,0,0,0,0,0,6,1,0
83924,4,346877,1,4,1,3,0,0,0,2,0,9,0.033333333,0,0,0,0,0,0,0,0,0,0,3,4,0
83925,171,878119,2,5,2,2,0,1,0,1,0,20,0.033333333,0,0,0,0,0,0,0,0,0,0,3,5,0
83926,106,46603,5,6,2,2,0,1,0,1,1,5,0.033333333,0,0,0,0,0,0,0,0,0,0,5,6,0
83945,224,34988,4,1,1,0,0,0,0,0,0,108,0.033333333,0,0,0,0,0,0,0,0,0,0,1,1,0
83952,6,346877,1,6,2,2,0,1,0,1,1,9,0.033333333,0,0,0,0,0,0,0,0,0,0,5,6,0
83958,276,188602,6,51,8,18,9,7,0,8,5,96,0.133333333,0,0,10,0,0,0,0,0,0,0,14,21,10
83963,50,878119,2,48,9,17,0,14,0,13,5,20,0.066666667,0,0,0,0,0,0,0,0,0,0,17,40,0
83982,4,399092,1,4,4,0,0,0,0,0,0,101,0.033333333,0,0,0,0,0,0,4,0,0,0,2,4,0
83999,49,334927,4,7,3,2,0,1,0,1,1,7,0.033333333,0,0,0,0,0,0,0,0,0,0,5,7,0
84005,6,334927,1,6,2,2,0,1,0,1,1,7,0.033333333,0,0,0,0,0,0,0,0,0,0,5,6,0
84006,147,334927,3,2,2,0,0,0,0,0,0,7,0.033333333,0,0,0,0,0,0,0,0,0,0,1,2,0
84009,9,878119,1,9,2,3,0,2,0,2,1,20,0.033333333,0,0,0,0,0,0,0,0,0,0,6,9,0
84017,1,43183,1,1,1,0,0,0,0,0,0,24,0.033333333,0,0,0,0,0,0,0,0,0,0,1,1,0
84023,27,878119,1,27,7,9,3,7,0,5,0,20,0.1,0,0,0,0,0,0,0,0,0,0,9,15,10
84035,5,346877,3,1,1,0,0,0,0,0,0,9,0.033333333,0,0,0,0,0,0,0,0,0,0,1,1,0
84046,6,250865,1,6,2,3,0,1,0,2,0,34,0.033333333,6,0,0,0,0,0,0,0,0,0,5,6,0
84057,58,346877,2,8,2,4,0,1,0,3,1,9,0.033333333,0,0,0,0,0,0,0,0,0,0,7,8,0
84061,209,46603,2,5,1,2,0,1,0,1,1,5,0.033333333,0,0,0,0,0,0,0,0,0,0,4,5,0
84092,3,399092,1,3,3,0,0,0,0,0,0,101,0.066666667,0,0,2,0,0,0,1,0,0,0,2,2,0
84093,42,399092,2,1,1,0,0,0,0,0,0,101,0.033333333,0,0,0,0,0,0,1,0,0,0,1,1,0
84094,90,250865,1,90,11,17,13,10,9,29,5,34,0.066666667,45,0,0,0,0,0,0,0,0,0,17,45,0
84100,21,878119,1,21,2,9,0,6,0,8,4,20,0.133333333,0,0,0,0,0,0,0,0,0,0,10,11,6
84101,30,457932,1,30,6,9,4,4,2,6,3,21,0.066666667,0,5,0,0,0,0,0,0,0,0,15,30,0
84106,4,260769,2,2,2,0,0,0,0,0,0,0,0.033333333,2,0,0,0,0,0,0,0,0,0,2,2,0
84125,11,334927,1,11,2,3,3,2,0,2,0,7,0.033333333,0,0,0,0,0,0,0,0,0,0,6,11,0
84129,113,250865,4,1,1,0,0,0,0,0,0,34,0.033333333,1,0,0,0,0,0,0,0,0,0,1,1,0
84151,35,878119,2,34,5,14,0,5,1,13,6,20,0.133333333,0,0,0,0,0,0,0,0,0,0,12,15,12
84189,40,41550,3,33,3,12,0,11,2,16,0,21,0.033333333,0,0,0,0,0,0,0,0,33,0,14,33,0
84190,87,41550,6,19,9,5,0,3,1,2,1,21,0.066666667,0,0,0,0,0,0,0,0,14,0,8,19,0
84197,1,41550,1,1,1,0,0,0,0,0,0,21,0.033333333,0,0,0,0,0,0,0,0,1,0,1,1,0
84200,10,41550,1,10,4,6,0,0,0,5,0,21,0.033333333,0,0,0,0,0,0,0,0,10,0,9,10,0
84201,5,41550,1,5,3,1,0,1,0,1,0,21,0.033333333,0,0,0,0,0,0,0,0,5,0,4,5,0
84216,1,41550,1,1,1,0,0,0,0,0,0,21,0.033333333,0,0,0,0,0,0,0,0,1,0,1,1,0
84223,3,41550,1,3,3,0,0,0,0,0,0,21,0.033333333,0,0,0,0,0,0,0,0,0,3,2,3,0
84231,1,41550,1,1,1,0,0,0,0,0,0,21,0.033333333,0,0,0,0,0,0,0,0,0,1,1,1,0
84235,4,41550,1,4,4,0,0,0,0,0,0,21,0.033333333,0,0,0,0,0,0,0,0,0,4,2,4,0
84237,2,41550,1,2,2,0,0,0,0,0,0,21,0.033333333,0,0,0,0,0,0,0,0,0,2,2,2,0
84246,17,41550,1,17,7,5,0,4,0,4,0,21,0.033333333,0,0,0,0,0,0,0,0,0,17,7,17,0
84252,507,41550,4,11,2,5,0,4,0,4,0,21,0.033333333,0,0,0,0,0,0,0,0,0,11,7,11,0
84256,2,41550,2,1,1,0,0,0,0,0,0,21,0.033333333,0,0,0,0,0,0,0,0,0,1,1,1,0
84262,17,74042,1,17,9,3,0,2,0,1,1,27,0.033333333,0,0,0,0,0,0,0,0,0,0,9,17,0
84265,355,74042,4,1,1,0,0,0,0,0,0,27,0.033333333,0,0,0,0,0,0,0,0,0,0,1,1,0
84269,2,74042,1,2,2,0,0,0,0,0,0,27,0.033333333,0,0,0,0,0,0,0,0,0,0,2,2,0
84271,14,74042,1,14,6,5,0,2,0,2,1,27,0.033333333,0,0,0,0,0,0,0,0,0,0,7,14,0
84275,6,74042,1,6,3,1,0,1,0,1,1,27,0.033333333,0,0,0,0,0,0,0,0,0,0,6,6,0
84280,555,74042,2,1,1,0,0,0,0,0,0,27,0.033333333,0,0,0,0,0,0,0,0,0,0,1,1,0
84301,26,91935,2,1,1,0,0,0,0,0,0,26,0.033333333,0,0,0,0,0,0,0,0,0,0,1,1,0
84302,755,91935,4,488,16,94,5,59,268,51,32,26,0.3,0,0,0,0,0,0,0,0,0,0,45,279,81
84313,1,91935,1,1,1,0,0,0,0,0,0,26,0.033333333,0,0,0,0,0,0,0,0,0,0,1,1,0
84322,6,91935,1,6,1,2,0,1,0,2,1,26,0.033333333,0,0,0,0,0,0,0,0,0,0,4,6,0
84326,222,91935,5,36,5,12,5,7,1,6,2,26,0.133333333,0,0,0,0,0,0,0,0,0,0,15,17,6
84342,86,89830,2,74,6,12,7,8,1,28,16,108,0.066666667,0,0,0,0,0,0,0,0,0,0,14,66,0
84345,233,91935,2,100,6,27,36,20,0,17,7,26,0.2,0,0,3,0,0,0,0,0,31,0,46,62,27
84346,62,91935,2,30,12,7,0,5,3,3,2,26,0.066666667,0,0,0,0,0,0,0,0,0,0,9,21,0
84353,31,91935,1,31,6,14,0,6,2,9,2,26,0.033333333,0,0,0,0,0,0,0,0,0,0,7,31,0
84374,3,91935,1,3,3,0,0,0,0,0,0,26,0.033333333,0,0,0,0,0,0,0,0,0,0,2,3,0
84376,168,91935,2,3,1,2,0,0,0,1,0,26,0.033333333,0,0,0,0,0,0,0,0,0,0,3,3,0
84380,101,91935,7,6,1,3,0,1,0,2,1,26,0.033333333,0,0,0,0,0,0,0,0,0,0,5,6,0
84386,43,89830,1,43,7,8,6,6,3,9,7,108,0.033333333,0,0,0,0,0,0,0,0,0,0,14,43,0
84399,157,89830,3,154,19,34,17,18,1,52,26,108,0.2,0,0,0,0,0,0,0,0,0,0,39,56,21
84403,426,91935,4,124,16,41,22,28,0,25,16,26,0.166666667,0,0,0,0,0,0,0,0,0,0,52,6,0
84407,122,91935,3,23,2,6,0,5,0,8,7,26,0.033333333,0,0,0,0,0,0,0,0,0,0,13,23,0
84409,989,91935,8,7,3,2,0,1,0,1,1,26,0.066666667,0,0,0,0,0,5,0,0,0,0,5,2,0
84412,24,91935,1,24,3,13,0,5,0,8,3,26,0.066666667,0,0,0,0,0,0,0,0,0,0,5,14,0
84413,46,89830,2,20,4,7,0,5,0,4,4,108,0.033333333,0,0,0,0,0,0,0,0,0,0,11,20,0
84416,1,91935,1,1,1,0,0,0,0,0,0,26,0.033333333,0,0,0,0,0,0,0,0,0,0,1,1,0
84417,150,91935,2,42,3,14,12,6,0,14,4,26,0.066666667,0,0,0,0,0,0,0,0,0,0,14,21,0
84436,36,85576,3,1,1,0,0,0,0,0,0,54,0.033333333,0,0,0,0,0,0,0,0,0,0,1,1,0
84468,152,261579,9,11,3,7,0,1,0,4,0,5,0.1,0,0,0,0,0,0,6,0,0,4,5,1,4
84484,7,110497,1,7,3,2,0,1,0,1,1,24,0.033333333,0,0,0,0,0,0,0,0,0,0,6,7,0
84490,840,502584,1,840,19,83,257,32,163,253,14,143,0.166666667,0,0,0,0,108,0,0,169,0,0,121,719,0
84497,26,502584,2,22,5,10,0,5,0,3,2,143,0.066666667,0,0,0,0,0,0,0,0,0,0,9,15,0
84503,6,334927,1,6,2,2,0,1,0,1,1,7,0.033333333,0,0,0,0,0,0,0,0,0,0,5,6,0
84513,8,334927,1,8,3,2,0,1,0,1,1,7,0.033333333,0,0,0,0,0,0,0,0,0,0,6,8,0
84525,929,85576,5,9,2,5,0,1,0,5,0,54,0.033333333,0,0,0,0,0,0,0,0,0,0,5,9,0
84528,1,261579,1,1,1,0,0,0,0,0,0,5,0.033333333,0,0,0,0,0,0,1,0,0,0,1,1,0
84529,32,334927,1,32,1,11,1,10,0,10,9,7,0.033333333,0,0,0,0,0,0,0,0,0,0,18,32,0
84546,648,502584,2,627,16,56,229,43,4,206,24,143,0.2,0,0,0,0,275,0,0,0,134,0,128,2,275
84564,81,399092,1,81,12,12,15,1,7,25,1,101,0.066666667,0,0,0,0,0,0,0,0,0,0,14,10,0
84565,650,250865,3,163,7,42,19,38,1,63,14,34,0.1,0,0,0,0,0,0,0,0,0,0,19,148,7
84584,273,110497,3,8,1,3,0,2,0,2,2,24,0.066666667,0,0,0,0,0,0,0,0,0,0,6,6,2
84588,84,334927,4,13,1,4,0,3,2,3,3,7,0.033333333,0,0,0,0,0,0,0,0,0,0,8,13,0
84590,120,502584,3,1,1,0,0,0,0,0,0,143,0.033333333,0,0,0,0,0,0,0,0,0,0,1,1,0
84604,165,250865,2,4,2,2,0,0,0,1,0,34,0.033333333,0,0,0,0,0,0,0,0,0,0,3,4,0
84613,2,334927,1,2,2,0,0,0,0,0,0,7,0.033333333,0,0,0,0,0,0,0,0,0,0,2,2,0
84623,129,85576,4,10,2,4,0,2,0,3,2,54,0.033333333,0,0,0,0,0,0,0,0,0,0,7,10,0
84628,3,334927,1,3,3,0,0,0,0,0,0,7,0.033333333,0,0,0,0,0,0,0,0,0,0,2,3,0
84642,14,188602,1,14,8,2,0,1,0,1,1,96,0.033333333,0,0,0,0,0,0,0,0,0,0,7,14,0
84643,7,334927,1,7,3,2,0,1,0,1,1,7,0.033333333,0,0,0,0,0,0,0,0,0,0,4,7,0
84658,69,110497,8,9,4,3,0,2,0,2,0,24,0.033333333,0,0,0,0,0,0,0,0,0,0,5,9,0
84659,110,250865,1,110,34,26,11,15,4,22,5,34,0.166666667,0,0,0,0,66,0,0,0,0,0,17,78,0
84662,69,127749,8,1,1,0,0,0,0,0,0,102,0.033333333,0,0,0,0,0,0,0,0,0,0,1,1,0
84679,56,250865,1,56,13,22,0,1,2,23,1,34,0.033333333,0,0,0,0,0,0,0,0,0,0,11,56,0
84685,400,27035,3,1,1,0,0,0,0,0,0,60,0.033333333,0,0,0,0,0,0,0,0,0,0,1,1,0
84690,8,334927,1,8,4,1,0,1,1,1,1,7,0.033333333,0,0,0,0,0,0,0,0,0,0,6,8,0
84700,45,127749,2,44,6,18,0,11,1,11,7,102,0.066666667,0,0,0,0,0,0,0,0,0,0,14,22,0
84704,333,334927,8,1,1,0,0,0,0,0,0,7,0.033333333,0,0,0,0,0,0,0,0,0,0,1,1,0
84719,2,250865,2,1,1,0,0,0,0,0,0,34,0.033333333,0,0,0,0,0,0,0,0,0,0,1,1,0
84731,2,260769,1,2,2,0,0,0,0,0,0,0,0.033333333,0,0,0,0,0,0,0,0,0,0,2,2,0
84736,23,188602,2,9,6,2,0,0,0,1,1,96,0.066666667,1,0,0,0,0,0,0,0,0,0,5,8,0
84739,556,502584,3,422,16,121,101,59,3,157,29,143,0.3,0,0,0,0,97,22,0,0,0,0,83,98,67
84752,285,140022,6,21,6,7,0,5,0,4,3,232,0.066666667,0,0,0,0,0,0,0,0,0,0,12,1,0
84755,15,457932,1,15,4,2,3,0,1,4,0,21,0.033333333,0,0,0,0,0,0,0,0,0,0,6,15,0
84760,15,42723,1,15,5,5,0,3,0,2,2,6,0.066666667,0,0,0,0,0,0,0,0,0,0,7,8,0
84797,6,250865,1,6,1,3,0,1,0,2,1,34,0.033333333,0,0,0,0,0,0,0,0,0,0,4,6,0
84799,147,260769,5,1,1,0,0,0,0,0,0,0,0.033333333,0,0,0,0,0,0,0,0,0,0,1,1,0
84805,271,85576,2,1,1,0,0,0,0,0,0,54,0.033333333,0,0,0,0,0,0,0,0,0,0,1,1,0
84809,382,250865,4,4,2,2,0,0,0,1,0,34,0.033333333,0,0,0,0,0,0,0,0,0,0,3,4,0
84818,31,261579,5,7,2,3,0,1,0,2,1,5,0.033333333,0,0,0,0,0,0,7,0,0,0,5,7,0
84821,31,188602,5,6,2,2,0,1,0,1,1,96,0.033333333,0,0,0,0,0,0,0,0,0,0,5,6,0
84825,40,110497,2,39,10,12,0,0,4,20,0,24,0.033333333,0,0,0,0,0,0,0,0,0,0,11,39,0
84828,72,127749,6,13,4,5,0,2,0,2,2,102,0.066666667,0,0,0,0,0,0,0,0,0,0,7,5,0
84835,8,260769,2,7,3,2,0,1,0,1,1,0,0.033333333,0,0,0,0,0,0,0,0,0,0,5,7,0
84836,58,399092,3,36,19,3,0,2,0,8,2,101,0.1,0,0,0,0,0,0,0,0,0,0,10,21,14
84843,169,127749,1,169,19,28,64,20,13,18,10,102,0.2,0,0,0,0,1,0,0,0,0,0,52,4,0
84847,856,127749,9,135,10,48,43,19,0,38,11,102,0.133333333,0,0,0,0,0,0,0,0,0,0,42,86,0
84852,612,260769,4,384,9,164,61,83,0,150,56,0,0.1,0,0,0,0,0,0,0,0,0,0,60,93,0
84858,514,110497,13,40,8,17,0,1,8,19,0,24,0.066666667,0,0,0,0,0,0,0,0,0,0,9,39,0
84867,7,399092,1,7,6,0,0,0,1,0,0,101,0.1,0,0,0,0,0,0,0,0,0,0,3,3,0
84869,17,42723,2,1,1,0,0,0,0,0,0,6,0.033333333,0,0,0,0,0,0,0,0,0,0,1,1,0
84874,431,247683,4,124,9,47,10,40,0,36,18,23,0.166666667,7,31,0,0,0,0,0,0,0,0,45,66,0
84878,489,346877,3,9,1,3,0,2,0,4,1,9,0.033333333,0,0,0,0,0,0,0,0,0,0,5,9,0
84906,9,42723,1,9,2,3,0,2,0,2,2,6,0.066666667,0,0,0,0,0,0,0,0,0,0,6,7,2
84910,132,260769,2,1,1,0,0,0,0,0,0,0,0.033333333,0,0,0,0,0,0,0,0,0,0,1,1,0
84912,19,502584,1,19,2,2,3,1,0,7,1,143,0.033333333,0,0,0,0,0,0,0,0,0,0,6,19,0
84921,171,85576,4,6,2,2,0,1,0,1,1,54,0.033333333,0,0,0,0,0,0,0,0,0,0,5,6,0
84925,37,46603,4,13,4,6,0,3,0,1,0,5,0.1,0,0,0,0,0,0,0,0,0,0,5,5,0
84926,14,247683,2,8,2,4,0,1,0,3,1,23,0.033333333,0,0,0,0,0,0,0,0,0,0,6,8,0
84927,247,247683,1,247,14,86,28,78,3,71,38,23,0.233333333,0,0,0,67,0,0,0,0,0,4,69,16,114
84929,2,250865,2,1,1,0,0,0,0,0,0,34,0.033333333,0,0,0,0,0,0,0,0,0,0,1,1,0
84930,15,334927,1,15,3,8,0,4,0,5,0,7,0.066666667,0,0,0,0,0,0,0,0,0,0,7,11,4
84931,9,140022,1,9,1,3,0,1,3,2,1,232,0.033333333,0,0,0,0,0,0,0,0,0,0,5,9,0
84940,220,247683,4,145,36,62,17,3,18,48,1,23,0.133333333,0,0,0,0,0,0,0,0,0,0,39,29,0
84952,84,457932,1,84,12,49,12,5,0,38,3,21,0.133333333,0,0,0,0,0,0,0,0,0,0,29,1,0
84954,1117,260769,4,350,26,95,73,64,0,107,28,0,0.4,0,5,0,71,0,0,1,0,0,0,77,174,130
84956,15,260769,1,15,4,9,0,1,0,4,1,0,0.1,0,0,0,0,0,0,0,0,0,0,9,10,0
84963,89,457932,5,1,1,0,0,0,0,0,0,21,0.033333333,0,0,0,0,0,0,0,0,0,0,1,1,0
84970,312,261579,3,90,3,44,0,20,0,42,10,5,0.066666667,0,0,0,0,0,0,74,0,0,0,24,16,0
84976,7,261579,1,7,2,3,0,1,0,2,1,5,0.033333333,0,0,0,0,0,0,7,0,0,0,5,7,0
84977,295,502584,1,295,26,93,0,31,15,141,8,143,0.166666667,0,0,47,39,64,0,0,0,0,0,30,89,56
84983,796,399092,6,1,1,0,0,0,0,0,0,101,0.033333333,0,0,0,0,0,0,0,0,0,0,1,1,0
84990,261,247683,1,261,28,89,24,71,14,63,31,23,0.166666667,33,0,0,0,59,0,0,0,40,0,86,120,92
85003,17,110497,2,9,3,4,0,1,0,1,1,24,0.033333333,0,0,0,0,0,0,0,0,0,0,6,9,0
85007,11,457932,1,11,2,3,3,2,0,2,1,21,0.033333333,0,0,0,0,0,0,0,0,0,0,7,11,0
85008,558,247683,1,558,62,178,36,132,81,125,68,23,0.3,0,0,0,0,0,0,0,0,148,0,109,133,24
85011,384,502584,1,384,10,154,78,27,5,209,18,143,0.2,0,0,0,2,0,0,1,44,0,0,70,48,156
85012,31,85576,4,24,5,9,0,6,0,4,4,54,0.1,0,0,0,0,0,0,0,0,0,0,8,23,0
85013,111,457932,4,63,10,29,1,4,17,14,2,21,0.166666667,0,0,6,0,0,0,0,0,0,0,17,47,0
85015,24,502584,1,24,5,7,0,6,0,6,6,143,0.066666667,0,0,0,0,0,0,0,0,0,0,14,18,0
85019,119,86829,4,27,4,10,0,6,0,8,2,63,0.066666667,0,0,0,0,0,0,0,0,0,0,9,8,0
85027,8,250865,1,8,4,2,0,1,0,1,1,34,0.033333333,0,0,0,0,0,0,0,0,0,0,5,8,0
85028,33,247683,1,33,1,14,0,11,0,13,7,23,0.033333333,0,0,0,0,0,0,0,0,0,0,20,33,0
85037,188,260769,2,105,15,34,0,27,0,26,14,0,0.166666667,0,0,7,10,0,0,0,0,0,0,22,72,15
85038,52,250865,1,52,10,13,12,0,4,21,1,34,0.033333333,0,0,0,0,0,0,0,0,0,0,13,52,0
85045,454,334927,5,69,8,31,3,10,8,26,8,7,0.033333333,0,0,0,0,0,0,0,0,0,0,23,69,0
85050,14,85576,2,8,4,2,0,1,0,1,1,54,0.033333333,0,0,0,0,0,0,0,0,0,0,5,8,0
85126,254,346877,4,9,2,3,0,2,0,2,2,9,0.033333333,0,0,0,0,0,0,0,0,0,0,7,9,0
85129,396,85576,7,17,5,5,0,3,2,4,0,54,0.033333333,0,0,0,0,0,0,0,0,0,0,4,17,0
85132,33,502584,1,33,7,2,8,2,2,8,2,143,0.033333333,0,0,0,0,0,0,0,0,0,0,8,33,0
85136,586,260769,10,64,4,26,6,0,0,38,0,0,0.133333333,0,0,0,0,0,0,0,0,0,0,15,32,17
85149,180,46603,7,4,2,2,0,0,0,1,0,5,0.033333333,0,0,0,0,0,0,0,0,0,0,3,4,0
85170,31,502584,11,2,2,0,0,0,0,0,0,143,0.066666667,0,0,0,0,0,0,0,0,0,0,1,1,0
85175,12,247683,7,1,1,0,0,0,0,0,0,23,0.033333333,0,0,0,0,0,0,0,0,0,0,1,1,0
85198,6,140022,1,6,2,4,0,0,0,3,0,232,0.033333333,0,0,0,0,0,0,0,0,0,0,6,6,0
85202,452,247683,7,2,2,0,0,0,0,0,0,23,0.033333333,0,0,0,0,0,0,0,0,0,0,1,2,0
85216,138,457932,4,8,2,6,0,0,0,5,0,21,0.033333333,0,0,0,0,0,0,0,0,0,0,8,8,0
85221,1,127749,1,1,1,0,0,0,0,0,0,102,0.033333333,0,0,0,0,0,0,0,0,0,0,1,1,0
85244,3,502584,2,1,1,0,0,0,0,0,0,143,0.033333333,0,0,0,0,0,0,0,0,0,0,1,1,0
85247,83,399092,2,70,8,23,0,18,0,29,4,101,0.1,0,0,0,0,0,0,0,0,0,0,21,38,0
85250,252,188602,3,116,22,30,22,21,9,13,6,96,0.2,0,0,0,0,0,10,0,0,0,0,20,12,0
85263,129,85168,3,1,1,0,0,0,0,0,0,139,0.033333333,0,0,0,0,0,0,0,0,0,0,1,1,0
85266,237,334927,2,111,12,60,2,21,4,43,12,7,0.166666667,0,0,0,1,0,0,0,0,0,0,25,81,0
85270,637,502584,1,637,28,98,192,17,19,279,11,143,0.2,0,0,0,29,28,74,57,0,0,0,116,64,0
85292,39,457932,2,2,2,0,0,0,0,0,0,21,0.033333333,0,0,0,0,0,0,0,0,0,0,2,2,0
85309,38,334927,1,38,8,22,0,3,2,13,3,7,0.066666667,0,0,0,0,0,0,0,0,0,0,13,17,0
85312,3,457932,2,2,2,0,0,0,0,0,0,21,0.033333333,0,0,0,0,0,0,0,0,0,0,1,2,0
85324,25,85168,1,25,8,9,0,4,1,6,2,139,0.066666667,16,0,0,0,0,0,0,0,0,0,10,9,0
85326,965,457932,7,10,1,5,3,0,0,4,0,21,0.033333333,0,0,0,0,0,0,0,0,0,0,7,10,0
85330,86,334927,3,13,6,7,0,0,0,6,0,7,0.033333333,0,0,0,0,0,0,0,0,0,0,5,13,0
85345,262,110497,6,20,13,3,0,2,0,2,2,24,0.066666667,0,0,0,0,0,0,0,0,0,0,9,12,0
85348,565,250865,2,1,1,0,0,0,0,0,0,34,0.033333333,0,0,0,0,0,0,0,0,0,0,1,1,0
85350,24,250865,3,2,2,0,0,0,0,0,0,34,0.033333333,0,0,0,0,0,0,0,0,0,0,2,2,0
85374,24,334927,3,1,1,0,0,0,0,0,0,7,0.033333333,0,0,0,0,0,0,0,0,0,0,1,1,0
85391,355,907118,2,238,22,134,31,1,16,144,1,19,0.233333333,0,0,0,61,5,0,0,2,0,0,60,30,20
85395,12,907118,1,12,2,8,0,1,0,8,0,19,0.066666667,0,0,0,0,0,0,0,0,0,0,8,9,3
85419,316,907118,1,316,51,119,34,13,68,84,4,19,0.566666667,0,5,18,0,24,0,14,3,39,20,74,38,37
85438,1589,89830,9,42,6,14,5,10,1,7,5,108,0.1,0,0,0,0,0,0,0,0,0,0,17,11,0
85456,40,907118,1,40,7,16,2,10,0,11,5,19,0.066666667,0,0,0,0,0,0,0,0,0,0,20,20,20
85458,37,907118,1,37,5,13,3,10,0,8,5,19,0.066666667,0,0,0,0,0,0,0,0,0,0,19,32,0
85474,315,907118,2,154,19,55,12,37,6,44,18,19,0.2,0,0,0,0,0,0,46,0,0,0,54,1,145
85475,157,907118,1,157,24,87,6,3,21,58,13,19,0.133333333,0,0,0,0,0,0,0,0,0,0,32,142,0
85480,2205,907118,6,139,18,50,8,39,0,33,20,19,0.3,0,12,0,0,0,0,30,0,0,0,49,53,14
85507,14,907118,1,14,4,6,0,4,0,3,0,19,0.033333333,0,0,0,0,0,0,0,0,0,0,6,14,0
85508,1,91935,1,1,1,0,0,0,0,0,0,26,0.033333333,1,0,0,0,0,0,0,0,0,0,1,1,0
85511,396,907118,1,396,29,166,22,89,8,144,42,19,0.333333333,0,0,7,0,0,6,151,87,0,0,68,60,78
85524,14,907118,1,14,3,4,0,3,0,6,1,19,0.033333333,0,0,0,0,0,0,0,0,0,0,8,14,0
85537,330,907118,2,329,51,110,24,73,3,99,31,19,0.233333333,0,55,0,0,0,0,0,0,0,72,80,161,72
85544,57,907118,1,57,8,16,1,10,20,7,1,19,0.066666667,0,0,0,0,0,0,0,0,0,0,13,40,0
85545,1,907118,1,1,1,0,0,0,0,0,0,19,0.033333333,0,0,0,0,0,0,0,0,0,0,1,1,0
85550,5,907118,1,5,5,0,0,0,0,0,0,19,0.033333333,0,0,0,0,0,0,0,0,0,0,2,5,0
85572,5,155579,1,5,2,2,0,1,0,1,0,17,0.033333333,0,0,0,0,0,0,0,0,0,0,4,5,0
85595,62,907118,1,62,9,20,5,15,2,18,8,19,0.1,0,0,0,0,0,0,0,0,0,0,22,13,0
85617,68,907118,1,68,7,34,2,15,1,30,6,19,0.066666667,0,0,0,0,0,0,0,0,0,0,17,64,0
85625,132,907118,2,67,8,27,13,2,0,26,9,19,0.133333333,0,0,0,0,0,0,0,0,0,0,36,14,0
85637,25,907118,2,24,7,8,0,4,0,7,4,19,0.033333333,0,0,0,0,0,0,0,0,0,0,14,24,0
85638,83,907118,1,83,18,23,4,18,0,25,6,19,0.033333333,0,0,0,0,0,0,0,0,0,0,23,83,0
85649,108,907118,9,15,6,4,0,2,3,1,0,19,0.066666667,0,0,0,0,0,0,0,0,0,0,5,6,9
85654,5,91935,1,5,1,2,0,1,0,1,1,26,0.033333333,5,0,0,0,0,0,0,0,0,0,4,5,0
85665,17,907118,1,17,4,5,0,4,0,4,3,19,0.033333333,0,0,0,0,0,0,0,0,0,0,11,17,0
85667,259,907118,4,201,24,122,8,12,7,93,21,19,0.333333333,0,43,7,0,16,0,0,17,0,0,49,46,7
85668,11,155579,1,11,6,5,0,0,0,4,0,17,0.033333333,0,0,0,0,0,0,0,0,0,0,9,11,0
85670,16,89830,1,16,6,3,0,2,1,2,2,108,0.033333333,0,0,0,0,0,0,0,0,0,0,8,16,0
85698,4,907118,1,4,3,0,0,0,0,0,0,19,0.033333333,0,0,0,0,0,0,0,0,0,0,4,4,0
85699,13,907118,1,13,5,6,0,2,0,3,0,19,0.066666667,0,0,0,0,0,0,0,0,0,0,7,5,0
85703,357,907118,1,357,35,98,34,74,57,87,20,19,0.166666667,0,0,0,0,0,0,0,0,87,0,68,153,97
85713,10,89830,1,10,2,4,0,2,1,1,1,108,0.066666667,0,0,0,4,0,0,0,0,0,0,5,6,0
85718,373,907118,1,373,30,222,26,59,3,186,7,19,0.433333333,28,0,27,86,0,0,0,0,0,20,58,19,25
85719,54,907118,1,54,9,19,9,12,0,10,0,19,0.1,0,0,0,0,0,0,0,0,0,0,15,40,6
85721,43,907118,1,43,15,11,0,8,2,6,5,19,0.066666667,0,0,25,0,0,0,0,0,0,0,15,18,0
85732,243,907118,1,243,13,109,11,61,10,83,37,19,0.333333333,0,0,11,31,0,0,0,0,0,23,76,82,63
85744,27,907118,1,27,2,10,2,8,0,9,4,19,0.033333333,0,0,0,0,0,0,0,0,0,0,12,27,0
85749,907,907118,10,1,1,0,0,0,0,0,0,19,0.033333333,0,0,0,0,0,0,0,0,0,0,1,1,0
85775,60,907118,1,60,13,26,0,17,0,11,4,19,0.166666667,0,8,0,0,0,0,0,0,0,0,16,16,0
85779,2,89830,1,2,2,0,0,0,0,0,0,108,0.066666667,0,0,0,0,0,0,0,0,0,0,1,1,1
85782,50,89830,1,50,15,12,0,6,0,16,6,108,0.033333333,0,0,0,0,0,0,0,0,0,0,11,50,0
85796,52,907118,1,52,10,25,0,11,1,16,4,19,0.066666667,0,0,0,0,0,0,0,0,0,0,15,15,0
85797,48,155579,3,9,2,3,0,2,0,2,2,17,0.033333333,0,0,0,0,0,0,0,0,0,0,7,9,0
85806,233,907118,1,233,24,89,15,56,3,72,28,19,0.266666667,0,6,0,0,0,0,0,13,64,0,66,115,0
85807,189,91935,5,7,3,2,0,1,0,1,1,26,0.033333333,7,0,0,0,0,0,0,0,0,0,5,7,0
85810,187,907118,1,187,39,58,31,34,13,38,0,19,0.133333333,51,0,0,0,0,0,0,0,0,0,35,42,60
85824,265,907118,2,102,12,43,4,26,4,25,12,19,0.2,0,0,0,0,0,0,0,0,0,0,30,20,9
85839,10,907118,1,10,5,2,0,1,0,2,0,19,0.033333333,0,0,0,0,0,0,0,0,0,0,6,10,0
85840,96,907118,1,96,7,33,9,27,3,24,13,19,0.133333333,0,0,0,0,0,0,0,0,0,0,34,46,0
85841,999,155579,6,356,26,55,67,45,17,129,57,17,0.233333333,0,0,10,0,0,0,33,0,0,3,73,263,0
85858,1,907118,1,1,1,0,0,0,0,0,0,19,0.033333333,0,0,0,0,0,0,0,0,0,0,1,1,0
85870,154,907118,1,154,12,56,9,44,14,46,9,19,0.2,0,0,0,0,19,0,0,0,0,0,45,81,0
85879,6,907118,1,6,3,2,0,1,0,1,0,19,0.033333333,0,0,0,0,0,0,0,0,0,0,4,6,0
85891,2710,195289,6,1377,88,189,486,133,110,328,47,105,0.766666667,2,0,128,115,57,7,0,38,25,1,174,830,211
85898,149,907118,1,149,15,67,9,33,0,34,11,19,0.2,0,0,0,0,0,3,0,33,17,0,34,71,0
85901,183,91935,3,21,4,7,0,4,0,4,4,26,0.1,0,0,0,0,0,0,11,0,0,0,9,5,0
85907,759,155579,1,759,82,249,65,144,52,260,61,17,0.2,0,0,0,0,69,63,89,0,60,0,77,83,455
85922,364,907118,1,364,24,130,24,110,0,116,57,19,0.366666667,0,42,57,0,0,0,0,19,36,0,86,38,50
85923,8,195289,1,8,4,2,0,1,0,1,1,105,0.033333333,0,0,0,0,0,0,0,0,0,0,5,8,0
85936,84,195289,2,19,2,6,0,4,0,8,1,105,0.033333333,0,0,0,0,0,0,0,0,0,0,6,19,0
85938,582,907118,8,166,26,63,19,40,1,33,5,19,0.233333333,0,0,17,0,0,0,0,0,8,0,31,14,0
85941,78,907118,5,14,3,4,3,3,0,3,0,19,0.033333333,0,0,0,0,0,0,0,0,0,0,7,14,0
85952,84,907118,1,84,18,27,4,20,1,18,11,19,0.066666667,0,0,0,0,0,0,0,0,0,0,29,46,0
85964,265,907118,1,265,29,124,7,68,1,80,33,19,0.266666667,0,7,0,0,0,0,0,0,0,0,54,82,64
85969,6,195289,1,6,6,0,0,0,0,0,0,105,0.033333333,0,0,0,0,0,0,0,0,0,0,1,6,0
85970,39,195289,2,38,9,9,0,7,0,13,5,105,0.066666667,0,0,0,0,0,0,0,0,0,0,13,3,35
85974,64,907118,3,8,2,3,0,2,0,2,1,19,0.033333333,0,0,0,0,0,0,0,0,0,0,6,8,0
85981,296,195289,2,227,17,50,42,29,2,84,24,105,0.266666667,7,0,0,0,5,0,0,0,0,0,44,24,42
85984,847,907118,1,847,52,358,50,238,22,302,60,19,0.266666667,159,0,221,0,0,0,0,0,0,71,97,151,192
85990,23,89830,1,23,14,3,0,3,0,3,3,108,0.066666667,0,0,0,0,0,0,0,0,21,2,8,21,2
85991,1741,195289,4,1051,71,135,209,93,255,237,77,105,0.566666667,26,93,8,0,0,172,0,123,0,3,141,114,215
86001,56,155579,4,1,1,0,0,0,0,0,0,17,0.033333333,0,0,0,0,1,0,0,0,0,0,1,1,0
86025,7,195289,1,7,1,3,0,1,0,2,2,105,0.033333333,0,0,0,0,0,0,0,0,0,0,6,7,0
86028,183,195289,1,183,20,34,29,15,7,62,24,105,0.1,0,0,0,0,0,0,0,0,0,0,44,7,104
86038,5,907118,1,5,2,2,0,1,0,1,0,19,0.033333333,0,0,0,0,0,0,0,0,0,0,4,5,0
86042,24,195289,1,24,3,13,0,5,0,10,3,105,0.033333333,0,0,0,0,0,0,0,0,0,0,9,24,0
86063,299,195289,17,38,5,18,0,9,0,13,6,105,0.066666667,0,0,0,0,0,0,0,0,0,0,12,38,0
86090,2,907118,2,1,1,0,0,0,0,0,0,19,0.033333333,0,0,0,0,0,0,0,0,0,0,1,1,0
86112,206,195289,2,38,1,7,4,6,0,14,10,105,0.033333333,0,0,0,0,0,0,0,0,0,0,10,38,0
86116,262,907118,1,262,42,93,11,50,37,72,18,19,0.166666667,0,0,0,0,0,0,0,0,0,0,48,39,134
86135,1471,195289,7,206,21,61,36,20,0,73,13,105,0.266666667,0,0,0,0,0,0,0,0,0,0,40,81,109
86136,294,195289,12,16,3,7,0,4,0,4,2,105,0.1,0,0,0,7,0,0,0,0,8,0,8,9,0
86138,239,907118,5,33,11,11,0,8,1,6,2,19,0.133333333,0,0,4,0,0,0,0,0,0,0,9,10,0
86142,27,195289,1,27,4,15,0,6,0,8,2,105,0.066666667,0,0,0,0,0,0,0,0,0,0,11,3,24
86149,1541,195289,15,155,14,35,40,19,0,36,12,105,0.333333333,0,0,0,3,0,0,0,0,0,0,48,107,12
86153,166,907118,1,166,30,56,15,38,4,43,3,19,0.233333333,10,0,0,4,0,0,0,0,0,4,26,130,16
86163,290,907118,1,290,33,105,12,74,14,88,32,19,0.4,0,0,11,0,0,4,0,0,34,30,54,128,0
86168,87,195289,2,74,2,23,13,4,0,46,4,105,0.066666667,0,0,0,0,0,0,0,0,0,0,17,38,36
86178,8,155579,1,8,2,4,0,1,0,3,1,17,0.033333333,0,0,0,0,8,0,0,0,0,0,6,8,0
86184,219,195289,1,219,1,30,59,28,0,88,13,105,0.066666667,0,0,0,0,0,0,0,0,0,0,39,141,78
86192,772,195289,13,104,18,34,5,21,0,21,7,105,0.133333333,0,0,0,0,0,0,0,0,0,0,18,35,20
86195,599,195289,6,92,5,21,21,11,0,33,5,105,0.1,0,0,0,0,0,0,0,0,0,0,21,71,5
86197,96,907118,1,96,17,38,6,20,2,25,12,19,0.166666667,0,0,15,7,0,0,0,0,0,0,22,32,32
86199,676,907118,10,28,9,10,0,6,1,3,1,19,0.066666667,0,0,0,0,0,0,0,0,0,0,12,17,0
86202,261,907118,2,260,32,102,19,66,9,68,21,19,0.233333333,59,41,0,0,0,7,29,0,0,0,54,71,53
86208,578,155579,8,174,34,64,22,4,7,83,3,17,0.266666667,0,0,0,0,10,2,0,0,0,0,24,11,7
86222,490,907118,7,389,36,107,56,77,44,99,35,19,0.333333333,0,57,0,8,0,4,0,0,76,0,97,54,241
86225,466,907118,1,466,62,235,7,110,1,126,43,19,0.366666667,11,35,54,13,0,0,0,0,0,0,60,104,1
86228,14,907118,1,14,3,6,0,4,0,3,1,19,0.033333333,0,0,0,0,0,0,0,0,0,0,8,14,0
86235,21,195289,1,21,3,4,5,2,0,5,3,105,0.033333333,0,0,0,0,0,0,0,0,0,0,10,21,0
86239,49,89830,8,1,1,0,0,0,0,0,0,108,0.033333333,0,0,0,0,0,0,0,0,1,0,1,1,0
86245,394,907118,2,367,40,142,29,90,3,100,36,19,0.4,0,19,0,18,36,0,7,45,4,0,78,173,0
86249,1306,195289,2,796,44,146,122,80,157,268,33,105,0.4,117,3,0,30,0,0,0,0,0,0,87,245,26
86250,1103,907118,7,434,74,145,19,109,22,110,38,19,0.433333333,16,18,31,21,14,26,0,7,82,0,57,263,38
86260,170,907118,2,142,11,61,5,36,2,57,23,19,0.166666667,31,34,0,0,0,0,0,0,0,0,39,84,34
86266,333,907118,1,333,76,149,8,57,3,113,26,19,0.2,0,66,0,0,0,0,0,0,13,0,52,46,50
86270,69,907118,2,68,18,31,0,5,1,20,12,19,0.133333333,0,0,0,0,18,0,19,0,0,6,32,25,6
86280,69,155579,2,1,1,0,0,0,0,0,0,17,0.033333333,0,0,0,0,1,0,0,0,0,0,1,1,0
86285,418,195289,5,31,2,15,0,6,6,6,2,105,0.033333333,0,0,0,0,0,0,0,0,0,0,5,31,0
86290,323,907118,5,112,15,42,0,30,3,29,17,19,0.1,0,0,0,0,0,0,0,10,67,0,46,102,0
86299,175,907118,3,173,25,62,5,39,13,43,16,19,0.233333333,0,0,0,0,0,0,0,15,0,0,40,136,5
86303,32,907118,1,32,8,13,0,5,1,6,4,19,0.1,0,0,0,0,0,0,1,0,0,0,12,26,5
86314,75,155579,3,14,4,5,0,3,0,2,2,17,0.066666667,0,0,0,0,6,0,0,0,8,0,6,6,0
86315,65,907118,1,65,5,20,5,18,0,20,12,19,0.133333333,0,0,0,0,0,0,0,0,0,0,31,18,0
86316,143,907118,4,27,6,17,0,4,0,5,0,19,0.033333333,0,0,0,0,0,0,0,0,0,0,9,27,0
86333,171,907118,1,171,26,71,6,58,2,47,0,19,0.333333333,0,4,0,0,0,16,0,0,0,0,25,47,26
86334,127,195289,2,113,5,25,27,1,0,53,16,105,0.066666667,0,0,0,0,0,0,0,0,0,0,26,67,46
86339,188,195289,1,188,8,41,24,17,49,59,20,105,0.3,0,0,0,0,0,0,0,0,0,2,27,74,15
86348,67,907118,1,67,28,16,0,7,12,7,2,19,0.1,0,0,12,0,0,0,0,0,0,0,15,9,0
86360,5,195289,1,5,1,2,0,1,0,1,1,105,0.033333333,0,0,0,0,0,0,0,0,0,0,4,5,0
86368,140,907118,2,108,17,38,3,27,1,33,10,19,0.133333333,0,0,0,0,0,0,26,58,0,0,26,23,26
86370,3,907118,2,2,2,0,0,0,0,0,0,19,0.033333333,0,0,0,0,0,0,0,0,0,0,1,2,0
86371,862,195289,5,370,27,84,66,54,11,114,37,105,0.333333333,75,0,0,0,42,0,49,58,0,0,61,62,0
86373,22,907118,1,22,4,12,0,4,0,7,2,19,0.066666667,0,0,0,0,0,0,0,0,0,0,9,9,13
86377,55,155579,2,1,1,0,0,0,0,0,0,17,0.033333333,0,0,0,0,1,0,0,0,0,0,1,1,0
86391,278,195289,4,242,12,105,31,21,6,124,19,105,0.233333333,0,0,0,0,0,0,0,0,0,0,25,103,0
86399,53,907118,1,53,6,24,5,12,1,14,4,19,0.1,0,0,0,0,0,0,0,0,5,0,16,23,30
86403,90,195289,3,59,11,22,0,12,1,15,6,105,0.166666667,0,4,0,0,0,0,1,0,0,0,15,24,0
86404,334,907118,1,334,20,159,19,74,18,145,22,19,0.366666667,0,0,30,0,27,2,9,82,0,0,49,83,45
86407,257,91935,2,10,3,6,0,1,0,3,0,26,0.033333333,0,0,0,0,0,0,10,0,0,0,5,10,0
86410,78,907118,1,78,3,39,5,22,0,23,7,19,0.1,0,0,0,0,0,18,0,0,0,0,23,39,21
86413,394,907118,3,272,26,91,27,60,13,71,34,19,0.233333333,0,5,0,0,94,0,0,0,0,0,76,54,90
86415,271,907118,2,256,31,110,6,70,13,65,19,19,0.133333333,0,0,0,0,0,114,32,0,0,0,49,83,114
86428,448,907118,1,448,26,155,31,120,4,161,72,19,0.466666667,0,0,0,36,0,0,0,20,74,30,92,213,107
86432,257,195289,2,256,10,28,74,21,0,93,25,105,0.133333333,0,0,0,0,0,0,0,0,0,0,81,179,15
86439,260,155579,4,68,12,17,3,8,3,21,7,17,0.166666667,38,0,0,8,6,0,10,0,0,0,11,44,0
86440,373,907118,3,351,45,150,11,104,9,112,18,19,0.333333333,0,0,0,0,0,0,0,0,0,0,51,104,70
86452,155,195289,1,155,4,23,57,18,0,46,16,105,0.1,0,0,0,0,0,0,0,0,0,0,36,28,37
86453,281,907118,2,231,47,75,11,57,13,54,13,19,0.166666667,0,0,0,0,0,30,0,0,0,53,48,70,59
86460,507,195289,11,80,4,18,15,12,0,24,13,105,0.1,0,0,0,0,0,0,0,0,0,0,23,67,13
86461,1,91935,1,1,1,0,0,0,0,0,0,26,0.033333333,0,0,0,0,0,0,1,0,0,0,1,1,0
86466,238,907118,1,238,21,95,11,69,3,76,24,19,0.333333333,0,39,5,15,16,0,21,0,0,37,58,37,42
86469,59,907118,1,59,17,28,0,11,0,11,2,19,0.033333333,0,0,0,0,0,0,0,0,0,0,14,59,0
86472,24,195289,2,23,10,10,0,2,0,3,0,105,0.033333333,0,0,0,0,0,0,0,0,0,0,8,23,0
86482,12,907118,2,7,2,2,0,1,1,1,0,19,0.033333333,0,0,0,0,0,0,0,0,0,0,4,7,0
86493,219,195289,2,205,12,30,43,17,18,71,17,105,0.066666667,0,0,0,0,0,0,0,0,0,0,42,158,0
86494,1,907118,1,1,1,0,0,0,0,0,0,19,0.033333333,0,0,0,0,0,0,0,0,0,0,1,1,0
86498,60,907118,1,60,11,27,0,10,2,26,9,19,0.066666667,0,0,0,0,0,0,0,0,0,0,16,37,0
86499,345,195289,5,29,6,14,0,7,0,7,2,105,0.033333333,0,0,0,0,0,0,0,0,0,0,10,29,0
86509,26,907118,1,26,6,7,4,5,1,4,1,19,0.033333333,0,0,0,0,0,0,0,0,0,0,12,26,0
86514,683,907118,2,682,75,180,69,99,165,177,47,19,0.366666667,120,0,0,0,0,0,0,105,7,6,82,183,184
86517,339,907118,2,248,17,73,24,54,35,67,29,19,0.233333333,0,0,39,0,0,0,0,0,34,0,81,187,50
86520,730,195289,4,643,37,120,123,91,27,247,45,105,0.2,0,0,0,0,0,0,0,0,0,0,44,290,145
86522,153,907118,1,153,24,59,8,36,6,40,15,19,0.133333333,0,17,0,0,0,0,0,0,0,0,39,73,37
86539,271,907118,1,271,71,103,12,50,0,60,26,19,0.3,90,35,0,0,0,0,0,0,0,0,51,61,45
86547,69,195289,8,26,3,7,0,5,2,8,4,105,0.066666667,0,0,0,0,0,0,0,0,0,0,12,19,0
86555,1662,907118,3,395,42,181,24,90,0,147,24,19,0.2,0,0,0,0,0,0,0,0,23,40,90,96,259
86563,1278,907118,4,479,54,180,73,82,43,162,23,19,0.3,0,0,0,0,119,0,4,0,0,0,69,110,65
86569,629,195289,2,65,4,18,6,10,1,26,9,105,0.1,0,0,0,0,0,0,0,0,0,0,18,16,44
86582,321,907118,1,321,32,106,25,88,8,92,44,19,0.3,0,0,0,0,0,0,0,0,26,13,91,251,62
86601,482,907118,2,343,59,115,31,76,13,77,32,19,0.4,0,37,24,17,48,0,0,0,0,0,60,111,37
86609,4,195289,2,3,2,0,0,0,1,0,0,105,0.033333333,0,0,0,0,0,0,0,0,0,0,2,3,0
86615,98,907118,1,98,14,31,8,25,0,27,11,19,0.1,11,0,0,0,0,0,0,0,0,0,38,58,0
86623,407,195289,2,343,21,50,101,35,7,110,41,105,0.266666667,0,60,0,0,0,0,0,0,0,0,110,42,39
86629,225,907118,2,218,15,86,13,67,5,58,24,19,0.366666667,0,7,0,0,0,0,0,8,7,0,45,30,0
86632,919,155579,6,1,1,0,0,0,0,0,0,17,0.033333333,0,0,0,0,1,0,0,0,0,0,1,1,0
86633,919,91935,6,1,1,0,0,0,0,0,0,26,0.033333333,0,0,0,0,0,0,1,0,0,0,1,1,0
86636,326,907118,1,326,50,90,22,61,40,75,24,19,0.233333333,0,0,62,0,0,6,0,0,49,0,68,99,103
86639,20,195289,1,20,4,3,2,3,0,5,3,105,0.033333333,0,0,0,0,0,0,0,0,0,0,12,20,0
86649,377,907118,3,87,6,62,9,6,0,60,1,19,0.3,0,8,10,4,7,0,0,0,0,0,33,34,10
86670,377,907118,1,377,31,117,45,81,8,127,53,19,0.3,0,12,164,0,0,0,60,5,0,7,83,59,66
86686,127,907118,5,52,4,20,2,16,0,15,10,19,0.1,0,0,0,0,0,0,0,0,0,0,28,26,0
86694,227,907118,1,227,27,93,16,49,5,84,15,19,0.233333333,0,0,39,0,0,0,0,0,36,0,51,48,123
86698,216,907118,2,149,17,64,8,39,5,52,13,19,0.166666667,0,0,0,17,0,0,0,0,0,0,41,30,102
86706,219,907118,1,219,31,71,5,56,27,49,25,19,0.233333333,0,0,0,0,0,11,0,0,8,0,65,191,0
86714,1,89830,1,1,1,0,0,0,0,0,0,108,0.033333333,0,0,0,0,0,0,0,0,1,0,1,1,0
86722,152,907118,1,152,13,55,9,41,1,56,23,19,0.366666667,1,0,1,0,0,0,0,0,27,1,42,73,3
86729,345,907118,1,345,49,135,18,62,14,121,18,19,0.333333333,68,0,5,15,28,0,0,0,16,0,65,99,63
86730,1,91935,1,1,1,0,0,0,0,0,0,26,0.033333333,0,0,0,0,0,0,1,0,0,0,1,1,0
86748,124,155579,2,50,6,17,0,11,1,14,8,17,0.066666667,0,0,0,15,35,0,0,0,0,0,12,15,35
86752,4,89830,2,1,1,0,0,0,0,0,0,108,0.033333333,0,0,0,0,0,0,0,0,1,0,1,1,0
86759,39,907118,1,39,7,15,0,11,0,8,5,19,0.1,0,0,0,0,0,0,0,0,0,0,16,23,7
86761,239,907118,1,239,25,76,9,63,21,70,23,19,0.133333333,0,0,0,47,0,0,0,0,44,0,58,139,53
86765,439,907118,1,439,40,192,35,114,30,162,16,19,0.233333333,0,0,0,0,0,0,0,70,37,0,65,149,41
86766,45,91935,4,17,5,7,0,3,0,4,2,26,0.1,0,0,0,0,0,0,1,0,0,0,6,8,0
86772,9,195289,1,9,1,5,0,1,0,5,1,105,0.033333333,0,0,0,0,0,0,0,0,0,0,5,9,0
86786,288,195289,1,288,23,24,73,23,12,102,30,105,0.2,0,0,0,0,0,0,0,0,0,0,55,160,26
86803,279,907118,1,279,41,69,31,50,37,47,23,19,0.3,0,0,3,0,0,0,0,37,71,0,59,120,3
86804,1581,195289,7,880,55,159,285,83,83,224,31,105,0.4,0,0,0,0,0,0,31,107,0,0,109,309,219
86818,443,907118,1,443,51,203,10,114,22,114,40,19,0.3,0,0,41,18,18,0,0,0,0,0,69,100,29
86868,2,907118,1,2,2,0,0,0,0,0,0,19,0.066666667,0,0,0,0,0,0,0,0,0,0,1,1,0
86878,191,195289,5,19,3,3,2,2,1,6,4,105,0.033333333,0,0,0,0,0,0,0,0,0,0,11,19,0
86883,122,155579,2,1,1,0,0,0,0,0,0,17,0.033333333,0,0,0,0,1,0,0,0,0,0,1,1,0
86901,19,21560,3,2,2,0,0,0,0,0,0,9,0.033333333,0,0,0,0,0,0,0,0,0,0,2,2,0
86913,1,878119,1,1,1,0,0,0,0,0,0,20,0.033333333,0,0,0,0,0,0,0,0,0,0,1,1,0
86919,250,24979,5,1,1,0,0,0,0,0,0,25,0.033333333,0,0,0,0,0,0,0,0,1,0,1,1,0
86930,73,878119,3,71,10,29,4,18,0,19,6,20,0.1,0,0,0,0,0,0,0,0,0,0,21,55,12
86937,19,260769,2,1,1,0,0,0,0,0,0,0,0.033333333,0,0,0,0,0,0,0,0,0,0,1,1,0
86939,51,878119,2,45,6,16,0,12,0,14,10,20,0.1,0,0,0,0,0,0,0,0,0,0,13,23,9
86956,4,334927,2,2,2,0,0,0,0,0,0,7,0.033333333,0,0,0,0,0,0,0,0,0,0,2,2,0
86963,14,334927,2,10,3,3,0,2,2,2,0,7,0.033333333,0,0,0,0,0,0,0,0,0,0,4,10,0
86981,10,878119,1,10,5,5,0,0,0,2,0,20,0.033333333,0,0,0,0,0,0,0,0,0,0,6,10,0
86982,28,346877,2,1,1,0,0,0,0,0,0,9,0.033333333,0,0,1,0,0,0,0,0,0,0,1,1,0
86991,613,250865,4,67,9,17,6,12,1,24,6,34,0.1,0,0,0,0,0,0,0,0,0,47,13,12,0
87009,274,878119,3,20,5,9,0,6,0,4,0,20,0.066666667,0,0,0,0,0,0,0,0,0,0,7,10,0
87032,59,188602,4,15,2,5,0,4,0,4,4,96,0.033333333,0,0,15,0,0,0,0,0,0,0,9,15,0
87035,210,457932,1,210,19,57,42,43,0,50,30,21,0.133333333,0,0,95,0,0,0,0,0,0,0,77,95,0
87051,2,334927,1,2,2,0,0,0,0,0,0,7,0.033333333,0,0,0,0,0,0,0,0,0,0,2,2,0
87052,40,457932,1,40,2,11,5,10,0,12,9,21,0.033333333,0,0,0,0,0,0,0,0,0,0,25,40,0
87053,18,457932,1,18,1,5,4,4,0,4,3,21,0.033333333,0,0,0,0,0,0,0,0,0,0,10,18,0
87054,114,878119,2,76,7,27,4,22,3,18,10,20,0.066666667,0,0,0,0,0,0,0,0,0,0,34,53,23
87071,2,878119,1,2,2,0,0,0,0,0,0,20,0.033333333,0,0,0,0,0,0,0,0,0,0,2,2,0
87072,1,46603,1,1,1,0,0,0,0,0,0,5,0.033333333,0,1,0,0,0,0,0,0,0,0,1,1,0
87078,409,188602,3,35,4,15,0,10,0,12,6,96,0.1,0,0,6,0,28,0,0,0,0,0,12,1,0
87089,19,878119,1,19,2,14,0,1,0,12,1,20,0.033333333,0,0,0,0,0,0,0,0,0,0,9,19,0
87100,28,250865,1,28,3,10,0,7,0,10,2,34,0.033333333,0,0,0,0,0,0,0,0,0,0,8,28,0
87102,10,457932,2,9,2,5,0,1,0,4,1,21,0.033333333,0,0,0,0,0,0,0,0,0,0,8,9,0
87109,27,346877,1,27,10,13,0,1,0,10,0,9,0.1,0,0,6,0,0,0,0,0,0,0,13,16,0
87120,270,346877,3,26,5,10,0,6,0,7,3,9,0.066666667,0,0,17,0,0,0,0,0,0,0,11,9,0
87122,94,127749,2,25,5,20,0,0,0,11,0,102,0.1,0,0,0,0,0,3,0,0,0,0,9,16,0
87124,207,334927,2,37,4,21,7,3,0,16,0,7,0.1,5,0,0,0,0,0,0,0,0,0,17,27,0
87135,7,878119,2,2,2,0,0,0,0,0,0,20,0.033333333,0,0,0,0,0,0,0,0,0,0,2,2,0
87138,353,334927,3,14,1,7,1,4,1,4,0,7,0.033333333,0,0,0,0,0,0,0,0,0,0,6,14,0
87152,244,110497,10,2,2,0,0,0,0,0,0,24,0.066666667,0,0,1,0,0,0,0,0,0,0,1,2,0
87160,442,21560,4,13,3,7,0,2,0,4,1,9,0.033333333,0,0,0,0,0,0,0,0,0,0,6,13,0
87162,126,346877,3,11,5,6,0,0,0,2,0,9,0.066666667,2,0,9,0,0,0,0,0,0,0,5,2,0
87167,7,334927,1,7,2,3,0,1,0,2,1,7,0.033333333,0,0,0,0,0,0,0,0,0,0,5,7,0
87168,2,399092,2,1,1,0,0,0,0,0,0,101,0.033333333,0,0,0,0,0,0,0,0,1,0,1,1,0
87169,214,346877,3,20,5,13,0,1,0,6,1,9,0.1,0,0,7,0,0,0,0,0,0,0,10,8,0
87175,894,110497,3,65,7,25,0,21,0,20,10,24,0.1,0,0,33,23,0,0,0,0,0,0,19,9,33
87186,6,334927,1,6,2,4,0,0,0,1,0,7,0.033333333,0,0,0,0,0,0,0,0,0,0,4,6,0
87190,63,346877,2,62,7,10,14,6,0,27,4,9,0.066666667,0,0,9,0,0,0,0,0,0,0,19,62,0
87197,7,42723,7,1,1,0,0,0,0,0,0,6,0.033333333,0,0,1,0,0,0,0,0,0,0,1,1,0
87203,164,334927,2,153,28,53,8,33,3,36,24,7,0.2,0,0,0,47,0,0,0,0,0,0,44,59,0
87223,8,878119,1,8,1,4,0,2,0,3,1,20,0.066666667,0,0,0,0,0,0,0,0,0,0,6,5,0
87238,19,878119,1,19,6,6,0,4,0,3,2,20,0.033333333,0,0,0,0,0,0,0,0,0,0,11,19,0
87274,210,247683,4,1,1,0,0,0,0,0,0,23,0.033333333,0,0,1,0,0,0,0,0,0,0,1,1,0
87285,30,457932,1,30,3,7,8,6,0,6,4,21,0.033333333,0,0,0,0,0,0,0,0,0,0,12,30,0
87302,7,334927,2,5,2,2,0,1,0,1,0,7,0.033333333,0,0,0,0,0,0,0,0,0,0,4,5,0
87309,34,247683,4,6,2,2,0,1,0,1,1,23,0.033333333,0,0,6,0,0,0,0,0,0,0,5,6,0
87315,7,43183,2,6,4,2,0,0,0,1,0,24,0.033333333,0,0,0,0,0,0,0,0,0,0,4,6,0
87316,4,43183,2,3,3,0,0,0,0,0,0,24,0.033333333,0,0,0,0,0,0,0,0,0,0,2,3,0
87319,1,334927,1,1,1,0,0,0,0,0,0,7,0.033333333,0,0,0,0,0,0,0,0,0,0,1,1,0
87321,4,334927,2,1,1,0,0,0,0,0,0,7,0.033333333,0,0,0,0,0,0,0,0,0,0,1,1,0
87325,21,334927,2,15,6,3,0,2,1,2,2,7,0.033333333,0,0,0,0,0,0,0,0,0,0,8,15,0
87347,45,878119,1,45,17,12,0,9,1,7,3,20,0.066666667,0,0,0,0,0,0,0,0,0,0,15,32,13
87360,119,457932,3,1,1,0,0,0,0,0,0,21,0.033333333,0,0,0,0,0,0,0,0,0,0,1,1,0
87370,14,399092,2,13,3,7,0,2,0,4,1,101,0.033333333,0,0,0,0,0,0,0,0,13,0,8,13,0
87378,113,247683,2,1,1,0,0,0,0,0,0,23,0.033333333,0,0,1,0,0,0,0,0,0,0,1,1,0
87388,193,399092,8,6,6,0,0,0,0,0,0,101,0.1,0,0,0,0,0,0,0,0,3,1,1,3,0
87389,382,27035,4,20,3,7,0,4,0,7,2,60,0.066666667,0,0,0,0,0,0,0,0,0,0,6,6,0
87391,182,502584,1,182,11,21,45,1,46,50,1,143,0.066666667,0,0,0,0,0,0,0,0,25,157,24,25,157
87400,1,502584,1,1,1,0,0,0,0,0,0,143,0.033333333,0,0,0,0,0,0,0,0,0,1,1,1,0
87402,109,127749,5,17,2,8,0,4,0,5,3,102,0.033333333,0,0,0,0,0,0,0,0,0,0,11,17,0
87411,14,457932,1,14,2,4,2,3,0,4,2,21,0.033333333,0,0,0,0,0,0,0,0,0,0,9,14,0
87418,10,399092,3,4,4,0,0,0,0,0,0,101,0.066666667,0,0,0,2,0,0,0,0,2,0,2,2,0
87425,48,399092,1,48,13,4,0,2,29,1,0,101,0.1,0,0,0,0,0,0,0,0,11,0,6,6,42
87434,4077,334927,14,1,1,0,0,0,0,0,0,7,0.033333333,0,0,0,0,0,0,0,0,0,0,1,1,0
87437,32,878119,3,21,9,6,0,4,0,2,0,20,0.033333333,0,0,0,0,0,0,0,0,0,0,8,21,0
87441,109,110497,5,2,2,0,0,0,0,0,0,24,0.033333333,0,0,2,0,0,0,0,0,0,0,2,2,0
87443,32,457932,3,1,1,0,0,0,0,0,0,21,0.033333333,0,0,0,0,0,0,0,0,0,0,1,1,0
87446,115,878119,3,5,2,3,0,0,0,2,0,20,0.066666667,0,0,0,0,0,0,0,0,0,0,5,1,0
87459,2,399092,1,2,2,0,0,0,0,0,0,101,0.033333333,0,0,0,0,0,0,0,0,2,0,2,2,0
87462,724,247683,5,82,4,38,4,25,0,33,11,23,0.033333333,0,0,82,0,0,0,0,0,0,0,37,82,0
87467,3,502584,1,3,3,0,0,0,0,0,0,143,0.033333333,0,0,0,0,0,0,0,0,0,3,2,3,0
87468,15,878119,2,1,1,0,0,0,0,0,0,20,0.033333333,0,0,0,0,0,0,0,0,0,0,1,1,0
87469,8,110497,1,8,6,1,0,0,0,1,1,24,0.066666667,0,0,5,0,0,0,0,0,0,3,5,8,0
87473,7,502584,1,7,7,0,0,0,0,0,0,143,0.033333333,0,0,0,0,0,0,0,0,0,7,2,7,0
87478,1015,334927,4,49,1,28,0,12,0,21,8,7,0.033333333,0,0,0,0,0,0,0,0,0,0,20,49,0
87481,12,878119,1,12,4,4,0,3,0,3,0,20,0.033333333,0,0,0,0,0,0,0,0,0,0,8,12,0
87484,18,334927,2,2,2,0,0,0,0,0,0,7,0.033333333,0,0,0,0,0,0,0,0,0,0,2,2,0
87486,30,250865,3,10,4,2,0,1,0,2,1,34,0.033333333,0,0,0,0,0,0,0,0,0,0,7,10,0
87492,14,502584,1,14,9,2,0,1,0,1,1,143,0.033333333,0,0,0,0,0,0,0,0,0,14,6,14,0
87496,325,399092,3,1,1,0,0,0,0,0,0,101,0.033333333,0,0,0,0,0,0,0,0,1,0,1,1,0
87499,47,878119,2,46,10,18,4,5,1,18,2,20,0.1,0,0,0,0,0,0,0,0,0,0,20,18,0
87502,183,457932,3,134,21,53,5,7,22,41,9,21,0.2,12,0,0,0,0,0,0,0,0,0,27,72,0
87507,58,188602,3,7,7,0,0,0,0,0,0,96,0.033333333,0,0,7,0,0,0,0,0,0,0,3,7,0
87511,14,334927,1,14,2,10,0,1,0,6,1,7,0.033333333,0,0,0,0,0,0,0,0,0,0,6,14,0
87517,16,399092,1,16,7,3,0,2,0,5,0,101,0.033333333,0,0,0,0,0,0,0,0,16,0,5,16,0
87520,992,346877,4,72,12,27,6,15,5,22,2,9,0.1,0,0,4,0,0,0,0,0,0,0,16,68,0
87539,41,878119,1,41,13,25,0,0,2,18,0,20,0.1,0,0,0,0,0,0,0,0,0,0,14,25,0
87543,76,878119,1,76,11,23,8,18,9,19,1,20,0.066666667,0,0,0,0,0,0,0,0,0,0,18,34,42
87547,165,110497,3,1,1,0,0,0,0,0,0,24,0.033333333,0,0,1,0,0,0,0,0,0,0,1,1,0
87569,47,346877,5,1,1,0,0,0,0,0,0,9,0.033333333,0,0,1,0,0,0,0,0,0,0,1,1,0
87572,720,399092,8,1,1,0,0,0,0,0,0,101,0.033333333,0,0,0,0,0,0,0,0,1,0,1,1,0
87575,16,334927,1,16,8,6,0,0,1,4,0,7,0.033333333,0,0,0,0,0,0,0,0,0,0,9,16,0
87579,27,457932,3,1,1,0,0,0,0,0,0,21,0.033333333,0,0,0,0,0,0,0,0,0,0,1,1,0
87585,31,250865,1,31,2,4,17,1,1,6,1,34,0.033333333,0,0,0,0,0,0,0,0,0,0,11,31,0
87588,411,34988,6,1,1,0,0,0,0,0,0,108,0.033333333,0,0,0,0,0,0,0,0,0,0,1,1,0
87592,11,399092,1,11,7,1,0,1,0,1,1,101,0.066666667,0,0,0,0,0,0,0,0,3,0,6,8,0
87595,90,247683,3,3,3,0,0,0,0,0,0,23,0.066666667,0,0,1,0,0,0,0,0,0,0,2,3,0
87622,2,399092,1,2,2,0,0,0,0,0,0,101,0.033333333,0,0,0,0,0,0,0,0,2,0,2,2,0
87631,216,110497,4,1,1,0,0,0,0,0,0,24,0.033333333,0,0,1,0,0,0,0,0,0,0,1,1,0
87636,929,502584,5,568,12,116,120,73,50,192,36,143,0.366666667,0,0,0,56,32,4,0,0,0,84,88,131,11
87659,21,878119,1,21,6,6,0,4,3,3,1,20,0.033333333,0,0,0,0,0,0,0,0,0,0,12,21,0
87669,9,399092,2,1,1,0,0,0,0,0,0,101,0.033333333,0,0,0,0,0,0,0,0,1,0,1,1,0
87670,27,250865,2,23,5,9,4,2,0,4,1,34,0.066666667,0,0,0,0,0,0,0,0,0,0,10,19,0
87690,3,502584,2,1,1,0,0,0,0,0,0,143,0.033333333,0,0,0,0,0,0,0,0,0,1,1,1,0
87698,2,502584,2,1,1,0,0,0,0,0,0,143,0.033333333,0,0,0,0,0,0,0,0,0,1,1,1,0
87699,48,457932,1,48,9,19,13,0,1,18,0,21,0.066666667,0,0,47,0,0,0,0,0,0,0,22,1,0
87703,307,21560,3,10,2,5,0,2,0,2,1,9,0.033333333,0,0,0,0,0,0,0,0,0,0,6,10,0
87711,74,110497,2,24,4,7,2,4,0,7,3,24,0.033333333,0,0,24,0,0,0,0,0,0,0,11,24,0
87715,63,399092,1,63,19,13,4,10,0,14,6,101,0.1,0,0,0,22,0,40,0,0,1,0,17,22,0
87720,73,878119,1,73,13,33,0,19,2,16,2,20,0.066666667,0,0,0,4,0,0,0,0,0,0,14,69,0
87725,105,457932,1,105,22,29,3,20,1,21,13,21,0.1,0,0,0,0,0,0,0,0,16,0,21,94,0
87737,66,250865,2,26,3,7,0,4,0,10,3,34,0.1,0,10,0,0,0,3,0,0,0,0,7,13,13
87741,267,21560,4,1,1,0,0,0,0,0,0,9,0.033333333,0,0,0,0,0,0,0,0,0,0,1,1,0
87742,229,127749,4,174,11,41,99,3,1,39,2,102,0.033333333,0,0,0,0,0,0,0,0,0,0,67,174,0
87744,3,502584,1,3,2,0,0,0,1,0,0,143,0.033333333,0,0,0,0,0,0,0,0,0,3,3,3,0
87754,613,878119,3,51,11,14,3,12,3,11,7,20,0.1,0,0,0,0,0,0,0,0,0,0,21,45,0
87755,20,188602,2,17,9,4,0,3,0,2,0,96,0.033333333,0,0,17,0,0,0,0,0,0,0,8,17,0
87825,28,502584,2,21,9,2,0,1,5,1,0,143,0.033333333,0,0,0,0,0,0,0,0,0,21,5,21,0
87826,106,346877,7,7,3,2,0,1,0,1,1,9,0.066666667,0,0,1,0,0,0,0,0,0,0,4,6,1
87840,10,21560,2,2,2,0,0,0,0,0,0,9,0.033333333,0,0,0,0,0,0,0,0,0,0,2,2,0
87859,27,457932,1,27,6,10,9,1,0,7,1,21,0.033333333,0,0,0,0,0,0,0,0,0,0,15,27,0
87876,115,878119,1,115,25,38,4,23,4,23,9,20,0.133333333,0,0,0,0,0,0,0,0,0,0,24,20,73
87877,10,399092,1,10,6,0,0,0,4,0,0,101,0.033333333,0,0,0,0,0,0,0,0,10,0,4,10,0
87911,7,250865,1,7,2,3,0,1,0,2,1,34,0.033333333,0,0,0,0,0,0,0,0,0,0,5,7,0
87927,141,399092,5,9,4,4,0,1,0,2,0,101,0.066666667,0,0,0,0,0,0,0,0,7,0,5,2,0
87928,263,127749,3,1,1,0,0,0,0,0,0,102,0.033333333,0,0,0,0,0,0,0,0,0,0,1,1,0
87932,10,188602,1,10,2,3,0,1,4,2,0,96,0.033333333,0,0,10,0,0,0,0,0,0,0,4,10,0
87946,5,21560,2,2,2,0,0,0,0,0,0,9,0.033333333,0,0,0,0,0,0,0,0,0,0,1,2,0
87952,113,502584,2,102,6,42,0,1,0,74,1,143,0.1,0,0,0,0,0,0,0,0,0,67,19,2,0
87957,141,457932,5,40,6,13,17,1,0,8,2,21,0.066666667,0,0,0,0,0,0,0,0,0,0,11,30,10
87968,5,334927,1,5,2,3,0,0,0,2,0,7,0.033333333,0,0,0,0,0,0,0,0,0,0,4,5,0
87981,1384,188602,11,8,1,4,0,3,0,3,0,96,0.033333333,0,0,8,0,0,0,0,0,0,0,5,8,0
87982,77,346877,1,77,3,19,19,16,0,26,8,9,0.1,0,0,49,0,0,0,23,0,0,0,29,5,0
87995,118,878119,3,72,6,33,3,20,0,26,10,20,0.133333333,0,0,0,0,0,0,0,0,0,0,25,5,0
87997,267,110497,5,1,1,0,0,0,0,0,0,24,0.033333333,0,0,1,0,0,0,0,0,0,0,1,1,0
88016,1,250865,1,1,1,0,0,0,0,0,0,34,0.033333333,0,0,0,0,0,0,0,0,0,0,1,1,0
88024,76,24979,5,27,6,11,0,5,3,8,2,25,0.033333333,0,0,0,0,0,0,0,0,0,27,11,27,0
88028,24,346877,1,24,8,5,3,4,0,6,2,9,0.033333333,0,0,24,0,0,0,0,0,0,0,12,24,0
88061,331,399092,3,1,1,0,0,0,0,0,0,101,0.033333333,0,0,0,0,0,0,0,0,1,0,1,1,0
88065,2,334927,1,2,2,0,0,0,0,0,0,7,0.033333333,0,0,0,0,0,0,0,0,0,0,2,2,0
88067,6,21560,3,2,2,0,0,0,0,0,0,9,0.033333333,0,0,0,0,0,0,0,0,0,0,2,2,0
88108,40,110497,3,19,5,5,0,4,2,6,0,24,0.033333333,0,0,19,0,0,0,0,0,0,0,9,19,0
88117,10,127749,1,10,6,2,0,1,0,1,1,102,0.033333333,0,0,0,0,0,0,0,0,0,0,4,10,0
88119,7,43183,1,7,3,2,0,1,0,1,1,24,0.033333333,0,0,0,0,0,0,0,0,0,0,6,7,0
88121,12,878119,3,6,2,4,0,0,0,3,0,20,0.033333333,0,0,0,0,0,0,0,0,0,0,6,6,0
88135,5,502584,1,5,5,0,0,0,0,0,0,143,0.033333333,0,0,0,0,0,0,0,0,0,5,2,5,0
88137,8,878119,1,8,2,3,0,2,0,2,1,20,0.033333333,0,0,0,0,0,0,0,0,0,0,5,8,0
88140,119,346877,1,119,8,15,26,13,13,46,5,9,0.066666667,0,0,64,0,0,0,0,0,0,0,25,119,0
88143,82,110497,1,82,11,32,0,24,2,12,12,24,0.1,0,0,7,23,52,0,0,0,0,0,17,7,23
88146,2,334927,2,1,1,0,0,0,0,0,0,7,0.033333333,0,0,0,0,0,0,0,0,0,0,1,1,0
88159,90,110497,2,89,18,20,3,14,12,18,4,24,0.033333333,0,0,89,0,0,0,0,0,0,0,17,89,0
88164,730,346877,4,6,2,2,0,1,0,1,1,9,0.033333333,0,0,6,0,0,0,0,0,0,0,5,6,0
88173,223,247683,1,223,26,89,21,42,16,67,27,23,0.266666667,0,0,15,26,0,7,0,0,0,0,65,48,86
88176,187,334927,6,62,6,31,3,14,0,16,7,7,0.166666667,0,0,0,0,0,0,0,0,0,0,21,4,36
88178,37,334927,3,35,3,23,6,0,0,24,0,7,0.133333333,11,0,0,0,0,0,0,0,0,0,19,6,14
88182,10,878119,1,10,4,4,0,2,0,3,0,20,0.033333333,0,0,0,0,0,0,0,0,0,0,6,10,0
88184,3,346877,2,1,1,0,0,0,0,0,0,9,0.033333333,0,0,1,0,0,0,0,0,0,0,1,1,0
88194,73,346877,2,67,14,32,0,18,0,16,3,9,0.1,0,0,10,41,0,0,0,16,0,0,14,10,41
88215,16,878119,1,16,1,8,0,5,0,7,2,20,0.066666667,0,0,0,0,0,0,0,0,0,0,7,14,2
88224,22,110497,4,16,5,4,0,3,0,4,3,24,0.1,0,0,6,0,0,0,0,0,0,0,10,9,6
88249,208,334927,5,82,11,34,0,22,0,20,15,7,0.2,0,0,0,0,0,0,0,0,0,0,24,26,17
88250,601,42723,5,3,1,2,0,0,0,1,0,6,0.033333333,0,0,0,3,0,0,0,0,0,0,3,3,0
88252,138,399092,1,138,7,24,55,15,0,41,6,101,0.066666667,0,0,0,0,0,0,0,0,26,112,22,26,112
88258,762,457932,1,762,56,226,55,193,66,207,145,21,0.5,0,17,0,0,8,0,0,0,158,116,101,341,129
88266,30,334927,1,30,7,20,0,1,0,16,1,7,0.033333333,0,0,0,0,0,30,0,0,0,0,14,30,0
88273,3,878119,1,3,2,1,0,0,0,1,0,20,0.033333333,3,0,0,0,0,0,0,0,0,0,3,3,0
88275,2,878119,1,2,2,0,0,0,0,0,0,20,0.033333333,2,0,0,0,0,0,0,0,0,0,1,2,0
88279,98,878119,2,81,5,14,7,13,30,13,6,20,0.066666667,12,0,0,0,0,0,0,0,0,0,20,69,0
88286,30,878119,1,30,9,10,0,6,1,7,3,20,0.033333333,30,0,0,0,0,0,0,0,0,0,13,30,0
88288,106,878119,1,106,5,58,0,24,0,51,19,20,0.1,95,3,0,0,0,0,0,0,0,0,21,8,95
88290,9,148500,1,9,4,2,0,1,1,1,1,29,0.033333333,0,0,0,0,0,0,0,0,0,0,5,9,0
88300,14,43183,2,8,4,1,0,1,0,1,1,24,0.033333333,0,0,0,0,0,0,0,0,0,0,7,8,0
88306,24,334927,1,24,5,11,0,5,0,8,3,7,0.033333333,0,0,0,0,0,0,24,0,0,0,9,24,0
88308,37,878119,1,37,9,15,5,2,1,14,0,20,0.066666667,20,0,0,0,0,0,0,0,0,0,17,20,0
88312,23,878119,1,23,7,8,0,5,0,3,2,20,0.033333333,23,0,0,0,0,0,0,0,0,0,11,23,0
88313,307,878119,1,307,31,86,54,70,12,68,32,20,0.233333333,8,0,0,0,0,24,91,12,47,0,99,98,86
88316,5,878119,1,5,2,3,0,0,0,2,0,20,0.033333333,5,0,0,0,0,0,0,0,0,0,5,5,0
88333,33,334927,1,33,7,9,0,8,1,8,7,7,0.033333333,0,0,0,0,0,0,33,0,0,0,21,33,0
88336,2,43183,1,2,2,0,0,0,0,0,0,24,0.033333333,0,0,0,0,0,0,0,0,0,0,2,2,0
88342,354,43183,2,31,10,9,0,6,0,4,4,24,0.066666667,0,0,0,0,0,0,0,0,0,0,15,26,0
88357,1,34988,1,1,1,0,0,0,0,0,0,108,0.033333333,0,0,0,0,0,0,0,0,0,0,1,1,0
88358,1,334927,1,1,1,0,0,0,0,0,0,7,0.033333333,0,0,0,0,0,0,1,0,0,0,1,1,0
88359,138,878119,3,55,3,20,0,18,0,18,13,20,0.033333333,55,0,0,0,0,0,0,0,0,0,26,55,0
88362,12,334927,1,12,2,4,0,3,0,3,3,7,0.033333333,0,0,0,0,0,0,12,0,0,0,9,12,0
88367,65,878119,3,15,1,9,0,3,0,8,2,20,0.033333333,15,0,0,0,0,0,0,0,0,0,7,15,0
88381,290,21560,2,1,1,0,0,0,0,0,0,9,0.033333333,0,0,0,0,0,0,0,0,0,0,1,1,0
88384,1,21560,1,1,1,0,0,0,0,0,0,9,0.033333333,0,0,0,0,0,0,0,0,0,0,1,1,0
88385,5,43183,3,2,2,0,0,0,0,0,0,24,0.033333333,0,0,0,0,0,0,0,0,0,0,2,2,0
88386,5,334927,3,2,2,0,0,0,0,0,0,7,0.033333333,0,0,0,0,0,0,2,0,0,0,2,2,0
88390,9,878119,1,9,2,4,0,2,0,3,1,20,0.066666667,3,0,0,0,0,0,0,0,0,0,5,6,0
88403,1,21560,1,1,1,0,0,0,0,0,0,9,0.033333333,0,0,0,0,0,0,0,0,0,0,1,1,0
88413,18,878119,2,12,3,3,0,2,0,3,1,20,0.033333333,12,0,0,0,0,0,0,0,0,0,7,12,0
88422,440,334927,2,11,1,8,0,1,0,7,1,7,0.033333333,0,0,0,0,0,0,11,0,0,0,10,11,0
88428,1,878119,1,1,1,0,0,0,0,0,0,20,0.033333333,1,0,0,0,0,0,0,0,0,0,1,1,0
88435,126,878119,5,61,11,39,2,4,0,21,3,20,0.133333333,15,0,0,0,0,0,0,0,0,0,14,43,14
88450,4,34988,1,4,4,0,0,0,0,0,0,108,0.033333333,0,0,0,0,0,0,0,0,0,0,2,4,0
88456,21,878119,1,21,4,6,0,4,1,8,1,20,0.033333333,21,0,0,0,0,0,0,0,0,0,7,21,0
88461,143,878119,1,143,26,44,0,20,30,42,16,20,0.2,14,10,7,90,8,0,14,0,0,0,18,22,10
88474,2,43183,1,2,2,0,0,0,0,0,0,24,0.033333333,0,0,0,0,0,0,0,0,0,0,2,2,0
88476,5,21560,2,3,3,0,0,0,0,0,0,9,0.033333333,0,0,0,0,0,0,0,0,0,0,2,3,0
88479,49,334927,1,49,5,5,0,3,16,7,2,7,0.033333333,0,0,0,0,0,0,49,0,0,0,7,49,0
88494,12,21560,2,6,2,2,0,1,0,1,1,9,0.033333333,0,0,0,0,0,0,0,0,0,0,5,6,0
88497,8,334927,2,1,1,0,0,0,0,0,0,7,0.033333333,0,0,0,0,0,0,1,0,0,0,1,1,0
88503,92,334927,1,92,17,23,6,17,11,21,11,7,0.1,0,0,0,0,59,0,16,0,0,0,27,17,0
88514,150,878119,1,150,16,47,11,42,0,43,28,20,0.066666667,54,0,0,0,0,0,0,0,0,0,45,96,0
88523,143,878119,3,71,6,30,7,15,0,28,6,20,0.133333333,1,0,0,0,0,0,0,0,0,0,20,1,58
88535,9,148500,1,9,2,3,0,2,0,2,2,29,0.033333333,0,0,0,0,0,0,0,0,0,0,7,9,0
88550,30,878119,3,28,12,8,0,2,4,3,0,20,0.066666667,5,0,0,0,0,0,0,0,0,0,9,23,0
88567,14,878119,1,14,6,4,0,3,0,3,1,20,0.033333333,14,0,0,0,0,0,0,0,0,0,8,14,0
88581,144,878119,3,106,17,45,1,32,1,36,7,20,0.133333333,56,0,0,0,0,0,0,0,0,0,22,35,56
88587,66,878119,1,66,15,22,0,17,0,15,11,20,0.1,22,0,0,0,0,0,0,0,0,0,24,25,19
88597,25,878119,1,25,7,11,0,6,0,8,1,20,0.066666667,12,13,0,0,0,0,0,0,0,0,9,12,13
88601,40,878119,1,40,6,27,2,1,0,24,0,20,0.033333333,40,0,0,0,0,0,0,0,0,0,15,40,0
88606,22,334927,1,22,5,8,4,1,1,3,0,7,0.033333333,0,0,0,0,0,0,22,0,0,0,11,22,0
88634,7,334927,1,7,5,2,0,0,0,1,0,7,0.066666667,0,0,0,0,0,0,2,0,5,0,4,2,0
88639,4,878119,2,2,2,0,0,0,0,0,0,20,0.033333333,2,0,0,0,0,0,0,0,0,0,2,2,0
88646,25,878119,1,25,9,6,0,5,1,6,4,20,0.066666667,5,0,0,0,0,0,0,0,0,0,13,20,5
88647,66,334927,2,1,1,0,0,0,0,0,0,7,0.033333333,0,0,0,0,0,0,1,0,0,0,1,1,0
88654,2,334927,1,2,2,0,0,0,0,0,0,7,0.033333333,0,0,0,0,0,0,2,0,0,0,2,2,0
88657,196,334927,7,39,8,28,0,2,0,20,1,7,0.1,0,4,0,0,0,0,16,0,0,0,17,4,35
88658,1,334927,1,1,1,0,0,0,0,0,0,7,0.033333333,0,0,0,0,0,0,1,0,0,0,1,1,0
88667,34,43183,5,3,3,0,0,0,0,0,0,24,0.066666667,0,0,0,0,0,0,0,0,0,0,1,1,2
88671,1,148500,1,1,1,0,0,0,0,0,0,29,0.033333333,0,0,0,0,0,0,0,0,0,0,1,1,0
88682,2,148500,1,2,2,0,0,0,0,0,0,29,0.033333333,0,0,0,0,0,0,0,0,0,0,2,2,0
88692,331,878119,3,8,4,2,0,1,1,1,0,20,0.033333333,0,8,0,0,0,0,0,0,0,0,5,8,0
88695,60,334927,1,60,9,17,3,13,3,14,9,7,0.066666667,0,0,0,0,0,0,7,0,0,0,25,53,0
88698,17,334927,1,17,4,9,0,2,0,8,2,7,0.033333333,0,0,0,0,0,0,17,0,0,0,9,17,0
88703,335,21560,2,1,1,0,0,0,0,0,0,9,0.033333333,0,0,0,0,0,0,0,0,0,0,1,1,0
88706,78,334927,1,78,25,26,0,12,3,21,9,7,0.166666667,0,0,0,0,5,0,25,0,0,0,24,16,4
88714,109,148039,3,15,4,3,0,1,4,2,1,18,0.033333333,0,0,0,0,0,0,0,0,0,0,6,15,0
88724,46,652701,1,46,4,13,15,5,0,0,0,3,0.066666667,0,0,0,0,0,0,0,0,0,0,7,34,0
88728,36,652701,1,36,7,6,13,3,0,0,0,3,0.1,0,0,0,4,0,0,0,0,0,0,10,26,0
88730,771,221833,3,416,37,64,23,48,142,106,24,58,0.166666667,0,0,0,0,0,0,0,0,0,0,39,261,121
88734,1,221833,1,1,1,0,0,0,0,0,0,58,0.033333333,0,0,0,0,0,0,0,0,0,0,1,1,0
88756,1,221833,1,1,1,0,0,0,0,0,0,58,0.033333333,0,0,0,0,0,0,0,0,0,0,1,1,0
88759,153,652701,2,14,1,2,3,1,0,0,0,3,0.033333333,0,0,0,0,0,0,0,0,0,0,5,14,0
88775,359,74042,4,8,3,3,0,1,0,1,1,27,0.066666667,7,0,0,0,0,0,0,0,0,0,6,1,7
88783,43,74042,2,21,4,5,0,3,6,2,2,27,0.033333333,0,0,0,0,0,0,0,0,0,0,9,21,0
88787,21,74042,1,21,11,3,0,1,0,5,1,27,0.033333333,0,0,0,0,0,0,0,0,0,0,8,21,0
88799,289,74042,3,2,2,0,0,0,0,0,0,27,0.033333333,0,0,0,0,0,0,0,0,0,0,2,2,0
88803,438,74042,6,2,2,0,0,0,0,0,0,27,0.033333333,0,0,0,0,0,0,0,0,0,0,1,2,0
88808,13,74042,1,13,2,5,0,3,0,4,3,27,0.033333333,0,0,0,0,0,0,0,0,0,0,9,13,0
88810,15,74042,1,15,7,3,0,2,1,2,2,27,0.033333333,0,0,0,0,0,0,0,0,0,0,7,15,0
88811,6,74042,1,6,2,2,0,1,0,1,1,27,0.033333333,0,0,0,0,0,0,0,0,0,0,5,6,0
88814,1,74042,1,1,1,0,0,0,0,0,0,27,0.033333333,0,0,0,0,0,0,0,0,0,0,1,1,0
88815,19,74042,2,8,3,3,0,1,0,1,1,27,0.066666667,0,0,0,0,0,0,0,0,0,0,4,3,0
88820,43,74042,3,31,6,7,0,5,8,4,4,27,0.033333333,0,0,0,0,0,0,0,0,0,0,10,31,0
88825,27,74042,1,27,3,7,0,5,7,5,3,27,0.033333333,0,0,0,0,0,0,0,0,0,0,11,27,0
88833,309,74042,10,19,3,3,0,2,8,3,2,27,0.066666667,0,0,0,0,0,0,0,0,0,0,7,16,0
88834,3,74042,1,3,3,0,0,0,0,0,0,27,0.033333333,0,0,0,0,0,0,0,0,0,0,2,3,0
88840,25,74042,1,25,8,8,0,4,2,3,2,27,0.066666667,0,0,0,0,0,0,0,0,0,0,9,15,10
88841,356,74042,3,1,1,0,0,0,0,0,0,27,0.033333333,0,0,0,0,0,0,0,0,0,0,1,1,0
88843,23,74042,2,8,1,3,0,2,0,2,2,27,0.033333333,0,0,0,0,0,0,0,0,0,0,6,8,0
88858,4,74042,1,4,4,0,0,0,0,0,0,27,0.033333333,0,0,0,0,0,0,0,0,0,0,2,4,0
88899,6,21216,1,6,2,2,0,1,0,1,1,19,0.033333333,0,0,0,0,6,0,0,0,0,0,5,6,0
88915,23,91935,1,23,7,12,0,3,0,4,1,26,0.033333333,0,0,0,0,0,0,0,0,0,0,5,23,0
88928,1423,155579,11,11,4,4,0,2,0,1,1,17,0.066666667,0,0,0,0,0,0,0,0,0,0,6,6,5
88930,11,89830,1,11,7,2,0,1,0,1,1,108,0.033333333,0,0,0,0,0,0,0,0,0,0,7,11,0
88935,185,91935,2,51,6,26,0,9,0,22,5,26,0.1,0,0,0,0,0,0,0,0,0,0,7,6,0
88944,6,91935,1,6,3,2,0,0,0,1,1,26,0.066666667,0,0,0,0,0,0,0,0,0,0,5,5,1
88949,193,155579,2,1,1,0,0,0,0,0,0,17,0.033333333,0,0,0,0,0,0,0,0,0,0,1,1,0
88953,188,155579,4,23,2,4,2,3,1,9,4,17,0.033333333,0,0,0,0,0,0,0,0,0,0,8,23,0
88954,12,155579,1,12,5,2,0,1,2,1,1,17,0.033333333,0,0,0,0,0,0,0,0,0,0,7,12,0
88955,589,91935,4,120,3,34,24,24,0,45,21,26,0.066666667,0,0,0,0,0,8,0,0,0,0,39,112,0
88964,5,91935,1,5,2,3,0,0,0,2,0,26,0.033333333,0,0,0,0,0,0,0,0,0,0,4,5,0
88969,24,89830,1,24,9,7,0,4,0,4,4,108,0.066666667,0,0,0,0,0,0,0,0,0,0,8,11,0
88972,24,155579,1,24,6,3,0,2,5,3,2,17,0.033333333,0,0,0,0,0,0,0,0,0,0,8,24,0
88990,11,155579,1,11,5,2,0,0,0,3,1,17,0.033333333,0,0,0,0,0,0,0,0,0,0,6,11,0
88992,59,91935,4,21,4,9,0,4,0,4,3,26,0.1,0,0,0,0,0,0,0,0,6,14,8,1,0
88994,24,89830,1,24,9,9,0,5,0,5,0,108,0.066666667,0,0,0,0,0,0,0,0,0,0,6,22,2
89011,12,91935,1,12,7,0,0,0,4,0,0,26,0.033333333,0,0,0,0,0,0,0,0,0,0,5,12,0
89050,2,155579,1,2,2,0,0,0,0,0,0,17,0.033333333,0,0,0,0,0,0,0,0,0,0,2,2,0
89051,28,91935,2,5,1,2,0,1,0,1,1,26,0.033333333,0,0,0,0,0,0,0,0,0,0,4,5,0
89069,1,155579,1,1,1,0,0,0,0,0,0,17,0.033333333,0,0,0,0,0,0,0,0,0,0,1,1,0
89072,1,155579,1,1,1,0,0,0,0,0,0,17,0.033333333,0,0,0,0,0,0,0,0,0,0,1,1,0
89074,301,91935,3,12,4,3,0,2,0,3,1,26,0.033333333,0,0,0,0,0,0,0,0,0,0,7,12,0
89089,15,89830,1,15,8,4,0,2,0,1,1,108,0.033333333,0,0,0,0,0,0,0,0,0,0,8,15,0
89093,17,91935,1,17,7,4,0,3,1,2,2,26,0.066666667,0,0,0,0,0,0,0,0,0,0,10,8,0
89110,1,89830,1,1,1,0,0,0,0,0,0,108,0.033333333,0,0,0,0,0,0,0,0,0,0,1,1,0
89116,844,91935,3,174,19,43,42,27,0,45,27,26,0.133333333,0,0,0,0,0,38,14,39,0,0,39,83,38
89120,14,91935,3,1,1,0,0,0,0,0,0,26,0.033333333,0,0,0,0,0,0,0,0,0,0,1,1,0
89123,13,89830,3,1,1,0,0,0,0,0,0,108,0.033333333,0,0,0,0,0,0,0,0,0,0,1,1,0
89126,1,89830,1,1,1,0,0,0,0,0,0,108,0.033333333,0,0,0,0,0,0,0,0,0,0,1,1,0
89141,1,91935,1,1,1,0,0,0,0,0,0,26,0.033333333,0,0,0,0,0,0,0,0,0,0,1,1,0
89149,117,89830,2,16,7,3,0,2,0,4,1,108,0.033333333,0,0,0,0,0,0,0,0,0,0,9,16,0
89158,1,346877,1,1,1,0,0,0,0,0,0,9,0.033333333,0,0,0,0,0,0,0,0,0,0,1,1,0
89162,21,399092,3,1,1,0,0,0,0,0,0,101,0.033333333,0,0,0,0,0,0,0,0,0,0,1,1,0
89175,332,261579,1,332,33,118,16,63,67,78,27,5,0.2,0,4,0,0,0,0,0,0,0,0,64,110,1
89179,1,346877,1,1,1,0,0,0,0,0,0,9,0.033333333,0,0,0,0,0,0,0,0,0,0,1,1,0
89180,13,85168,1,13,7,2,0,1,1,1,1,139,0.066666667,0,0,0,0,0,0,0,0,0,0,9,1,0
89190,222,42723,7,1,1,0,0,0,0,0,0,6,0.033333333,0,0,0,0,0,0,0,0,0,0,1,1,0
89204,168,502584,6,9,3,4,0,1,0,3,1,143,0.033333333,0,0,0,0,0,0,0,0,0,0,5,9,0
89207,33,346877,2,31,21,2,0,0,2,0,0,9,0.033333333,0,0,0,0,0,0,0,0,0,0,6,31,0
89209,9,502584,1,9,2,3,0,2,0,2,2,143,0.033333333,0,0,0,0,0,0,0,0,0,0,5,9,0
89217,89,346877,3,38,11,15,0,5,2,8,3,9,0.066666667,0,0,0,0,0,0,0,0,0,0,12,34,0
89230,507,110497,4,41,5,10,2,7,10,8,3,24,0.033333333,0,0,0,0,0,0,0,0,0,0,15,41,0
89238,15,188602,3,1,1,0,0,0,0,0,0,96,0.033333333,0,0,0,0,0,0,0,0,0,0,1,1,0
89242,2272,85576,8,8,1,3,0,2,0,2,2,54,0.033333333,0,0,0,0,0,0,0,0,0,0,6,8,0
89271,10,110497,2,7,5,0,0,0,1,0,0,24,0.033333333,0,0,0,0,0,0,0,0,0,0,6,7,0
89286,52,85576,4,1,1,0,0,0,0,0,0,54,0.033333333,0,0,0,0,0,0,0,0,0,0,1,1,0
89305,14,24979,1,14,9,2,0,1,1,1,0,25,0.033333333,0,0,0,0,0,0,0,0,0,0,8,14,0
89327,250,399092,5,1,1,0,0,0,0,0,0,101,0.033333333,0,0,0,0,0,0,0,0,0,0,1,1,0
89330,11,346877,1,11,11,0,0,0,0,0,0,9,0.033333333,0,0,0,0,0,0,0,0,0,0,1,11,0
89340,41,502584,1,41,6,5,21,3,3,4,1,143,0.066666667,0,0,0,0,0,0,0,0,0,0,21,3,0
89343,50,261579,1,50,11,9,0,6,11,15,3,5,0.033333333,0,0,0,0,0,0,0,0,0,0,9,50,0
89345,10,346877,1,10,4,2,0,1,0,1,1,9,0.033333333,0,0,0,0,0,0,0,0,0,0,7,10,0
89355,354,110497,5,3,3,0,0,0,0,0,0,24,0.033333333,0,0,0,0,0,0,0,0,0,0,2,3,0
89361,100,110497,4,9,3,2,0,1,1,2,1,24,0.033333333,0,0,0,0,0,0,0,0,0,0,6,9,0
89363,7,346877,1,7,2,2,0,1,1,1,1,9,0.033333333,0,0,0,0,0,0,0,0,0,0,5,7,0
89364,32,86829,1,32,7,10,0,6,3,11,3,63,0.033333333,0,0,0,0,0,0,0,0,0,0,12,32,0
89371,41,247683,2,24,3,11,0,5,1,6,4,23,0.1,0,0,0,0,0,0,0,0,0,0,9,6,0
89376,11,346877,1,11,4,3,0,1,1,2,1,9,0.033333333,0,0,0,0,0,0,0,0,0,0,7,11,0
89378,112,346877,3,11,2,6,0,2,0,3,1,9,0.066666667,0,0,0,0,0,0,0,0,0,0,7,6,0
89409,263,346877,4,49,6,9,14,5,3,12,3,9,0.066666667,0,0,0,0,0,0,0,0,0,0,16,39,0
89414,563,261579,3,1,1,0,0,0,0,0,0,5,0.033333333,0,0,0,0,0,0,0,0,0,0,1,1,0
89416,6,346877,1,6,2,2,0,1,0,1,1,9,0.033333333,0,0,0,0,0,0,0,0,0,0,5,6,0
89434,37,346877,1,37,11,11,0,8,1,7,4,9,0.033333333,0,0,0,0,0,0,0,0,0,0,13,37,0
89435,16,346877,1,16,3,5,0,4,0,4,3,9,0.033333333,0,0,0,0,0,0,0,0,0,0,9,16,0
89445,26,346877,2,13,1,10,0,1,0,9,1,9,0.033333333,0,0,0,0,0,0,0,0,0,0,5,13,0
89446,694,261579,4,7,3,2,0,1,0,1,1,5,0.066666667,0,0,0,0,0,0,0,0,0,0,4,6,0
89460,363,247683,5,8,1,3,0,2,0,2,2,23,0.033333333,0,0,0,0,0,0,0,0,0,0,4,8,0
89481,29,346877,2,4,1,2,0,1,0,1,0,9,0.033333333,0,0,0,0,0,0,0,0,0,0,3,4,0
89484,16,346877,3,6,2,2,0,1,0,1,1,9,0.033333333,0,0,0,0,0,0,0,0,0,0,5,6,0
89486,18,346877,1,18,6,5,3,0,2,6,0,9,0.033333333,0,0,0,0,0,0,0,0,0,0,12,18,0
89496,79,346877,2,43,6,15,4,9,0,9,5,9,0.066666667,0,0,0,0,0,0,0,0,0,0,14,23,0
89498,110,110497,3,6,2,2,0,1,0,1,1,24,0.033333333,0,0,0,0,0,0,0,0,0,0,5,6,0
89511,65,24979,3,19,9,4,0,3,0,3,3,25,0.066666667,0,0,0,0,0,0,0,0,0,0,9,7,12
89522,32,399092,1,32,2,15,0,11,0,11,2,101,0.033333333,0,0,0,0,0,0,0,0,0,0,13,32,0
89530,2,346877,1,2,2,0,0,0,0,0,0,9,0.033333333,0,0,0,0,0,0,0,0,0,0,2,2,0
89536,235,42723,6,6,2,2,0,1,0,1,1,6,0.033333333,0,0,0,0,0,0,0,0,0,0,5,6,0
89537,93,85576,5,8,2,2,0,1,2,1,1,54,0.033333333,0,0,0,0,0,0,0,0,0,0,5,8,0
89538,212,42723,2,1,1,0,0,0,0,0,0,6,0.033333333,0,0,0,0,0,0,0,0,0,0,1,1,0
89543,8,110497,1,8,3,2,0,1,0,1,1,24,0.033333333,0,0,0,0,0,0,0,0,0,0,6,8,0
89545,101,85576,7,1,1,0,0,0,0,0,0,54,0.033333333,0,0,0,0,0,0,0,0,0,0,1,1,0
89559,35,85576,4,9,1,3,0,2,0,3,2,54,0.033333333,0,0,0,0,0,0,0,0,0,0,6,9,0
89564,222,346877,2,106,11,28,20,18,6,20,8,9,0.133333333,7,0,0,7,0,0,0,0,0,0,18,77,15
89577,1,247683,1,1,1,0,0,0,0,0,0,23,0.033333333,0,0,0,0,0,0,0,0,0,0,1,1,0
89597,19,247683,2,5,2,2,0,0,1,1,0,23,0.033333333,0,0,0,0,0,0,0,0,0,0,4,5,0
89606,35,346877,1,35,10,11,0,7,2,9,2,9,0.066666667,0,0,0,0,0,0,0,0,0,0,11,19,0
89609,9,261579,1,9,4,1,0,1,0,2,1,5,0.033333333,0,0,0,0,0,0,0,0,0,0,7,9,0
89613,9,86829,1,9,5,0,0,0,4,0,0,63,0.033333333,0,0,0,0,0,0,0,0,0,0,4,9,0
89617,97,247683,4,8,3,3,0,2,0,2,0,23,0.033333333,0,0,0,0,0,0,0,0,0,0,4,8,0
89627,7,110497,3,3,3,0,0,0,0,0,0,24,0.033333333,0,0,0,0,0,0,0,0,0,0,2,3,0
89635,8,85576,2,2,2,0,0,0,0,0,0,54,0.033333333,0,0,0,0,0,0,0,0,0,0,2,2,0
89638,952,24979,8,36,8,15,0,9,0,6,4,25,0.133333333,0,0,0,5,0,0,0,0,0,0,10,26,5
89640,37,85576,2,35,10,14,0,4,1,7,3,54,0.033333333,0,0,0,0,0,0,0,0,0,0,11,35,0
89646,7,346877,1,7,2,3,0,1,0,2,1,9,0.033333333,0,0,0,0,0,0,0,0,0,0,5,7,0
89648,83,346877,1,83,6,31,7,18,0,28,10,9,0.1,0,0,0,0,0,0,0,0,0,0,15,58,16
89667,7,346877,2,1,1,0,0,0,0,0,0,9,0.033333333,0,0,0,0,0,0,0,0,0,0,1,1,0
89682,760,85576,3,12,2,2,0,1,6,1,1,54,0.033333333,0,0,0,0,0,0,0,0,0,0,4,12,0
89684,760,110497,3,6,3,2,0,1,0,1,0,24,0.033333333,0,0,0,0,0,0,0,0,0,0,4,6,0
89695,28,110497,2,12,4,4,0,2,0,3,1,24,0.033333333,0,0,0,0,0,0,0,0,0,0,9,12,0
89723,4,261579,1,4,2,0,0,0,2,0,0,5,0.033333333,0,0,0,0,0,0,0,0,0,0,3,4,0
89724,95,502584,6,1,1,0,0,0,0,0,0,143,0.033333333,0,0,0,0,0,0,0,0,0,0,1,1,0
89726,95,188602,6,1,1,0,0,0,0,0,0,96,0.033333333,0,0,0,0,0,0,0,0,0,0,1,1,0
89728,28,346877,1,28,6,10,0,8,1,7,2,9,0.033333333,0,0,0,0,0,0,0,0,0,0,11,28,0
89730,12,85168,1,12,2,4,0,3,0,3,3,139,0.033333333,0,0,0,0,0,0,0,0,0,0,7,12,0
89740,29,502584,8,1,1,0,0,0,0,0,0,143,0.033333333,0,0,0,0,0,0,0,0,0,0,1,1,0
89741,3,346877,1,3,1,2,0,0,0,1,0,9,0.033333333,0,0,0,0,0,0,0,0,0,0,3,3,0
89744,2,502584,1,2,2,0,0,0,0,0,0,143,0.033333333,0,0,0,0,0,0,0,0,0,0,2,2,0
89750,9,346877,1,9,2,3,0,2,0,2,2,9,0.033333333,0,0,0,0,0,0,0,0,0,0,7,9,0
89760,59,110497,2,53,7,26,4,0,10,12,1,24,0.1,0,0,0,4,0,0,0,0,0,0,11,7,0
89763,203,247683,2,196,29,105,30,6,20,79,2,23,0.133333333,0,0,0,0,0,0,11,43,0,0,54,86,0
89766,75,85168,3,31,2,9,0,4,0,19,3,139,0.033333333,0,0,0,0,0,0,0,0,0,0,10,31,0
89774,40,247683,2,23,4,5,9,5,0,5,0,23,0.033333333,0,0,0,0,0,0,0,0,0,0,11,23,0
89796,1,346877,1,1,1,0,0,0,0,0,0,9,0.033333333,0,0,0,0,0,0,0,0,0,0,1,1,0
89798,2,261579,1,2,2,0,0,0,0,0,0,5,0.033333333,0,0,0,0,0,0,0,0,0,0,2,2,0
89809,232,247683,1,232,7,72,31,65,23,63,31,23,0.133333333,0,0,0,0,0,0,45,0,0,0,67,125,0
89810,106,346877,2,1,1,0,0,0,0,0,0,9,0.033333333,0,0,0,0,0,0,0,0,0,0,1,1,0
89816,31,86829,2,19,7,8,0,0,3,7,0,63,0.033333333,0,0,0,0,0,0,0,0,0,0,13,19,0
89822,84,85576,2,78,5,16,42,5,0,17,3,54,0.066666667,0,0,0,0,0,0,0,0,0,0,17,72,0
89830,3,502584,1,3,3,0,0,0,0,0,0,143,0.033333333,0,0,0,0,0,0,0,0,0,0,2,3,0
89831,57,110497,1,57,7,20,0,17,1,22,7,24,0.1,0,0,0,0,0,0,0,0,0,0,18,28,29
89832,165,247683,3,28,3,13,0,7,0,12,5,23,0.033333333,0,0,0,0,0,0,0,0,0,0,14,28,0
89855,9,110497,1,9,4,2,0,1,0,2,1,24,0.033333333,0,0,0,0,0,0,0,0,0,0,7,9,0
89861,357,110497,5,1,1,0,0,0,0,0,0,24,0.033333333,0,0,0,0,0,0,0,0,0,0,1,1,0
89863,357,188602,5,8,1,3,0,2,0,2,2,96,0.033333333,0,0,0,0,0,0,0,0,0,0,4,8,0
89887,7,110497,2,6,2,2,0,1,0,1,1,24,0.033333333,0,0,0,0,0,0,0,0,0,0,5,6,0
89890,9,346877,1,9,2,3,0,2,0,2,2,9,0.033333333,0,0,0,0,0,0,0,0,0,0,7,9,0
89892,235,247683,3,102,10,43,15,18,7,36,8,23,0.066666667,0,0,33,0,0,0,0,0,0,0,37,69,33
89897,973,85576,13,31,9,15,0,7,0,1,0,54,0.166666667,0,0,5,0,0,0,0,0,0,0,4,11,11
89899,270,86829,1,270,13,35,144,28,10,40,15,63,0.133333333,0,0,0,0,0,0,0,0,0,0,71,189,0
89901,99,86829,3,52,10,17,0,12,7,12,6,63,0.033333333,0,0,0,0,0,0,0,0,0,0,16,52,0
89920,1241,110497,3,1,1,0,0,0,0,0,0,24,0.033333333,0,0,0,0,0,0,0,0,0,0,1,1,0
89928,30,110497,1,30,9,11,0,2,1,9,0,24,0.033333333,0,0,0,0,0,0,0,0,0,0,9,30,0
89937,5,86829,1,5,1,2,0,1,0,1,1,63,0.033333333,0,0,0,0,0,0,0,0,0,0,4,5,0
89939,33,110497,4,1,1,0,0,0,0,0,0,24,0.033333333,0,0,0,0,0,0,0,0,0,0,1,1,0
89947,389,110497,6,95,21,19,17,3,10,32,2,24,0.2,0,0,0,0,0,1,0,0,0,0,22,56,0
89953,24,110497,1,24,7,5,0,4,3,4,4,24,0.033333333,0,0,0,0,0,0,0,0,0,0,9,24,0
89962,7,502584,1,7,1,2,0,1,1,2,1,143,0.033333333,0,0,0,0,0,0,0,0,0,0,4,7,0
89963,71,247683,2,36,6,29,0,0,0,20,0,23,0.066666667,0,0,0,0,0,0,0,0,0,0,18,17,19
89984,62,346877,2,50,6,8,19,5,0,9,3,9,0.066666667,0,0,0,0,0,0,0,0,0,0,14,45,0
89991,71,188602,4,1,1,0,0,0,0,0,0,96,0.033333333,0,0,0,0,0,0,0,0,0,0,1,1,0
89994,41,85168,2,19,9,6,0,2,0,3,2,139,0.1,0,0,0,0,0,0,0,0,0,0,9,6,0
89998,26,247683,3,8,2,4,0,1,0,3,1,23,0.066666667,0,0,0,1,0,0,0,0,0,0,7,7,0
90000,2,346877,1,2,2,0,0,0,0,0,0,9,0.033333333,0,0,0,0,0,0,0,0,0,0,1,2,0
90014,30,346877,3,16,3,3,0,2,7,2,1,9,0.033333333,0,0,0,0,0,0,0,0,0,0,6,16,0
90019,4,42723,1,4,3,0,0,0,0,0,0,6,0.033333333,0,0,0,0,0,0,0,0,0,0,4,4,0
90021,3,346877,1,3,1,2,0,0,0,1,0,9,0.033333333,0,0,0,0,0,0,0,0,0,0,3,3,0
90028,2,188602,1,2,1,0,0,0,1,0,0,96,0.033333333,0,0,0,0,0,0,0,0,0,0,2,2,0
90030,17,85576,3,9,5,2,0,1,0,1,1,54,0.033333333,0,0,0,0,0,0,0,0,0,0,5,9,0
90033,1264,110497,7,6,3,2,0,1,0,1,0,24,0.033333333,0,0,0,0,0,0,0,0,0,0,4,6,0
90039,104,110497,2,98,18,29,5,12,5,39,5,24,0.1,0,0,0,0,0,0,0,0,0,0,19,32,0
90041,354,85576,1,354,24,63,71,38,114,29,16,54,0.2,0,0,0,0,0,0,0,0,3,0,39,143,174
90042,644,247683,3,65,13,39,8,4,0,28,0,23,0.1,4,0,0,0,0,0,0,0,0,0,23,48,0
90044,54,247683,6,9,3,2,0,0,0,3,1,23,0.033333333,0,0,0,0,0,0,0,0,0,0,6,9,0
90060,137,42723,6,77,6,26,0,17,9,22,6,6,0.1,0,0,0,0,0,0,0,0,0,0,15,49,0
90083,167,110497,3,2,2,0,0,0,0,0,0,24,0.033333333,0,0,0,0,0,0,0,0,0,0,1,2,0
90088,19,346877,1,19,5,8,0,3,0,4,2,9,0.066666667,0,0,0,0,0,0,0,0,0,0,7,13,6
90093,9,42723,1,9,5,2,0,1,0,1,1,6,0.033333333,0,0,0,0,0,0,0,0,0,0,7,9,0
90114,84,247683,4,16,1,7,0,4,0,6,4,23,0.033333333,0,0,0,0,0,0,0,0,0,0,10,16,0
90118,37,188602,1,37,3,13,0,11,0,10,10,96,0.033333333,0,0,0,0,0,0,0,0,0,0,12,37,0
90122,37,261579,3,1,1,0,0,0,0,0,0,5,0.033333333,0,0,0,0,0,0,0,0,0,0,1,1,0
90130,50,188602,2,13,8,3,0,1,0,3,1,96,0.066666667,0,0,0,0,0,0,0,0,0,0,6,6,0
90137,8,110497,1,8,1,3,0,2,0,2,2,24,0.033333333,0,0,0,0,0,0,0,0,0,0,6,8,0
90151,2,110497,1,2,2,0,0,0,0,0,0,24,0.066666667,0,0,0,1,0,0,0,0,0,0,1,1,0
90187,441,247683,6,9,3,4,0,1,0,3,1,23,0.1,0,0,0,0,0,0,0,0,0,0,6,7,0
90189,8,85168,1,8,1,3,0,2,0,2,2,139,0.033333333,0,0,0,0,0,0,0,0,0,0,6,8,0
90224,4153,86829,8,60,1,11,23,10,0,12,7,63,0.033333333,0,0,0,0,0,0,0,0,0,0,18,60,0
90228,1135,42723,7,1,1,0,0,0,0,0,0,6,0.033333333,0,0,0,0,0,0,0,0,0,0,1,1,0
90242,40,261579,2,27,7,8,0,4,2,4,3,5,0.066666667,0,0,0,0,0,0,0,0,0,0,10,19,8
90250,8,346877,2,7,3,2,0,1,0,2,1,9,0.033333333,0,0,0,0,0,0,0,0,0,0,7,7,0
90251,2,86829,1,2,2,0,0,0,0,0,0,63,0.033333333,0,0,0,0,0,0,0,0,0,0,2,2,0
90258,4,85576,1,4,2,2,0,0,0,1,0,54,0.033333333,0,0,0,0,0,0,0,0,0,0,3,4,0
90260,431,85576,4,28,6,12,0,7,0,3,3,54,0.033333333,0,0,0,0,0,0,0,0,0,0,7,28,0
90263,35,85168,1,35,1,4,3,1,0,25,0,139,0.033333333,0,0,0,0,0,0,0,0,0,0,4,35,0
90272,12,346877,2,6,2,2,0,1,0,1,1,9,0.033333333,0,0,0,0,0,0,0,0,0,0,5,6,0
90279,1,346877,1,1,1,0,0,0,0,0,0,9,0.033333333,0,0,0,0,0,0,0,0,0,0,1,1,0
90280,11,346877,1,11,4,3,0,2,0,2,2,9,0.033333333,0,0,0,0,0,0,0,0,0,0,7,11,0
90288,78,42723,2,20,5,11,0,1,0,7,1,6,0.1,0,14,0,0,0,0,0,0,0,0,7,5,0
90303,39,247683,1,39,3,14,2,13,0,13,7,23,0.033333333,0,0,0,0,0,0,0,0,0,0,18,39,0
90305,68,85168,2,55,7,21,0,11,0,26,8,139,0.133333333,0,0,0,0,0,0,0,0,0,0,19,12,24
90309,588,42723,2,53,13,8,0,6,10,10,5,6,0.033333333,0,0,0,0,0,0,0,0,0,0,15,53,0
90315,12,502584,2,6,2,2,0,1,0,1,1,143,0.033333333,0,0,0,0,0,0,0,0,0,0,5,6,0
90330,428,42723,10,22,3,6,0,5,0,7,4,6,0.133333333,0,0,0,0,0,0,0,0,0,0,8,1,0
90346,553,502584,2,539,20,76,145,48,34,181,24,143,0.133333333,0,0,0,1,0,0,0,0,0,0,86,4,176
90349,8,346877,1,8,4,4,0,0,0,3,0,9,0.033333333,0,0,0,0,0,0,0,0,0,0,7,8,0
90350,212,247683,1,212,13,72,25,63,13,60,25,23,0.166666667,0,0,0,0,0,0,0,64,0,0,69,2,0
90352,32,110497,1,32,15,9,0,4,0,7,3,24,0.033333333,0,0,0,0,0,0,0,0,0,0,13,32,0
90357,5,247683,2,4,4,0,0,0,0,0,0,23,0.066666667,0,0,0,0,0,0,0,0,0,0,1,3,1
90358,18,85576,6,6,2,0,0,0,4,0,0,54,0.033333333,0,0,0,0,0,0,0,0,0,0,3,6,0
90362,23,261579,1,23,2,8,0,5,0,8,6,5,0.033333333,0,0,0,0,0,0,0,0,0,0,13,23,0
90366,18,247683,6,7,3,2,0,1,0,1,1,23,0.033333333,0,0,0,0,0,0,0,0,0,0,5,7,0
90410,553,188602,2,14,4,5,0,3,1,2,1,96,0.033333333,0,0,0,0,0,0,0,0,0,0,6,14,0
90422,66,346877,3,3,3,0,0,0,0,0,0,9,0.033333333,0,0,0,0,0,0,0,0,0,0,2,3,0
90453,107,399092,4,4,2,2,0,0,0,2,0,101,0.033333333,0,0,0,0,0,0,0,0,0,0,4,4,0
90461,110,247683,3,79,7,31,6,24,4,20,6,23,0.033333333,0,0,0,0,0,0,0,0,0,0,23,79,0
90464,37,110497,2,8,2,4,0,1,0,3,1,24,0.033333333,0,0,0,0,0,0,0,0,0,0,7,8,0
90467,18,110497,1,18,2,7,0,4,0,5,3,24,0.033333333,0,0,0,0,0,0,0,0,0,0,8,18,0
90469,1,85576,1,1,1,0,0,0,0,0,0,54,0.033333333,0,0,0,0,0,0,0,0,0,0,1,1,0
90473,123,188602,7,14,2,2,0,1,8,1,1,96,0.033333333,0,0,0,0,0,0,0,0,0,0,5,14,0
90478,3,502584,1,3,3,0,0,0,0,0,0,143,0.033333333,0,0,0,0,0,0,0,0,0,0,3,3,0
90501,643,110497,5,88,14,38,0,24,0,21,11,24,0.2,0,0,0,0,0,0,0,0,0,0,17,37,0
90504,11,346877,2,10,2,4,0,2,0,3,2,9,0.033333333,0,0,0,0,0,0,0,0,0,0,7,10,0
90506,183,247683,1,183,11,72,14,40,31,57,11,23,0.1,18,0,0,0,0,0,0,0,0,0,44,106,0
90515,27,110497,1,27,11,9,0,4,1,4,2,24,0.033333333,0,0,0,0,0,0,0,0,0,0,10,27,0
90520,638,85576,3,1,1,0,0,0,0,0,0,54,0.033333333,0,0,0,0,0,0,0,0,0,0,1,1,0
90525,229,188602,3,16,1,8,0,4,0,7,3,96,0.066666667,0,0,0,0,0,0,0,0,0,0,6,14,2
90549,24,346877,1,24,3,9,0,7,0,6,5,9,0.066666667,0,0,0,0,0,0,0,0,0,0,11,24,0
90553,167,85168,2,69,17,10,18,3,9,10,2,139,0.1,0,0,0,0,0,0,0,0,0,0,23,60,6
90558,37,188602,2,8,6,2,0,0,0,1,0,96,0.033333333,0,0,0,0,0,0,0,0,0,0,5,8,0
90575,72,188602,3,54,9,18,19,0,1,16,0,96,0.033333333,0,0,0,0,0,0,0,0,0,0,15,54,0
90583,6,85576,1,6,2,2,0,1,0,1,1,54,0.033333333,0,0,0,0,0,0,0,0,0,0,5,6,0
90589,28,346877,2,6,2,2,0,1,0,1,1,9,0.033333333,0,0,0,0,0,0,0,0,0,0,5,6,0
90592,31,86829,2,6,2,2,0,1,0,1,1,63,0.033333333,0,0,0,0,0,0,0,0,0,0,5,6,0
90600,175,247683,3,67,15,27,0,17,1,18,5,23,0.066666667,0,0,0,0,0,0,0,49,0,0,16,18,0
90630,37,502584,1,37,8,5,6,1,1,14,1,143,0.1,0,0,0,0,0,0,0,0,0,0,8,8,2
90631,1433,502584,2,746,13,74,302,64,49,219,36,143,0.166666667,0,0,0,0,0,0,0,0,4,133,146,28,502
90634,3,110497,2,1,1,0,0,0,0,0,0,24,0.033333333,0,0,0,0,0,0,0,0,0,0,1,1,0
90647,146,346877,2,50,8,16,17,0,0,17,0,9,0.033333333,0,0,0,0,0,0,0,0,0,0,13,50,0
90650,306,85576,3,23,6,9,2,2,0,5,3,54,0.066666667,0,0,0,0,0,0,0,0,0,0,10,6,0
90671,298,346877,5,82,9,20,14,14,11,15,7,9,0.133333333,5,0,0,0,0,0,0,0,0,0,21,65,0
90681,188,247683,2,164,20,64,9,45,10,45,12,23,0.233333333,0,0,0,0,0,0,0,0,0,0,37,32,12
90687,168,110497,3,1,1,0,0,0,0,0,0,24,0.033333333,0,0,0,0,0,0,0,0,0,0,1,1,0
90691,60,247683,1,60,9,39,8,0,0,27,0,23,0.066666667,0,0,0,0,0,0,0,0,0,0,22,17,0
90700,11,346877,1,11,2,4,0,3,0,3,2,9,0.033333333,0,0,0,0,0,0,0,0,0,0,6,11,0
90712,13,85168,1,13,8,2,0,1,0,1,1,139,0.033333333,0,0,0,0,0,0,0,0,0,0,7,13,0
90718,8,85576,2,1,1,0,0,0,0,0,0,54,0.033333333,0,0,0,0,0,0,0,0,0,0,1,1,0
90723,17,188602,1,17,1,6,0,5,0,5,5,96,0.033333333,0,0,0,0,0,0,0,0,0,0,10,17,0
90746,77,85168,2,55,3,20,11,8,0,21,5,139,0.1,0,0,0,0,0,0,0,0,0,0,8,18,0
90748,1,261579,1,1,1,0,0,0,0,0,0,5,0.033333333,0,0,0,0,0,0,0,0,0,0,1,1,0
90754,15,42723,1,15,7,2,0,1,0,1,1,6,0.033333333,0,0,0,0,0,0,0,0,0,0,8,15,0
90761,25,85168,2,24,6,8,0,4,3,5,3,139,0.066666667,0,0,0,0,0,0,0,0,0,0,11,15,0
90762,126,502584,1,126,17,32,9,23,13,25,13,143,0.2,0,0,38,7,0,0,0,0,0,0,23,19,0
90782,12,346877,1,12,2,6,0,2,0,5,2,9,0.033333333,0,0,0,0,0,0,0,0,0,0,7,12,0
90794,126,85168,1,126,8,39,23,25,0,45,6,139,0.033333333,0,0,0,0,0,0,0,0,0,0,23,126,0
90799,24,86829,3,21,6,10,0,3,0,7,1,63,0.1,0,0,2,0,0,0,0,0,0,0,9,18,2
90803,34,502584,2,8,3,2,0,1,1,2,1,143,0.033333333,0,0,0,0,0,0,0,0,0,0,6,8,0
90808,3,261579,3,1,1,0,0,0,0,0,0,5,0.033333333,0,0,0,0,0,0,0,0,0,0,1,1,0
90817,85,247683,3,27,7,8,2,7,0,7,3,23,0.033333333,0,0,0,0,0,0,0,0,0,0,11,27,0
90819,1047,110497,7,85,3,21,3,10,28,29,3,24,0.033333333,0,0,0,0,0,0,0,0,0,0,16,85,0
90836,48,502584,1,48,10,14,0,9,6,8,6,143,0.066666667,0,0,0,0,0,0,0,0,0,0,13,34,0
90865,129,188602,2,5,1,2,0,1,0,1,1,96,0.066666667,0,0,0,0,0,0,0,0,0,0,4,3,2
90867,78,188602,2,1,1,0,0,0,0,0,0,96,0.033333333,0,0,0,0,0,0,0,0,0,0,1,1,0
90872,22,346877,1,22,6,4,0,3,2,7,1,9,0.033333333,0,0,0,0,0,0,0,0,0,0,8,22,0
90880,23,346877,2,22,2,15,0,3,0,10,2,9,0.033333333,0,0,0,0,0,0,0,0,0,0,5,22,0
90909,149,110497,3,27,3,10,0,8,0,10,3,24,0.066666667,0,0,0,0,0,0,0,0,0,0,13,22,0
90910,11,86829,1,11,2,4,0,3,0,3,2,63,0.033333333,0,0,0,0,0,0,0,0,0,0,8,11,0
90912,21,502584,1,21,16,4,0,0,0,1,0,143,0.133333333,0,0,0,0,0,0,0,0,0,0,7,3,0
90915,320,85168,3,1,1,0,0,0,0,0,0,139,0.033333333,0,0,0,0,0,0,0,0,0,0,1,1,0
90925,1,42723,1,1,1,0,0,0,0,0,0,6,0.033333333,0,0,0,0,0,0,0,0,0,0,1,1,0
90934,483,247683,4,64,17,32,0,8,5,13,1,23,0.2,4,0,0,15,0,0,0,0,16,14,12,23,14
90938,13,85576,1,13,1,4,0,2,0,7,1,54,0.033333333,0,0,0,0,0,0,0,0,0,0,4,13,0
90953,57,86829,1,57,5,12,29,5,0,9,3,63,0.033333333,0,0,0,0,0,0,0,0,0,0,18,57,0
90962,17,346877,1,17,2,3,5,0,0,9,0,9,0.033333333,0,0,0,0,0,0,0,0,0,0,6,17,0
90968,1,346877,1,1,1,0,0,0,0,0,0,9,0.033333333,0,0,0,0,0,0,0,0,0,0,1,1,0
90975,70,85576,4,8,2,3,0,2,0,2,1,54,0.066666667,0,0,0,0,0,0,0,0,0,0,6,1,0
90979,1,110497,1,1,1,0,0,0,0,0,0,24,0.033333333,0,0,0,0,0,0,0,0,0,0,1,1,0
90986,4,247683,1,4,1,2,0,1,0,1,0,23,0.033333333,0,0,0,0,0,0,0,0,0,0,3,4,0
90990,191,346877,4,33,4,5,12,3,3,7,2,9,0.033333333,0,0,0,0,0,0,0,0,0,0,13,33,0
91001,2,247683,2,1,1,0,0,0,0,0,0,23,0.033333333,0,0,0,0,0,0,0,0,0,0,1,1,0
91008,340,346877,4,60,6,24,15,2,4,24,1,9,0.066666667,0,0,0,0,0,0,0,0,0,0,14,53,0
91015,11,502584,1,11,3,3,0,1,0,5,1,143,0.033333333,0,0,0,0,0,0,0,0,0,0,6,11,0
91017,52,346877,1,52,14,19,0,7,5,9,4,9,0.1,0,0,0,0,0,0,0,0,0,0,10,28,6
91019,150,502584,5,3,3,0,0,0,0,0,0,143,0.066666667,0,0,0,0,0,0,0,0,0,0,1,2,0
91020,150,188602,5,7,3,0,0,0,3,0,0,96,0.033333333,0,0,0,0,0,0,0,0,0,0,4,7,0
91027,11,247683,1,11,2,5,0,4,0,4,0,23,0.033333333,0,0,0,0,0,0,0,0,0,0,7,11,0
91029,1,86829,1,1,1,0,0,0,0,0,0,63,0.033333333,0,0,0,0,0,0,0,0,0,0,1,1,0
91036,1,261579,1,1,1,0,0,0,0,0,0,5,0.033333333,0,0,0,0,0,0,0,0,0,0,1,1,0
91040,15,247683,1,15,4,5,0,3,0,2,2,23,0.033333333,0,0,0,0,0,0,0,0,0,0,7,15,0
91046,61,399092,3,5,5,0,0,0,0,0,0,101,0.033333333,0,0,0,0,0,0,0,0,0,0,2,5,0
91047,293,188602,2,152,12,18,53,15,26,20,12,96,0.033333333,0,0,0,0,0,0,0,0,0,0,38,152,0
91059,10,346877,1,10,3,3,0,2,0,2,2,9,0.066666667,0,0,0,0,0,0,0,0,0,0,5,5,0
91066,52,346877,2,24,2,11,0,5,3,8,3,9,0.066666667,0,0,0,0,0,0,0,0,0,0,7,8,16
91100,57,502584,2,43,11,25,0,3,0,13,4,143,0.066666667,0,0,0,0,0,0,0,0,0,0,9,6,37
91106,66,399092,2,15,6,5,0,3,0,3,0,101,0.066666667,0,0,0,0,0,0,0,0,0,0,4,4,0
91114,2,502584,1,2,2,0,0,0,0,0,0,143,0.033333333,0,0,0,0,0,0,0,0,0,0,2,2,0
91117,87,85576,3,6,2,2,0,1,0,1,1,54,0.033333333,0,0,0,0,0,0,0,0,0,0,5,6,0
91118,12,502584,1,12,5,2,0,1,0,4,1,143,0.033333333,0,0,0,0,0,0,0,0,0,0,5,12,0
91124,2112,86829,14,1,1,0,0,0,0,0,0,63,0.033333333,0,0,0,0,0,0,0,0,0,0,1,1,0
91131,2,346877,2,1,1,0,0,0,0,0,0,9,0.033333333,0,0,0,0,0,0,0,0,0,0,1,1,0
91148,130,346877,2,16,3,11,0,2,0,6,0,9,0.1,0,0,0,0,0,0,0,0,0,0,6,8,0
91167,208,85576,2,206,12,30,118,23,0,29,5,54,0.1,0,0,0,0,0,0,0,0,0,0,21,95,0
91169,562,247683,5,22,4,9,0,6,0,4,3,23,0.066666667,0,0,0,0,0,0,0,0,0,0,9,5,0
91182,9,346877,2,1,1,0,0,0,0,0,0,9,0.033333333,0,0,0,0,0,0,0,0,0,0,1,1,0
91191,146,110497,10,12,4,5,0,2,0,4,1,24,0.066666667,0,0,0,0,0,0,0,0,0,0,7,3,0
91201,282,188602,2,1,1,0,0,0,0,0,0,96,0.033333333,0,0,0,0,0,0,0,0,0,0,1,1,0
91213,698,247683,5,61,6,37,2,3,10,30,1,23,0.1,0,0,0,0,0,0,0,0,0,0,21,56,0
91214,41,346877,1,41,4,17,0,8,6,12,6,9,0.033333333,0,0,0,0,0,0,0,0,0,0,12,41,0
91217,309,85168,6,25,3,14,0,5,0,8,3,139,0.033333333,0,0,0,0,0,0,0,0,0,0,9,25,0
91229,13,247683,3,3,3,0,0,0,0,0,0,23,0.033333333,0,0,0,0,0,0,0,0,0,0,3,3,0
91233,29,110497,2,22,2,6,1,5,0,9,4,24,0.033333333,0,0,0,0,0,0,0,0,0,0,11,22,0
91236,12,399092,1,12,11,0,0,0,1,0,0,101,0.033333333,0,0,0,0,0,0,0,0,0,0,4,12,0
91242,28,110497,1,28,5,9,0,6,0,5,4,24,0.033333333,0,0,0,0,0,0,0,0,0,0,14,28,0
91244,6,42723,1,6,1,2,0,1,0,2,1,6,0.033333333,0,0,0,0,0,0,0,0,0,0,4,6,0
91260,93,110497,3,14,5,2,0,1,4,1,1,24,0.033333333,0,0,0,0,0,0,0,0,0,0,6,14,0
91267,47,502584,1,47,17,22,0,4,0,13,4,143,0.1,0,0,0,0,0,0,0,0,0,0,22,7,20
91275,4,502584,1,4,4,0,0,0,0,0,0,143,0.033333333,0,0,0,0,0,0,0,0,0,0,1,4,0
91281,179,247683,2,17,4,6,0,4,0,3,3,23,0.033333333,0,0,0,0,0,0,0,0,0,0,9,17,0
91300,86,346877,4,27,4,15,5,1,0,9,1,9,0.1,0,0,0,0,0,0,0,0,0,0,11,8,13
91304,178,86829,5,91,9,23,26,17,1,19,4,63,0.066666667,0,0,0,0,0,0,0,0,0,0,21,63,0
91336,1,110497,1,1,1,0,0,0,0,0,0,24,0.033333333,0,0,0,0,0,0,0,0,0,0,1,1,0
91344,9,188602,1,9,5,2,0,1,0,1,1,96,0.066666667,0,0,0,0,0,0,0,0,0,0,5,5,0
91360,228,85576,4,84,9,22,15,16,1,19,6,54,0.1,0,0,0,0,0,0,0,0,0,0,16,72,0
91371,44,247683,3,9,2,3,0,2,0,2,2,23,0.033333333,0,0,0,0,0,0,0,0,0,0,5,9,0
91378,1,86829,1,1,1,0,0,0,0,0,0,63,0.033333333,0,0,0,0,0,0,0,0,0,0,1,1,0
91412,9,85168,1,9,4,2,0,1,0,1,1,139,0.033333333,0,0,0,0,0,0,0,0,0,0,7,9,0
91428,523,261579,5,1,1,0,0,0,0,0,0,5,0.033333333,0,0,0,0,0,0,0,0,0,0,1,1,0
91431,24,502584,1,24,2,12,0,4,0,13,3,143,0.033333333,0,0,0,0,0,0,0,0,0,0,9,24,0
91440,6,346877,1,6,2,2,0,1,0,1,1,9,0.033333333,0,0,0,0,0,0,0,0,0,0,5,6,0
91441,21,188602,2,16,1,7,0,4,0,6,4,96,0.066666667,0,0,0,0,0,0,0,0,0,0,8,14,2
91443,36,346877,3,1,1,0,0,0,0,0,0,9,0.033333333,0,0,0,0,0,0,0,0,0,0,1,1,0
91462,8,247683,2,6,2,2,0,1,0,1,1,23,0.033333333,0,0,0,0,0,0,0,0,0,0,5,6,0
91471,15,247683,2,6,3,3,0,0,0,2,0,23,0.033333333,0,0,0,0,0,0,0,0,0,0,5,6,0
91475,6,188602,1,6,2,2,0,1,0,1,1,96,0.033333333,0,0,0,0,0,0,0,0,0,0,5,6,0
91481,1,261579,1,1,1,0,0,0,0,0,0,5,0.033333333,0,0,0,0,0,0,0,0,0,0,1,1,0
91486,15,110497,1,15,6,3,0,1,3,2,1,24,0.033333333,0,0,0,0,0,0,0,0,0,0,8,15,0
91500,13,346877,2,6,2,2,0,1,0,1,1,9,0.033333333,0,0,0,0,0,0,0,0,0,0,5,6,0
91502,30,188602,2,9,3,3,0,2,0,2,1,96,0.033333333,0,0,0,0,0,0,0,0,0,0,5,9,0
91514,403,399092,5,91,2,25,6,19,3,32,17,101,0.066666667,0,0,0,0,0,0,0,0,0,0,20,34,0
91515,1251,85576,6,48,8,17,0,12,1,11,6,54,0.1,0,0,0,0,0,0,0,0,0,0,12,14,0
91519,7,346877,1,7,3,4,0,0,0,3,0,9,0.033333333,0,0,0,0,0,0,0,0,0,0,4,7,0
91523,28,346877,3,6,1,3,0,1,0,2,1,9,0.033333333,0,0,0,0,0,0,0,0,0,0,5,6,0
91532,47,502584,2,8,3,2,0,1,0,2,1,143,0.033333333,0,0,0,0,0,0,0,0,0,0,5,8,0
91553,4,85168,1,4,2,2,0,0,0,1,0,139,0.033333333,0,0,0,0,0,0,0,0,0,0,4,4,0
91557,3,502584,1,3,3,0,0,0,0,0,0,143,0.033333333,0,0,0,0,0,0,0,0,0,0,2,3,0
91566,517,261579,6,1,1,0,0,0,0,0,0,5,0.033333333,0,0,0,0,0,0,0,0,0,0,1,1,0
91576,22,247683,4,2,2,0,0,0,0,0,0,23,0.033333333,0,0,0,0,0,0,0,0,0,0,2,2,0
91577,36,502584,2,1,1,0,0,0,0,0,0,143,0.033333333,0,0,0,0,0,0,0,0,0,0,1,1,0
91578,6,346877,1,6,2,2,0,1,0,1,1,9,0.033333333,0,0,0,0,0,0,0,0,0,0,5,6,0
91585,365,110497,4,58,2,15,0,12,0,29,7,24,0.033333333,0,0,0,0,0,0,0,0,0,0,15,58,0
91588,7,188602,2,5,2,2,0,0,0,2,0,96,0.033333333,0,0,0,0,0,0,0,0,0,0,4,5,0
91594,27,247683,2,9,3,6,0,0,0,5,0,23,0.033333333,0,0,0,0,0,0,0,0,0,0,8,9,0
91607,89,221833,1,89,4,13,20,12,0,30,7,58,0.066666667,0,0,0,88,0,0,0,0,0,0,26,89,0
91618,120,652701,1,120,18,38,3,26,21,17,0,3,0.133333333,0,0,0,62,0,0,0,0,0,0,23,68,50
91625,13,652701,1,13,5,4,0,2,0,3,2,3,0.066666667,0,0,0,9,0,0,0,0,0,0,8,4,0
91633,429,652701,4,1,1,0,0,0,0,0,0,3,0.033333333,0,0,0,1,0,0,0,0,0,0,1,1,0
91659,131,652701,1,131,17,43,11,29,1,14,11,3,0.333333333,0,0,0,22,0,0,0,21,0,0,33,25,4
91671,140,652701,1,140,19,21,39,17,22,12,7,3,0.1,0,0,0,45,0,0,0,0,0,0,29,90,5
91674,8,652701,1,8,4,2,0,1,0,1,1,3,0.033333333,0,0,0,8,0,0,0,0,0,0,7,8,0
91680,165,652701,3,23,4,5,6,3,1,0,0,3,0.066666667,0,0,0,2,0,0,0,0,0,0,8,21,0
91686,221,221833,17,1,1,0,0,0,0,0,0,58,0.033333333,0,0,0,1,0,0,0,0,0,0,1,1,0
91701,340,652701,3,74,4,19,3,17,18,18,12,3,0.033333333,0,0,0,74,0,0,0,0,0,0,23,74,0
91706,3,148039,2,2,2,0,0,0,0,0,0,18,0.033333333,0,0,0,0,2,0,0,0,0,0,1,2,0
91710,189,221833,1,189,10,27,37,22,2,69,12,58,0.1,0,0,0,151,0,0,0,0,0,0,44,21,0
91724,75,148039,1,75,9,29,3,17,0,23,8,18,0.166666667,0,0,9,38,9,0,0,0,0,0,14,56,10
91729,149,148039,3,27,2,7,2,6,0,11,3,18,0.033333333,0,0,0,0,27,0,0,0,0,0,13,27,0
91750,38,652701,1,38,8,6,4,4,12,5,2,3,0.033333333,0,0,0,38,0,0,0,0,0,0,12,38,0
91753,63,652701,1,63,6,20,5,18,0,17,14,3,0.033333333,0,0,0,63,0,0,0,0,0,0,23,63,0
91756,1126,41550,13,1,1,0,0,0,0,0,0,21,0.033333333,0,1,0,0,0,0,0,0,0,0,1,1,0
91770,41,41550,1,41,13,16,0,7,1,9,3,21,0.066666667,0,8,0,0,0,0,0,0,0,0,11,33,0
91775,861,221833,10,185,13,51,22,30,5,67,15,58,0.166666667,7,0,0,8,0,0,0,0,0,0,47,50,0
91786,20,652701,2,1,1,0,0,0,0,0,0,3,0.033333333,0,0,0,1,0,0,0,0,0,0,1,1,0
91789,1,652701,1,1,1,0,0,0,0,0,0,3,0.033333333,0,0,0,1,0,0,0,0,0,0,1,1,0
91801,126,652701,2,69,13,20,0,16,10,13,7,3,0.133333333,0,0,34,13,17,0,0,0,0,0,23,5,0
91813,77,652701,3,74,21,18,10,9,4,6,2,3,0.166666667,0,0,0,31,0,0,0,0,0,0,16,26,7
91820,116,652701,1,116,21,31,7,19,12,10,7,3,0.1,0,0,0,42,0,0,0,0,0,0,28,54,20
91836,757,41550,4,2,2,0,0,0,0,0,0,21,0.033333333,0,2,0,0,0,0,0,0,0,0,2,2,0
91842,72,652701,2,12,2,4,0,3,0,3,3,3,0.033333333,0,0,0,12,0,0,0,0,0,0,9,12,0
91850,13,652701,3,1,1,0,0,0,0,0,0,3,0.033333333,0,0,0,1,0,0,0,0,0,0,1,1,0
91854,78,221833,3,1,1,0,0,0,0,0,0,58,0.033333333,0,0,0,1,0,0,0,0,0,0,1,1,0
91855,87,652701,1,87,23,36,3,13,0,15,6,3,0.233333333,0,0,0,35,0,0,0,0,0,0,22,24,35
91865,6,652701,1,6,2,2,0,1,0,1,1,3,0.033333333,0,0,0,6,0,0,0,0,0,0,5,6,0
91869,15,652701,1,15,2,6,0,4,0,2,2,3,0.066666667,0,0,0,10,0,0,0,0,0,0,9,5,0
91877,67,652701,3,53,10,22,0,14,0,7,5,3,0.133333333,0,0,0,21,0,0,0,0,0,0,14,6,0
91884,70,652701,3,40,9,19,0,10,0,0,0,3,0.2,0,0,0,5,0,0,0,0,0,0,7,8,5
91890,81,221833,1,81,4,14,12,12,8,25,6,58,0.066666667,0,0,0,44,37,0,0,0,0,0,26,44,37
91902,111,652701,4,79,10,23,20,13,8,2,2,3,0.233333333,0,0,0,10,0,0,0,0,0,0,16,2,30
91923,16,652701,1,16,3,8,0,3,0,7,2,3,0.033333333,0,0,0,16,0,0,0,0,0,0,6,16,0
91925,207,221833,5,48,6,7,4,6,2,22,3,58,0.033333333,0,0,0,48,0,0,0,0,0,0,15,48,0
91926,133,221833,1,133,15,20,26,12,14,35,9,58,0.1,0,7,0,22,0,0,0,0,0,0,34,104,0
91932,21,652701,1,21,8,6,0,4,0,3,3,3,0.033333333,0,0,0,21,0,0,0,0,0,0,9,21,0
91941,83,652701,2,70,8,8,47,3,0,2,1,3,0.133333333,0,0,0,9,0,0,0,0,0,0,11,65,3
91942,81,41550,6,6,4,2,0,0,0,1,0,21,0.033333333,0,6,0,0,0,0,0,0,0,0,6,6,0
91955,26,652701,1,26,8,5,0,3,5,0,0,3,0.066666667,0,0,0,0,5,0,0,0,0,0,8,21,0
91961,18,652701,2,8,4,2,0,1,0,1,1,3,0.033333333,0,0,0,0,8,0,0,0,0,0,7,8,0
91962,131,221833,4,67,9,31,2,9,1,21,10,58,0.1,0,0,0,5,0,0,0,0,0,0,16,7,55
91970,352,148039,3,24,2,10,0,6,0,5,3,18,0.066666667,0,0,0,0,19,0,0,0,0,0,8,5,0
91976,34,907118,2,20,9,0,0,0,10,0,0,19,0.033333333,0,0,0,0,0,0,0,0,0,0,7,20,0
91979,5,907118,1,5,2,2,0,1,0,1,0,19,0.033333333,0,0,0,0,0,0,0,0,0,0,4,5,0
91980,602,907118,4,516,48,194,48,118,18,172,46,19,0.433333333,0,0,0,0,1,17,0,5,100,0,92,357,18
91981,100,907118,1,100,16,19,0,13,47,11,3,19,0.033333333,0,0,0,0,0,0,0,0,0,0,17,100,0
92011,108,907118,2,100,52,17,3,15,1,16,6,19,0.133333333,0,0,0,0,0,0,0,0,0,0,21,48,10
92012,152,155579,2,116,14,13,23,12,8,32,16,17,0.066666667,0,0,0,0,0,0,0,0,0,0,32,45,71
92023,138,907118,2,81,14,28,8,19,2,15,6,19,0.2,0,0,0,0,0,0,0,0,0,0,22,7,9
92025,3,907118,2,1,1,0,0,0,0,0,0,19,0.033333333,0,0,0,0,0,0,0,0,0,0,1,1,0
92027,174,907118,1,174,34,55,3,39,21,36,15,19,0.266666667,0,0,6,1,0,0,0,0,0,0,35,112,6
92035,11,907118,1,11,3,6,0,0,1,5,1,19,0.033333333,0,0,0,0,0,0,0,0,0,0,9,11,0
92038,160,907118,1,160,20,55,12,44,5,44,16,19,0.1,0,0,0,0,0,0,0,0,0,0,50,78,82
92043,75,89830,1,75,7,20,5,8,4,33,13,108,0.133333333,0,0,19,0,0,0,0,0,0,0,25,3,19
92050,2,907118,1,2,2,0,0,0,0,0,0,19,0.033333333,0,0,0,0,0,0,0,0,0,0,2,2,0
92056,177,907118,1,177,61,53,17,30,7,25,0,19,0.166666667,0,0,6,34,0,0,0,0,0,0,24,32,111
92068,145,155579,3,110,11,38,1,28,1,31,26,17,0.2,5,0,0,0,0,0,0,0,0,0,45,7,7
92093,63,907118,1,63,13,18,0,13,8,16,8,19,0.066666667,0,0,0,0,0,0,0,0,0,0,20,31,32
92094,1,89830,1,1,1,0,0,0,0,0,0,108,0.033333333,0,0,0,0,0,0,0,0,0,0,1,1,0
92096,262,907118,2,176,25,61,24,46,0,42,7,19,0.266666667,0,26,0,0,0,0,0,0,0,20,40,82,40
92103,121,907118,1,121,19,43,12,29,4,27,4,19,0.2,6,0,0,0,0,12,0,0,0,0,28,60,11
92120,6,155579,1,6,2,2,0,1,0,1,1,17,0.033333333,0,0,0,0,0,0,0,0,0,0,5,6,0
92122,36,91935,1,36,2,9,7,8,0,12,6,26,0.033333333,0,0,0,0,0,0,0,0,0,0,16,36,0
92124,139,907118,4,45,16,16,0,9,0,8,1,19,0.133333333,0,6,0,0,0,0,0,0,0,0,13,29,0
92132,2311,907118,5,8,2,3,0,2,1,2,0,19,0.033333333,0,0,0,0,0,0,0,0,0,0,5,8,0
92134,56,907118,1,56,14,36,0,6,0,22,0,19,0.133333333,0,0,0,0,0,0,0,0,0,0,9,25,0
92143,60,907118,2,12,4,5,0,1,0,4,2,19,0.033333333,0,0,0,0,0,0,0,0,0,0,9,12,0
92148,10,907118,1,10,4,6,0,0,0,5,0,19,0.033333333,0,0,0,0,0,0,0,0,0,0,7,10,0
92151,4,907118,1,4,2,2,0,0,0,1,0,19,0.033333333,0,0,0,0,0,0,0,0,0,0,3,4,0
92156,34,907118,1,34,7,8,0,7,8,10,0,19,0.033333333,0,0,0,0,0,0,0,0,0,0,12,34,0
92157,26,907118,1,26,21,4,0,0,0,4,1,19,0.066666667,0,0,0,0,0,0,0,0,0,0,6,16,0
92175,107,907118,1,107,48,29,6,17,1,16,3,19,0.1,0,0,0,0,0,0,0,0,0,0,20,90,11
92186,24,907118,1,24,3,7,0,6,3,7,4,19,0.033333333,0,0,0,0,0,0,0,0,0,0,11,24,0
92202,266,907118,2,122,7,42,6,23,26,42,13,19,0.1,0,0,0,0,0,0,0,0,0,0,20,50,4
92230,9,907118,1,9,1,5,0,3,0,4,0,19,0.033333333,0,0,0,0,0,0,0,0,0,0,6,9,0
92236,9,907118,1,9,6,2,0,1,0,1,0,19,0.033333333,0,0,0,0,0,0,0,0,0,0,5,9,0
92243,4,155579,2,2,2,0,0,0,0,0,0,17,0.033333333,0,0,0,0,0,0,0,0,0,0,1,2,0
92249,80,907118,1,80,7,29,8,20,0,32,4,19,0.133333333,0,0,0,0,0,0,22,0,0,0,22,16,0
92254,382,907118,1,382,32,114,28,79,65,85,24,19,0.166666667,0,0,0,0,0,9,0,0,0,0,75,373,0
92264,19,907118,1,19,3,7,0,4,3,5,1,19,0.033333333,0,0,0,0,0,0,0,0,0,0,8,19,0
92265,31,907118,2,21,2,10,0,5,0,8,3,19,0.066666667,0,0,0,0,0,0,0,0,0,0,10,10,0
92273,4,907118,1,4,1,2,0,1,0,1,0,19,0.033333333,0,0,0,0,0,0,0,0,0,0,3,4,0
92280,91,907118,2,79,18,10,23,10,0,17,6,19,0.066666667,0,0,0,0,0,0,0,0,0,0,30,11,0
92281,219,907118,1,219,18,85,12,59,9,64,27,19,0.233333333,0,0,0,0,22,0,0,0,28,0,55,134,7
92284,7,907118,1,7,3,4,0,0,0,3,0,19,0.033333333,0,0,0,0,0,0,0,0,0,0,5,7,0
92285,11,907118,1,11,1,5,0,4,0,4,1,19,0.033333333,0,0,0,0,0,0,0,0,0,0,7,11,0
92286,1,155579,1,1,1,0,0,0,0,0,0,17,0.033333333,0,0,0,0,0,0,0,0,0,0,1,1,0
92289,31,89830,1,31,2,3,6,2,1,13,6,108,0.033333333,0,0,0,0,0,0,0,0,0,0,13,31,0
92295,8,907118,1,8,2,3,0,2,0,2,1,19,0.033333333,0,0,0,0,0,0,0,0,0,0,6,8,0
92307,7,91935,2,1,1,0,0,0,0,0,0,26,0.033333333,0,0,0,0,0,0,0,0,0,0,1,1,0
92317,119,89830,2,10,1,4,0,1,0,5,2,108,0.033333333,0,0,0,0,0,0,0,0,0,0,5,10,0
92331,27,155579,2,26,4,11,0,6,0,8,4,17,0.066666667,0,0,0,0,0,0,0,0,0,0,11,11,15
92346,12,907118,1,12,4,3,0,2,0,4,1,19,0.066666667,0,0,0,0,0,0,0,0,0,0,6,9,0
92364,13,907118,1,13,3,7,0,0,0,6,3,19,0.033333333,0,0,0,0,0,0,0,0,0,0,9,13,0
92366,23,907118,1,23,17,2,0,1,1,1,0,19,0.033333333,0,0,0,0,0,0,0,0,0,0,8,23,0
92370,18,907118,1,18,2,8,0,6,0,5,2,19,0.033333333,0,0,0,0,0,0,0,0,0,0,8,18,0
92372,58,907118,1,58,7,27,0,14,0,16,10,19,0.133333333,0,0,0,0,0,0,0,7,0,0,14,11,0
92383,200,907118,1,200,14,50,11,30,74,46,9,19,0.066666667,0,0,0,0,0,0,0,0,0,0,33,141,0
92395,23,907118,2,22,1,10,0,8,0,9,3,19,0.033333333,0,0,0,0,0,0,0,0,0,0,12,22,0
92401,653,907118,3,621,48,222,21,176,26,190,96,19,0.5,0,34,0,126,43,51,24,25,47,33,81,145,47
92405,88,907118,1,88,10,37,4,26,0,20,10,19,0.2,0,0,0,8,0,0,0,0,0,0,33,38,24
92411,2,907118,1,2,2,0,0,0,0,0,0,19,0.033333333,0,0,0,0,0,0,0,0,0,0,1,2,0
92442,338,907118,1,338,39,148,27,86,1,109,19,19,0.433333333,0,27,0,0,0,0,50,68,15,38,55,57,53
92450,125,907118,4,38,2,14,5,10,0,11,5,19,0.066666667,0,0,0,0,0,0,0,0,0,0,17,23,15
92454,83,907118,4,5,2,2,0,1,0,1,0,19,0.033333333,0,0,0,0,0,0,0,0,0,0,3,5,0
92459,536,907118,4,154,22,54,14,39,1,35,20,19,0.2,0,0,0,0,55,0,0,0,0,0,52,53,39
92464,115,907118,1,115,16,32,7,26,8,31,13,19,0.133333333,0,0,0,0,0,0,0,0,0,0,38,59,16
92484,50,907118,1,50,9,30,2,9,0,21,0,19,0.133333333,0,0,0,0,0,0,0,0,0,0,17,20,25
92485,51,907118,2,10,6,3,0,1,0,2,0,19,0.033333333,0,0,0,0,0,0,0,0,0,0,7,10,0
92489,180,907118,2,171,8,70,9,58,0,57,26,19,0.233333333,0,0,0,0,0,0,0,0,37,0,51,106,0
92501,95,89830,6,1,1,0,0,0,0,0,0,108,0.033333333,0,0,0,0,0,0,0,0,0,0,1,1,0
92519,1,907118,1,1,1,0,0,0,0,0,0,19,0.033333333,0,0,0,0,0,0,0,0,0,0,1,1,0
92526,85,907118,1,85,9,65,4,1,1,62,0,19,0.033333333,0,0,0,0,0,0,0,0,0,0,17,85,0
92545,8,907118,1,8,3,2,0,2,0,2,1,19,0.033333333,0,0,0,0,0,0,0,0,0,0,6,8,0
92548,2,907118,1,2,2,0,0,0,0,0,0,19,0.033333333,0,0,0,0,0,0,0,0,0,0,2,2,0
92555,235,907118,1,235,8,126,13,15,3,131,31,19,0.266666667,0,12,51,0,0,0,0,0,6,0,66,45,132
92562,21,907118,1,21,2,8,0,6,0,7,2,19,0.033333333,0,0,0,0,0,0,0,0,0,0,9,21,0
92573,1528,907118,4,11,2,5,0,4,0,4,0,19,0.033333333,0,0,0,0,0,0,0,0,0,0,5,11,0
92574,73,907118,1,73,10,27,7,20,2,16,4,19,0.133333333,0,0,0,0,0,0,0,0,0,0,24,61,0
92575,1696,91935,11,68,10,17,13,12,2,12,8,26,0.133333333,0,0,0,0,0,0,0,0,0,0,16,9,1
92583,20,89830,2,18,7,3,0,1,5,2,1,108,0.033333333,0,0,0,0,0,0,0,0,0,0,7,18,0
92586,399,907118,2,236,25,61,22,51,33,57,24,19,0.166666667,0,0,0,0,0,0,0,43,0,0,73,43,0
92600,194,907118,1,194,36,67,20,40,1,57,19,19,0.266666667,0,0,7,13,50,0,0,0,0,0,57,62,7
92621,4,907118,1,4,2,2,0,0,0,1,0,19,0.033333333,0,0,0,0,0,0,0,0,0,0,4,4,0
92627,36,907118,1,36,8,14,0,7,4,11,3,19,0.066666667,0,0,0,0,0,0,0,0,0,0,13,25,0
92641,135,907118,1,135,26,62,12,15,9,47,3,19,0.2,0,0,0,0,0,0,0,0,25,0,29,55,16
92650,92,907118,4,39,1,20,0,10,0,22,5,19,0.033333333,0,0,0,0,0,0,0,0,0,0,15,39,0
92660,27,907118,1,27,6,4,1,0,16,3,0,19,0.033333333,0,0,0,0,0,0,0,0,0,0,8,27,0
92663,507,907118,3,496,72,142,52,93,31,165,25,19,0.366666667,0,0,11,0,0,0,0,6,127,8,79,328,19
92669,1013,907118,3,8,3,2,0,2,0,2,1,19,0.033333333,0,0,0,0,0,0,0,0,0,0,7,8,0
92670,7,907118,1,7,1,3,0,2,0,2,1,19,0.033333333,0,0,0,0,0,0,0,0,0,0,5,7,0
92695,4,907118,1,4,1,2,0,1,0,1,0,19,0.033333333,0,0,0,0,0,0,0,0,0,0,3,4,0
92702,105,907118,3,42,3,19,3,12,0,8,5,19,0.066666667,0,0,0,0,0,0,0,0,0,0,16,42,0
92721,155,907118,1,155,10,44,18,36,3,54,17,19,0.166666667,0,0,0,0,0,0,49,34,0,0,37,13,0
92737,5,907118,1,5,5,0,0,0,0,0,0,19,0.033333333,0,0,0,0,0,0,0,0,0,0,3,5,0
92746,8,907118,1,8,3,5,0,0,0,4,0,19,0.033333333,0,0,0,0,0,0,0,0,0,0,5,8,0
92773,8,907118,1,8,1,4,0,3,0,3,0,19,0.033333333,0,0,0,0,0,0,0,0,0,0,4,8,0
92774,41,907118,1,41,4,18,0,12,0,13,7,19,0.1,0,0,0,0,0,0,0,0,0,0,17,7,31
92782,80,907118,1,80,16,28,1,23,1,25,3,19,0.166666667,0,0,0,0,0,13,0,0,0,0,24,1,0
92783,42,907118,1,42,17,16,0,3,3,11,1,19,0.1,0,0,0,0,0,0,0,0,0,0,12,27,14
92786,5,907118,1,5,2,2,0,1,0,1,0,19,0.033333333,0,0,0,0,0,0,0,0,0,0,4,5,0
92787,17,907118,1,17,1,8,0,6,0,7,2,19,0.033333333,0,0,0,0,0,0,0,0,0,0,9,17,0
92797,9,907118,1,9,3,3,0,2,1,2,0,19,0.033333333,0,0,0,0,0,0,0,9,0,0,5,9,0
92803,36,907118,1,36,5,13,0,11,0,12,3,19,0.066666667,0,0,0,0,0,0,0,26,0,0,13,10,0
92806,72,907118,1,72,15,26,0,22,0,21,9,19,0.1,0,0,0,0,0,0,0,32,15,25,24,32,15
92813,225,195289,3,214,13,40,92,20,0,46,13,105,0.2,0,0,1,0,33,0,0,0,0,0,25,34,0
92840,52,399092,3,8,2,3,0,2,0,2,1,101,0.033333333,0,0,0,0,0,0,0,0,0,0,6,8,0
92843,18,188602,4,9,2,4,0,2,0,1,1,96,0.033333333,0,0,0,0,0,0,0,0,0,0,6,9,0
92847,293,457932,4,52,9,10,7,8,12,7,6,21,0.1,0,0,0,0,0,0,0,0,0,0,21,13,39
92852,254,457932,5,32,9,18,1,1,1,9,0,21,0.133333333,0,0,0,0,0,0,0,0,0,0,13,5,0
92860,1,127749,1,1,1,0,0,0,0,0,0,102,0.033333333,0,0,0,0,0,0,0,0,0,0,1,1,0
92861,19,46603,1,19,8,5,0,3,0,3,2,5,0.033333333,0,0,0,0,0,0,0,0,0,0,10,19,0
92876,495,457932,7,10,2,4,3,1,0,3,0,21,0.033333333,0,0,0,0,0,0,0,0,0,0,6,10,0
92879,55,250865,1,55,9,5,4,2,8,18,1,34,0.066666667,0,0,0,0,0,0,0,0,0,0,12,4,51
92882,22,457932,1,22,2,6,2,5,2,6,4,21,0.066666667,0,0,0,0,0,0,0,0,0,0,14,10,12
92887,119,399092,1,119,4,20,10,18,4,45,12,101,0.033333333,0,0,0,0,0,0,0,0,0,0,23,119,0
92888,4,250865,2,1,1,0,0,0,0,0,0,34,0.033333333,0,0,0,0,0,0,0,0,0,0,1,1,0
92890,853,346877,3,57,7,12,9,10,6,13,6,9,0.066666667,0,0,0,0,0,0,0,0,0,0,16,39,0
92897,46,110497,2,24,7,10,0,5,0,5,1,24,0.066666667,0,0,0,0,0,0,0,0,0,0,10,14,0
92898,42,250865,1,42,12,13,0,8,1,10,1,34,0.033333333,0,0,0,0,0,0,0,0,0,0,10,42,0
92903,130,457932,2,121,6,19,26,15,32,19,12,21,0.066666667,0,0,0,0,0,0,0,0,0,0,29,44,77
92914,75,457932,1,75,2,29,18,15,0,26,9,21,0.066666667,0,0,0,0,0,0,0,0,0,0,27,22,0
92919,16,24979,3,1,1,0,0,0,0,0,0,25,0.033333333,0,0,0,0,0,0,0,0,0,0,1,1,0
92922,44,457932,1,44,4,14,1,12,0,11,10,21,0.033333333,0,0,0,0,0,0,0,0,0,0,15,44,0
92933,1,346877,1,1,1,0,0,0,0,0,0,9,0.033333333,0,0,0,0,0,0,0,0,0,0,1,1,0
92935,127,457932,1,127,21,35,18,23,6,25,17,21,0.1,0,0,0,0,0,0,0,0,0,0,27,69,12
92938,33,457932,1,33,5,20,4,0,0,9,0,21,0.033333333,0,0,0,0,0,0,0,0,0,0,11,33,0
92955,631,247683,12,31,8,8,8,7,0,7,0,23,0.1,0,0,0,0,0,0,0,3,0,0,13,22,6
92957,70,85576,1,70,11,11,0,7,27,11,4,54,0.033333333,0,0,0,0,0,0,0,0,0,0,11,70,0
92965,631,27035,12,3,3,0,0,0,0,0,0,60,0.033333333,0,0,0,0,0,0,0,0,0,0,2,3,0
92966,631,250865,12,20,4,7,2,5,0,5,1,34,0.066666667,0,0,0,0,14,0,0,0,0,0,9,6,14
92968,66,346877,4,4,0,2,0,1,0,1,1,9,0.033333333,0,0,0,0,0,0,0,0,0,0,3,4,0
92980,138,260769,2,2,2,0,0,0,0,0,0,0,0.033333333,0,0,0,0,0,0,0,0,0,0,1,2,0
92982,87,457932,1,87,14,24,13,2,25,19,2,21,0.1,0,0,0,0,0,0,0,0,0,0,24,42,39
92986,8,346877,1,8,5,1,0,1,0,1,1,9,0.033333333,0,0,0,0,0,0,0,0,0,0,6,8,0
92987,17,260769,2,16,6,8,0,0,1,7,0,0,0.033333333,0,0,0,0,0,0,0,0,0,0,13,16,0
92993,203,457932,3,23,4,13,2,2,0,8,2,21,0.1,0,0,0,0,0,0,0,0,0,0,14,9,8
93000,1053,457932,5,36,4,12,4,9,0,7,6,21,0.066666667,0,0,0,0,0,0,0,0,0,0,14,12,0
93006,22,250865,2,2,2,0,0,0,0,0,0,34,0.033333333,0,0,0,0,0,0,0,0,0,0,1,2,0
93012,2,85168,1,2,2,0,0,0,0,0,0,139,0.033333333,0,0,0,0,0,0,0,0,0,0,2,2,0
93014,377,457932,3,39,4,17,4,9,0,12,4,21,0.066666667,0,0,0,0,0,0,0,0,0,0,16,24,15
93019,17,110497,2,9,2,3,0,2,0,3,2,24,0.033333333,0,0,0,0,0,0,0,0,0,0,7,9,0
93020,78,127749,1,78,5,6,54,3,0,8,1,102,0.033333333,0,0,0,0,0,0,0,0,0,0,27,78,0
93024,6,457932,1,6,3,2,0,1,0,1,0,21,0.066666667,0,0,0,0,0,0,0,0,0,0,3,6,0
93040,116,127749,3,11,4,4,0,2,0,1,1,102,0.066666667,0,0,0,0,0,0,0,0,0,0,5,7,0
93042,85,457932,4,70,15,14,5,9,23,5,3,21,0.033333333,0,0,0,0,0,0,0,0,0,0,14,70,0
93066,616,457932,6,39,4,19,13,0,0,18,0,21,0.066666667,0,0,0,0,0,0,0,0,0,0,20,38,0
93067,17,260769,1,17,7,9,0,0,1,6,0,0,0.033333333,0,0,0,0,0,0,0,0,0,0,9,17,0
93069,30,85576,4,3,3,0,0,0,0,0,0,54,0.033333333,0,0,0,0,0,0,0,0,0,0,2,3,0
93093,27,188602,1,27,5,15,0,4,1,10,1,96,0.033333333,0,0,0,0,0,0,0,0,0,0,11,27,0
93101,2,502584,1,2,2,0,0,0,0,0,0,143,0.033333333,0,0,0,0,0,0,0,0,0,0,2,2,0
93113,7,85168,1,7,3,2,0,1,0,1,1,139,0.033333333,0,0,0,0,0,0,0,0,0,0,6,7,0
93115,63,247683,4,18,8,6,0,2,0,3,2,23,0.066666667,0,0,0,0,0,0,0,0,0,0,9,4,14
93116,98,250865,2,5,1,2,0,1,0,1,1,34,0.033333333,0,0,0,0,0,0,0,0,0,0,4,5,0
93119,17,42723,2,9,4,4,0,1,0,1,0,6,0.033333333,0,0,0,0,0,0,0,0,0,0,7,9,0
93123,68,457932,2,24,3,7,7,1,0,8,1,21,0.033333333,0,0,0,0,0,0,0,0,0,0,13,24,0
93130,48,502584,2,9,2,5,0,2,0,4,0,143,0.033333333,0,0,0,0,0,0,0,0,0,0,4,9,0
93131,6,247683,1,6,2,2,0,1,0,1,1,23,0.033333333,0,0,0,0,0,0,0,0,0,0,5,6,0
93135,3,399092,1,3,3,0,0,0,0,0,0,101,0.033333333,0,0,0,0,0,0,0,0,0,0,2,3,0
93140,19,399092,4,2,2,0,0,0,0,0,0,101,0.033333333,0,0,0,0,0,0,0,0,0,0,2,2,0
93147,19,188602,4,7,3,2,0,1,0,1,1,96,0.033333333,0,0,0,0,0,0,0,0,0,0,5,7,0
93149,9,261579,1,9,4,2,0,2,0,2,0,5,0.033333333,0,9,0,0,0,0,0,0,0,0,7,9,0
93160,586,260769,6,9,2,4,0,2,0,1,1,0,0.066666667,0,0,0,0,0,0,0,0,0,0,5,5,0
93164,34,457932,1,34,5,20,7,0,0,15,0,21,0.033333333,0,0,0,0,0,0,0,0,0,0,15,34,0
93170,296,260769,3,128,10,50,34,2,26,47,2,0,0.066666667,0,0,0,0,0,0,0,0,0,0,38,73,0
93194,42,261579,3,2,2,0,0,0,0,0,0,5,0.066666667,0,1,0,0,0,0,0,0,0,0,1,1,0
93210,4,346877,1,4,2,2,0,0,0,1,0,9,0.066666667,0,0,0,0,0,0,0,0,0,0,3,3,1
93214,21,457932,1,21,1,7,4,5,0,4,3,21,0.033333333,0,0,0,0,0,0,0,0,0,0,11,21,0
93235,18,127749,1,18,2,6,0,5,0,5,5,102,0.033333333,0,0,0,0,0,0,0,0,0,0,8,18,0
93238,70,110497,2,68,8,23,1,7,17,20,4,24,0.1,0,0,0,0,0,0,0,0,0,0,14,1,0
93245,72,260769,3,6,2,2,0,1,0,1,1,0,0.033333333,0,0,0,0,0,0,0,0,0,0,5,6,0
93258,876,46603,6,1,1,0,0,0,0,0,0,5,0.033333333,0,0,0,0,0,0,0,0,0,0,1,1,0
93259,191,110497,2,104,10,22,10,17,18,29,5,24,0.066666667,0,0,0,0,0,0,0,0,0,0,19,80,0
93308,112,399092,6,4,1,2,0,1,0,1,0,101,0.033333333,0,0,0,0,0,0,0,0,0,0,3,4,0
93310,100,399092,1,100,19,3,0,2,74,2,1,101,0.066666667,0,0,0,0,0,0,0,0,0,0,8,67,0
93312,62,457932,1,62,12,21,18,3,0,20,2,21,0.066666667,0,0,0,0,0,0,0,0,0,0,20,61,0
93316,95,261579,3,25,6,17,0,0,2,14,0,5,0.066666667,0,22,0,0,0,0,0,0,0,0,16,22,0
93341,44,188602,1,44,8,15,9,6,0,13,6,96,0.1,0,0,0,0,0,0,0,0,0,0,19,22,1
93345,2,42723,1,2,2,0,0,0,0,0,0,6,0.033333333,0,0,0,0,0,0,0,0,0,0,2,2,0
93346,63,346877,4,1,1,0,0,0,0,0,0,9,0.033333333,0,0,0,0,0,0,0,0,0,0,1,1,0
93375,910,399092,5,10,4,4,0,2,0,1,0,101,0.066666667,0,0,0,0,0,0,0,0,0,0,4,5,0
93376,19,457932,1,19,6,7,0,4,0,4,2,21,0.033333333,0,0,0,0,0,0,0,0,0,0,10,19,0
93381,228,457932,4,29,4,8,4,6,0,5,2,21,0.033333333,0,0,0,0,0,0,0,0,0,0,12,29,0
93383,5,85576,1,5,2,3,0,0,0,2,0,54,0.033333333,0,0,0,0,0,0,0,0,0,0,4,5,0
93393,34,46603,1,34,4,25,0,4,0,22,1,5,0.1,0,0,0,0,0,0,0,0,0,0,13,15,4
93399,37,346877,1,37,3,9,8,0,6,17,0,9,0.033333333,0,0,0,0,0,0,0,0,0,0,11,37,0
93415,10,85576,1,10,5,3,0,1,0,2,1,54,0.1,0,0,0,0,0,0,0,0,0,0,5,7,0
93432,335,457932,3,63,6,24,11,14,0,17,8,21,0.133333333,0,0,0,0,0,0,0,0,0,0,27,18,0
93444,82,86829,1,82,12,54,0,3,0,52,4,63,0.133333333,0,0,0,0,0,0,0,0,0,0,36,11,0
93449,217,457932,4,35,6,15,10,1,0,12,2,21,0.033333333,0,0,0,0,0,0,0,0,0,0,17,35,0
93450,1135,457932,7,46,4,16,3,10,5,11,7,21,0.066666667,0,0,0,0,0,0,0,0,0,0,14,11,0
93463,114,346877,1,114,8,11,11,9,56,18,4,9,0.1,0,0,0,0,0,0,0,0,0,0,17,53,26
93475,216,247683,2,52,1,17,8,16,0,16,10,23,0.033333333,0,0,0,0,0,0,0,0,0,0,32,52,0
93480,1267,457932,7,22,2,11,3,1,4,8,1,21,0.033333333,0,0,0,0,0,0,0,0,0,0,13,22,0
93488,246,110497,5,1,1,0,0,0,0,0,0,24,0.033333333,0,0,0,0,0,0,0,0,0,0,1,1,0
93489,698,260769,5,240,22,96,98,6,0,71,3,0,0.233333333,0,0,0,24,0,0,0,0,0,0,64,140,4
93492,113,27035,5,7,2,3,0,1,0,1,1,60,0.033333333,0,0,0,0,0,0,0,0,0,0,5,7,0
93503,1440,188602,3,128,7,41,18,32,3,28,22,96,0.066666667,0,0,0,0,0,0,0,68,0,0,38,60,68
93512,181,250865,2,29,10,8,0,4,4,3,2,34,0.033333333,0,0,0,0,0,0,0,0,0,0,12,29,0
93519,22,85576,1,22,8,6,0,4,1,4,3,54,0.066666667,0,0,0,0,0,0,0,0,0,0,12,5,0
93522,124,110497,6,11,3,6,0,1,0,3,1,24,0.033333333,0,0,0,0,0,0,0,0,0,0,7,11,0
93530,53,502584,2,52,7,19,8,8,4,16,1,143,0.066666667,0,0,0,0,0,0,0,0,0,0,10,10,0
93536,20,502584,4,11,4,5,0,1,0,2,1,143,0.066666667,0,0,0,0,0,0,0,0,0,0,7,7,0
93547,128,457932,1,128,11,52,23,23,0,43,15,21,0.133333333,0,0,0,0,0,0,0,0,0,0,32,50,11
93567,2,346877,1,2,2,0,0,0,0,0,0,9,0.033333333,0,0,0,0,0,0,0,0,0,0,2,2,0
93576,9,346877,1,9,2,3,0,2,0,2,2,9,0.033333333,0,0,0,0,0,0,0,0,0,0,7,9,0
93595,1,260769,1,1,1,0,0,0,0,0,0,0,0.033333333,0,0,0,0,0,0,0,0,0,0,1,1,0
93624,147,457932,3,57,12,32,7,3,0,23,2,21,0.1,0,0,0,0,0,0,0,0,0,0,18,39,0
93633,698,46603,5,130,15,55,21,7,22,38,0,5,0.233333333,0,0,17,0,0,0,0,0,0,0,27,59,4
93658,24,457932,1,24,2,11,1,6,0,10,4,21,0.033333333,0,0,0,0,0,0,0,0,0,0,12,24,0
93661,12,261579,2,11,2,3,0,2,0,3,2,5,0.033333333,0,11,0,0,0,0,0,0,0,0,7,11,0
93663,6,188602,1,6,2,0,0,0,4,0,0,96,0.033333333,0,0,0,0,0,0,0,0,0,0,3,6,0
93668,887,85576,10,16,6,7,0,1,1,2,0,54,0.066666667,0,0,0,0,0,0,0,0,0,0,8,3,0
93670,19,250865,1,19,10,2,0,1,2,1,1,34,0.033333333,0,0,0,0,0,0,0,0,0,0,8,19,0
93671,310,502584,6,2,2,0,0,0,0,0,0,143,0.066666667,0,0,0,0,0,0,0,0,0,0,1,1,0
93674,310,46603,6,1,1,0,0,0,0,0,0,5,0.033333333,0,0,0,0,0,0,0,0,0,0,1,1,0
93675,146,457932,3,28,6,5,13,2,1,2,0,21,0.033333333,0,0,0,0,0,0,0,0,0,0,9,28,0
93680,2,502584,2,1,1,0,0,0,0,0,0,143,0.033333333,0,0,0,0,0,0,0,0,0,0,1,1,0
93701,589,250865,4,34,4,13,0,9,0,10,4,34,0.033333333,0,0,0,0,0,0,0,0,0,0,11,34,0
93744,17,85576,1,17,6,6,0,3,0,2,2,54,0.066666667,0,0,0,0,0,0,0,0,0,0,8,16,0
93747,2,250865,1,2,2,0,0,0,0,0,0,34,0.033333333,0,0,0,0,0,0,0,0,0,0,2,2,0
93764,1,399092,1,1,1,0,0,0,0,0,0,101,0.033333333,0,0,0,0,0,0,0,0,0,0,1,1,0
93769,11,250865,1,11,2,3,0,2,0,5,1,34,0.033333333,0,0,0,0,0,0,0,0,0,0,6,11,0
93777,113,457932,2,14,2,6,3,1,0,6,1,21,0.033333333,0,0,0,0,0,0,0,0,0,0,11,14,0
93781,9,346877,1,9,6,2,0,1,0,2,0,9,0.033333333,0,0,0,0,0,0,0,0,0,0,5,9,0
93796,56,457932,1,56,17,15,6,3,5,6,3,21,0.033333333,0,0,0,0,0,0,0,0,0,0,16,56,0
93797,258,457932,3,74,7,19,9,16,6,14,11,21,0.066666667,0,0,0,0,0,0,0,0,0,0,27,18,56
93807,6,261579,2,4,4,0,0,0,0,0,0,5,0.066666667,0,2,0,0,0,0,0,0,0,0,2,2,0
93809,157,260769,3,118,3,42,36,23,0,29,12,0,0.066666667,0,0,0,0,0,0,0,0,0,0,35,11,0
93824,4,188602,1,4,4,0,0,0,0,0,0,96,0.033333333,0,0,0,0,0,0,0,0,0,0,2,4,0
93843,28,346877,1,28,3,13,2,5,0,12,3,9,0.1,0,0,0,0,0,0,0,0,0,0,11,8,19
93848,16,457932,2,11,3,2,4,1,0,1,0,21,0.033333333,0,0,0,0,0,0,0,0,0,0,5,11,0
93852,1,457932,1,1,1,0,0,0,0,0,0,21,0.033333333,0,0,0,0,0,0,0,0,0,0,1,1,0
93856,172,250865,3,11,4,7,0,0,0,4,0,34,0.066666667,0,0,0,0,0,0,0,0,0,0,5,10,0
93861,41,261579,5,10,4,4,0,1,0,4,1,5,0.033333333,0,10,0,0,0,0,0,0,0,0,9,10,0
93871,931,457932,15,252,41,75,21,58,20,47,35,21,0.3,75,0,0,0,1,0,28,0,35,0,55,83,0
93879,50,346877,2,49,8,11,13,6,0,15,3,9,0.066666667,0,0,0,0,0,0,0,0,0,0,16,41,0
93893,19,260769,3,1,1,0,0,0,0,0,0,0,0.033333333,0,0,0,0,0,0,0,0,0,0,1,1,0
93895,200,457932,3,134,13,57,16,32,6,44,10,21,0.166666667,26,0,0,0,0,0,0,0,0,0,46,54,35
93905,462,140022,5,1,1,0,0,0,0,0,0,232,0.033333333,0,0,0,0,0,0,0,0,0,0,1,1,0
93908,42,457932,1,42,2,14,9,7,0,13,8,21,0.033333333,0,0,0,0,0,0,0,0,0,0,19,42,0
93921,75,42723,3,7,4,1,0,1,0,1,1,6,0.066666667,0,0,0,0,0,0,0,0,0,0,6,6,1
93929,233,250865,5,132,32,37,3,2,5,47,1,34,0.1,0,0,0,0,0,0,0,0,0,0,12,78,53
93940,499,188602,5,88,1,11,76,0,0,10,0,96,0.033333333,0,0,0,0,0,0,0,0,0,0,10,88,0
93942,124,260769,3,8,6,0,0,0,1,0,0,0,0.066666667,0,0,0,0,0,0,0,0,0,0,6,7,0
93945,426,260769,4,48,2,25,0,11,0,22,10,0,0.066666667,0,0,0,0,0,0,0,0,0,0,16,6,42
93947,12,457932,2,5,2,2,0,1,0,1,0,21,0.033333333,0,0,0,0,0,0,0,0,0,0,4,5,0
93949,12,346877,2,7,3,2,0,1,0,1,1,9,0.033333333,0,0,0,0,0,0,0,0,0,0,5,7,0
93951,36,346877,1,36,4,12,0,7,0,16,5,9,0.066666667,0,0,0,0,0,0,0,0,0,0,12,26,10
93956,14,250865,1,14,5,5,0,1,1,4,1,34,0.033333333,0,0,0,0,0,0,0,0,0,0,8,14,0
93957,77,250865,2,69,11,29,0,2,0,35,2,34,0.1,0,0,0,0,0,0,0,0,0,0,15,33,0
93973,95,110497,2,1,1,0,0,0,0,0,0,24,0.033333333,0,0,0,0,0,0,0,0,0,0,1,1,0
93981,8,127749,1,8,2,5,0,1,0,4,0,102,0.033333333,0,0,0,0,0,0,0,0,0,0,5,8,0
93986,1230,457932,3,181,14,73,12,51,0,48,31,21,0.333333333,0,0,9,0,10,0,0,0,27,0,49,37,13
93995,3,457932,3,1,1,0,0,0,0,0,0,21,0.033333333,0,0,0,0,0,0,0,0,0,0,1,1,0
94000,46,250865,1,46,11,16,0,11,1,8,4,34,0.066666667,0,0,0,0,0,0,0,0,0,0,10,42,0
94008,41,457932,1,41,8,18,8,1,1,11,1,21,0.1,0,0,0,0,0,0,0,0,0,0,18,22,0
94009,6,85576,1,6,2,2,0,1,0,1,1,54,0.033333333,0,0,0,0,0,0,0,0,0,0,5,6,0
94015,61,457932,1,61,7,12,5,10,11,12,9,21,0.066666667,0,0,0,0,0,0,0,0,0,0,22,59,0
94052,509,502584,2,1,1,0,0,0,0,0,0,143,0.033333333,0,0,0,0,0,0,0,0,0,0,1,1,0
94070,82,247683,2,75,11,24,4,20,3,24,10,23,0.1,0,0,0,0,0,0,0,0,0,0,26,6,0
94076,698,247683,3,352,31,125,20,104,22,100,41,23,0.3,0,0,0,0,0,0,7,92,0,0,72,156,9
94083,572,346877,10,170,8,57,38,33,1,59,18,9,0.166666667,0,12,0,0,0,0,0,14,61,0,53,11,14
94091,17,399092,5,1,1,0,0,0,0,0,0,101,0.033333333,0,0,0,0,0,0,0,0,0,0,1,1,0
94093,39,24979,4,3,1,2,0,0,0,1,0,25,0.033333333,0,0,0,0,0,0,0,0,0,0,3,3,0
94100,652,502584,3,44,3,7,10,5,0,23,0,143,0.1,0,0,0,14,18,0,0,0,0,0,9,12,0
94111,18,457932,1,18,4,7,2,4,0,4,1,21,0.033333333,0,0,0,0,0,0,0,0,0,0,9,18,0
94121,68,188602,4,43,8,21,0,9,0,16,5,96,0.2,20,10,0,0,0,0,0,0,0,0,12,3,9
94138,45,502584,1,45,1,16,0,13,2,15,13,143,0.033333333,0,0,0,0,0,0,0,0,0,0,22,45,0
94149,118,261579,5,9,5,4,0,0,0,1,0,5,0.1,0,4,0,0,0,0,0,0,0,0,4,4,0
94155,207,247683,3,181,19,67,11,57,1,72,20,23,0.166666667,0,0,0,0,0,0,0,0,0,0,48,44,97
94156,781,260769,6,9,1,3,2,2,0,2,1,0,0.033333333,0,0,0,0,0,0,0,0,0,0,6,9,0
94177,1017,457932,3,273,12,104,40,72,0,93,43,21,0.1,0,0,0,0,0,163,0,0,0,0,63,68,0
94193,269,260769,5,6,2,2,0,1,0,1,1,0,0.033333333,0,0,0,0,0,0,0,0,0,0,5,6,0
94199,4,127749,1,4,2,2,0,0,0,1,0,102,0.033333333,0,0,0,0,0,0,0,0,0,0,3,4,0
94200,349,399092,3,109,24,48,0,10,4,41,1,101,0.166666667,0,0,13,0,47,14,16,0,0,0,19,33,16
94207,2,502584,1,2,2,0,0,0,0,0,0,143,0.033333333,0,0,0,0,0,0,0,0,0,0,1,2,0
94208,48,346877,1,48,4,5,16,4,10,10,3,9,0.033333333,0,0,0,0,0,0,0,0,0,0,15,48,0
94213,50,346877,3,4,3,0,0,0,0,0,0,9,0.033333333,0,0,0,0,0,0,0,0,0,0,4,4,0
94215,9,110497,4,6,3,2,0,1,0,1,0,24,0.033333333,0,0,0,0,0,0,0,0,0,0,4,6,0
94221,9,250865,4,1,1,0,0,0,0,0,0,34,0.033333333,0,0,0,0,0,0,0,0,0,0,1,1,0
94231,65,399092,3,9,3,3,0,2,0,2,1,101,0.066666667,0,0,0,0,0,0,0,0,0,0,6,1,0
94234,194,457932,2,15,1,5,2,4,0,4,3,21,0.033333333,0,0,0,0,0,0,0,0,0,0,10,15,0
94253,136,247683,3,53,11,27,14,1,0,20,0,23,0.166666667,0,0,0,0,0,1,0,0,0,0,21,21,0
94256,80,457932,3,58,10,20,7,12,1,13,6,21,0.166666667,0,0,0,0,0,0,0,5,0,0,21,19,1
94262,1,250865,1,1,1,0,0,0,0,0,0,34,0.033333333,0,0,0,0,0,0,0,0,0,0,1,1,0
94271,176,110497,4,7,2,3,0,1,0,2,1,24,0.033333333,0,0,0,0,0,0,0,0,0,0,6,7,0
94276,105,399092,2,39,5,9,0,6,4,17,1,101,0.1,0,0,0,0,0,0,0,0,0,0,8,30,1
94313,92,457932,1,92,25,38,11,10,1,26,0,21,0.1,3,0,0,0,0,0,0,0,0,0,20,9,83
94314,224,247683,7,118,14,44,11,34,0,33,14,23,0.133333333,0,0,0,0,0,0,0,0,0,0,47,34,67
94346,13,260769,2,1,1,0,0,0,0,0,0,0,0.033333333,0,0,0,0,0,0,0,0,0,0,1,1,0
94347,29,457932,1,29,6,12,5,4,1,9,0,21,0.033333333,0,0,0,0,0,0,0,0,0,0,11,29,0
94365,2,502584,1,2,2,0,0,0,0,0,0,143,0.033333333,0,0,0,0,0,0,0,0,0,0,1,2,0
94380,33,127749,3,1,1,0,0,0,0,0,0,102,0.033333333,0,0,0,0,0,0,0,0,0,0,1,1,0
94387,3,457932,1,3,1,2,0,0,0,1,0,21,0.033333333,0,0,0,0,0,0,0,0,0,0,3,3,0
94390,11,86829,1,11,6,2,0,1,1,1,0,63,0.033333333,0,0,0,0,0,0,0,0,0,0,7,11,0
94393,99,457932,2,16,3,4,4,2,0,3,1,21,0.033333333,0,0,0,0,0,0,0,0,0,0,9,16,0
94395,222,260769,4,29,9,9,0,5,4,3,1,0,0.1,0,0,0,0,0,9,0,0,0,0,10,12,0
94400,28,502584,1,28,3,15,0,4,0,14,4,143,0.033333333,0,0,0,0,0,0,0,0,0,0,14,28,0
94403,107,46603,5,1,1,0,0,0,0,0,0,5,0.033333333,0,0,0,0,0,0,0,0,0,0,1,1,0
94404,234,250865,2,12,1,5,0,4,0,4,2,34,0.033333333,0,0,0,0,0,0,0,0,0,0,5,12,0
94405,46,457932,1,46,11,12,4,9,2,7,6,21,0.033333333,0,0,0,0,0,0,0,0,0,0,19,46,0
94414,114,46603,3,38,7,14,0,9,0,9,8,5,0.033333333,0,0,0,0,0,0,0,0,0,0,17,38,0
94424,621,261579,3,216,9,83,10,59,4,62,47,5,0.2,0,42,122,0,0,0,0,0,0,0,74,38,4
94433,248,457932,3,22,2,8,4,4,0,8,2,21,0.033333333,0,0,0,0,0,0,0,0,0,0,9,22,0
94457,115,457932,2,44,6,13,3,11,3,10,8,21,0.1,0,0,0,0,0,0,0,0,0,0,25,1,7
94465,21,502584,1,21,2,7,0,6,0,6,6,143,0.033333333,0,0,0,0,0,0,0,0,0,0,15,21,0
94467,10,399092,1,10,3,3,0,1,0,4,1,101,0.033333333,0,0,0,0,0,0,0,0,0,0,6,10,0
94470,8,346877,1,8,4,2,0,1,0,1,1,9,0.033333333,0,0,0,0,0,0,0,0,0,0,5,8,0
94473,741,127749,3,13,3,7,0,3,0,2,0,102,0.1,0,0,0,0,0,0,0,0,0,0,5,9,0
94482,24,260769,2,16,1,11,0,0,0,13,0,0,0.066666667,0,0,0,0,0,0,0,0,0,0,4,15,1
94490,1364,250865,9,24,4,13,0,7,0,5,0,34,0.133333333,0,0,0,0,0,0,0,0,9,0,6,7,0
94491,14,346877,2,8,1,4,0,3,0,3,0,9,0.033333333,0,0,0,0,0,0,0,0,0,0,5,8,0
94497,6,21216,1,6,2,2,0,1,0,1,1,19,0.033333333,0,0,0,0,0,6,0,0,0,0,5,6,0
94522,6,21216,1,6,2,2,0,1,0,1,1,19,0.033333333,0,0,0,0,0,6,0,0,0,0,5,6,0
94531,1,91935,1,1,1,0,0,0,0,0,0,26,0.033333333,0,0,0,0,0,0,0,0,0,0,1,1,0
94550,207,907118,1,207,24,77,2,59,9,51,32,19,0.433333333,0,0,19,10,0,0,0,8,0,0,41,49,42
94553,306,907118,1,306,28,99,29,83,0,89,47,19,0.233333333,0,0,0,0,0,0,0,0,0,23,89,46,0
94560,424,91935,2,1,1,0,0,0,0,0,0,26,0.033333333,0,0,0,0,0,0,0,0,0,0,1,1,0
94566,1,155579,1,1,1,0,0,0,0,0,0,17,0.033333333,0,0,0,0,0,0,0,0,0,0,1,1,0
94568,32,907118,1,32,13,18,0,1,0,15,0,19,0.066666667,0,0,0,0,0,0,0,0,0,0,9,20,12
94572,7,89830,1,7,3,2,0,1,0,1,1,108,0.033333333,0,7,0,0,0,0,0,0,0,0,6,7,0
94588,50,907118,1,50,3,17,4,13,6,15,5,19,0.066666667,0,0,0,0,0,0,0,0,0,0,20,29,0
94597,834,907118,6,15,15,0,0,0,0,0,0,19,0.1,0,0,0,0,0,0,0,0,0,0,4,8,0
94599,674,155579,5,211,5,24,90,21,0,49,23,17,0.066666667,0,0,0,0,0,0,0,52,0,0,70,159,0
94603,5,91935,1,5,1,2,0,1,0,1,1,26,0.033333333,0,0,0,0,0,0,0,0,0,0,4,5,0
94607,1,907118,1,1,1,0,0,0,0,0,0,19,0.033333333,0,0,0,0,0,0,0,0,0,0,1,1,0
94632,199,907118,4,107,16,38,5,21,12,30,12,19,0.133333333,0,0,0,0,0,0,0,0,12,0,32,53,0
94638,23,907118,1,23,5,8,0,6,1,5,2,19,0.066666667,0,0,0,0,0,0,0,0,0,0,11,22,0
94642,4,155579,1,4,4,0,0,0,0,0,0,17,0.033333333,0,0,0,0,0,0,0,0,0,0,3,4,0
94647,114,907118,3,15,5,5,0,3,0,2,1,19,0.033333333,0,0,0,0,0,0,0,0,0,0,8,15,0
94663,19,155579,2,18,4,3,0,2,2,3,2,17,0.066666667,17,0,0,0,0,0,0,0,0,0,7,1,0
94667,183,907118,1,183,8,74,8,46,4,73,22,19,0.2,0,0,0,0,0,0,3,0,0,0,50,7,81
94675,27,907118,1,27,14,6,0,2,1,5,0,19,0.033333333,0,0,0,0,0,0,0,0,0,0,10,27,0
94677,10,89830,2,1,1,0,0,0,0,0,0,108,0.033333333,0,1,0,0,0,0,0,0,0,0,1,1,0
94694,95,907118,2,94,29,31,0,19,7,16,8,19,0.1,0,0,0,0,0,0,0,0,0,0,14,21,69
94698,8,89830,2,1,1,0,0,0,0,0,0,108,0.033333333,0,1,0,0,0,0,0,0,0,0,1,1,0
94705,16,907118,1,16,5,6,0,3,1,3,1,19,0.033333333,0,0,0,0,0,0,0,0,0,0,8,16,0
94706,36,907118,1,36,7,17,0,8,0,6,3,19,0.1,0,13,0,0,0,0,0,0,0,0,14,29,7
94711,211,907118,1,211,88,62,4,33,2,29,13,19,0.066666667,0,0,0,0,0,0,0,0,0,0,24,84,127
94716,37,907118,1,37,2,17,0,11,0,14,7,19,0.133333333,0,0,0,0,0,0,0,0,0,0,16,13,10
94718,28,91935,2,1,1,0,0,0,0,0,0,26,0.033333333,0,0,0,0,0,0,0,0,0,0,1,1,0
94725,3,91935,1,3,1,2,0,0,0,1,0,26,0.033333333,0,0,0,0,0,0,0,0,0,0,3,3,0
94738,262,907118,2,213,23,86,9,51,12,63,24,19,0.166666667,0,59,0,0,0,0,0,0,75,0,46,20,0
94740,27,89830,3,7,3,2,0,1,0,1,1,108,0.033333333,0,7,0,0,0,0,0,0,0,0,4,7,0
94742,80,907118,1,80,21,21,5,17,5,14,9,19,0.1,0,0,0,0,0,0,0,0,0,0,21,16,0
94748,2,907118,1,2,2,0,0,0,0,0,0,19,0.033333333,0,0,0,0,0,0,0,0,0,0,1,2,0
94758,83,907118,1,83,19,20,5,10,22,19,5,19,0.066666667,0,0,0,0,0,0,0,0,0,0,22,82,0
94769,19,907118,1,19,3,7,0,6,0,6,3,19,0.033333333,0,0,0,0,0,0,0,0,0,0,10,19,0
94777,607,155579,5,45,14,5,6,0,1,14,5,17,0.066666667,0,0,0,0,0,0,0,0,0,0,10,35,0
94780,278,155579,2,2,2,0,0,0,0,0,0,17,0.033333333,0,0,0,0,0,0,0,0,0,0,1,2,0
94787,45,907118,1,45,8,9,3,7,12,10,3,19,0.033333333,0,0,0,0,0,0,0,0,0,0,14,45,0
94797,144,907118,1,144,9,88,11,5,0,73,26,19,0.2,0,0,0,32,76,11,0,0,0,0,45,16,11
94801,72,907118,2,66,6,32,0,16,4,23,8,19,0.066666667,0,0,0,0,0,0,0,0,0,0,15,50,16
94804,153,155579,1,153,19,60,0,32,3,51,23,17,0.266666667,30,12,0,0,0,1,0,16,0,0,42,52,38
94808,117,907118,1,117,12,31,0,24,17,41,0,19,0.1,0,0,0,0,0,0,0,0,0,0,15,89,0
94813,454,907118,1,454,46,151,25,115,45,109,45,19,0.5,0,0,0,8,0,0,5,7,72,124,68,9,45
94822,22,91935,1,22,7,3,0,2,4,5,2,26,0.033333333,0,0,0,0,0,0,0,0,0,0,8,22,0
94834,1,907118,1,1,1,0,0,0,0,0,0,19,0.033333333,0,0,0,0,0,0,0,0,0,0,1,1,0
94845,59,155579,3,1,1,0,0,0,0,0,0,17,0.033333333,0,0,0,0,0,0,0,0,0,0,1,1,0
94851,72,155579,2,6,2,2,0,1,0,1,1,17,0.033333333,0,0,0,0,0,0,0,0,0,0,5,6,0
94856,19,155579,2,1,1,0,0,0,0,0,0,17,0.033333333,0,0,0,0,0,0,0,0,0,0,1,1,0
94858,9,155579,1,9,2,4,0,2,0,1,1,17,0.066666667,0,0,0,0,0,0,0,0,0,0,5,5,0
94859,387,907118,4,273,19,108,16,73,9,86,28,19,0.266666667,0,0,0,0,0,0,31,28,0,0,51,37,71
94877,491,907118,3,107,17,30,32,17,0,15,0,19,0.2,0,0,0,0,5,0,0,0,19,0,22,11,0
94881,19,907118,1,19,6,6,0,5,1,5,0,19,0.1,0,0,0,0,0,0,0,0,0,0,9,1,0
94886,70,74042,1,70,8,23,7,16,1,15,9,27,0.066666667,0,0,0,0,0,0,0,9,61,0,15,9,61
94903,661,74042,11,1,1,0,0,0,0,0,0,27,0.033333333,0,0,0,0,0,0,0,0,1,0,1,1,0
94907,6,74042,1,6,2,2,0,1,0,1,1,27,0.033333333,0,0,0,0,0,0,0,0,6,0,5,6,0
94910,39,74042,3,1,1,0,0,0,0,0,0,27,0.033333333,0,0,0,0,0,0,0,0,1,0,1,1,0
94913,1,74042,1,1,1,0,0,0,0,0,0,27,0.033333333,0,0,0,0,0,0,0,0,0,0,1,1,0
94916,12,74042,1,12,5,3,0,2,0,2,2,27,0.033333333,0,0,0,0,0,0,0,0,0,0,7,12,0
94933,417,74042,6,8,1,3,0,2,0,2,2,27,0.033333333,0,0,0,0,0,0,0,0,0,0,6,8,0
94935,51,74042,10,1,1,0,0,0,0,0,0,27,0.033333333,0,0,0,0,0,0,0,0,0,0,1,1,0
94936,675,74042,11,9,3,3,0,2,0,2,1,27,0.033333333,0,0,0,0,0,0,0,0,0,0,6,9,0
94940,478,74042,8,9,2,3,0,2,0,2,2,27,0.033333333,0,0,0,0,0,0,0,0,0,0,7,9,0
94942,11,74042,1,11,4,3,0,2,0,2,2,27,0.033333333,0,0,0,0,0,0,0,0,0,0,7,11,0
94947,3,74042,1,3,3,0,0,0,0,0,0,27,0.066666667,0,0,0,0,0,0,0,0,0,0,2,2,1
94951,671,74042,10,1,1,0,0,0,0,0,0,27,0.033333333,0,0,0,0,0,0,0,0,0,0,1,1,0
94953,12,261579,3,1,1,0,0,0,0,0,0,5,0.033333333,0,0,0,0,0,0,0,0,0,0,1,1,0
94969,46,261579,1,46,2,24,0,10,0,23,10,5,0.033333333,0,0,0,0,0,0,0,0,0,0,21,46,0
94975,15,261579,1,15,3,6,0,3,0,4,1,5,0.066666667,0,0,0,0,0,0,0,0,0,0,7,5,10
94985,23,261579,1,23,8,14,0,1,0,11,0,5,0.066666667,0,0,0,0,0,0,0,0,0,0,15,19,4
94995,49,261579,1,49,8,14,0,10,6,15,9,5,0.1,0,0,0,0,0,0,0,0,0,0,23,2,0
95033,8,261579,1,8,1,3,0,2,0,2,2,5,0.033333333,0,0,0,0,0,0,0,0,0,0,4,8,0
95039,6,261579,1,6,2,2,0,1,0,1,1,5,0.033333333,0,0,0,0,0,0,0,0,0,0,5,6,0
95042,6,261579,1,6,2,2,0,1,0,1,1,5,0.033333333,0,0,0,0,0,0,0,0,0,0,5,6,0
95063,35,261579,3,12,1,5,0,3,0,4,3,5,0.033333333,0,0,0,0,0,0,0,0,0,0,5,12,0
95068,55,261579,2,3,1,2,0,0,0,1,0,5,0.033333333,0,0,0,0,0,0,0,0,0,0,3,3,0
95072,75,261579,1,75,6,20,0,19,10,20,18,5,0.033333333,0,0,0,0,0,0,0,0,0,0,25,75,0
95080,38,261579,1,38,2,13,0,11,0,11,10,5,0.066666667,0,0,0,0,3,0,0,0,0,0,18,35,0
95083,55,261579,2,27,2,10,0,7,2,7,6,5,0.033333333,0,0,0,0,0,0,0,0,0,0,14,27,0
95107,47,261579,1,47,5,16,0,10,4,14,10,5,0.033333333,0,0,0,0,0,0,0,0,0,0,22,47,0
95121,31,261579,1,31,10,8,0,2,10,4,1,5,0.033333333,0,0,0,0,0,0,0,0,0,0,9,31,0
95137,35,261579,1,35,6,15,0,0,0,20,0,5,0.033333333,0,0,0,0,0,0,0,0,0,0,13,35,0
95147,51,261579,1,51,4,15,0,14,5,15,12,5,0.033333333,0,0,0,0,0,0,0,0,0,0,23,51,0
95159,66,261579,3,13,5,5,0,2,0,2,1,5,0.033333333,0,0,0,0,0,0,0,0,0,0,7,13,0
95181,245,261579,3,32,1,15,0,8,0,11,6,5,0.033333333,0,0,0,0,0,0,0,0,0,0,11,32,0
95187,19,261579,2,3,1,2,0,0,0,1,0,5,0.033333333,0,0,0,0,0,0,0,0,0,0,3,3,0
95189,20,261579,1,20,9,2,0,2,3,3,1,5,0.033333333,0,0,0,0,0,0,0,0,0,0,9,20,0
95216,7,652701,1,7,3,2,0,1,0,0,0,3,0.033333333,0,0,0,0,0,0,0,0,0,0,4,7,0
95218,102,208752,1,102,12,14,10,9,21,28,11,24,0.033333333,0,0,0,0,0,0,0,0,0,0,26,102,0
95260,31,652701,1,31,4,2,3,1,13,0,0,3,0.033333333,0,0,0,0,0,0,0,0,0,0,7,31,0
95289,48,652701,1,48,7,7,17,4,1,0,0,3,0.066666667,0,0,0,0,0,0,0,0,0,0,9,8,40
95291,5,652701,1,5,1,2,0,1,0,0,0,3,0.033333333,0,0,0,0,0,0,0,0,0,0,4,5,0
95299,2,195289,2,1,1,0,0,0,0,0,0,105,0.033333333,0,0,0,0,0,0,0,0,0,0,1,1,0
95300,48,140022,1,48,2,3,23,2,0,12,3,232,0.066666667,0,0,0,0,0,0,0,0,0,0,15,18,30
95306,12,334927,1,12,2,4,0,3,0,3,3,7,0.033333333,0,0,0,0,0,0,0,0,0,0,9,12,0
95315,1,346877,1,1,1,0,0,0,0,0,0,9,0.033333333,0,0,0,0,0,0,0,0,0,0,1,1,0
95333,95,85576,3,7,3,2,0,1,0,1,1,54,0.033333333,0,0,0,0,0,0,0,0,0,0,6,7,0
95334,292,457932,4,28,8,7,3,4,3,4,2,21,0.033333333,0,0,0,0,0,0,0,0,0,0,13,28,0
95351,15,110497,1,15,2,6,0,4,0,3,3,24,0.066666667,0,0,0,0,0,0,0,0,0,0,9,8,0
95378,12,399092,1,12,3,4,0,3,0,3,2,101,0.033333333,12,0,0,0,0,0,0,0,0,0,8,12,0
95379,82,127749,3,21,9,7,0,0,4,2,0,102,0.033333333,0,0,0,0,0,0,0,0,0,0,10,21,0
95400,5,140022,1,5,1,2,0,1,0,1,1,232,0.033333333,0,0,0,0,0,0,0,0,0,0,4,5,0
95431,11,334927,1,11,8,3,0,0,0,2,0,7,0.033333333,0,0,0,0,0,0,0,0,0,0,4,11,0
95439,288,457932,2,13,2,5,2,3,0,2,1,21,0.033333333,0,0,0,0,0,0,0,0,0,0,8,13,0
95457,50,346877,1,50,5,13,10,6,0,19,5,9,0.033333333,0,0,0,0,0,0,0,0,0,0,19,50,0
95459,27,261579,1,27,10,10,0,2,1,10,2,5,0.066666667,0,0,0,0,3,0,0,0,0,0,17,24,0
95464,64,46603,5,5,4,1,0,0,0,1,0,5,0.033333333,0,0,0,0,0,0,0,0,0,0,4,5,0
95469,84,457932,2,77,8,29,25,2,1,23,3,21,0.1,0,0,0,0,0,0,0,0,0,0,19,24,49
95478,1,334927,1,1,1,0,0,0,0,0,0,7,0.033333333,0,0,0,0,0,0,0,0,0,0,1,1,0
95483,201,250865,1,201,9,42,45,33,4,75,14,34,0.033333333,0,0,0,0,0,0,0,0,0,0,24,201,0
95487,120,457932,2,26,3,10,2,7,0,5,4,21,0.066666667,0,0,0,0,0,0,0,0,0,0,13,16,0
95498,1280,110497,6,128,19,59,5,16,11,43,1,24,0.233333333,0,0,0,1,0,0,0,1,7,0,22,56,0
95501,2,127749,1,2,2,0,0,0,0,0,0,102,0.066666667,0,0,0,0,0,0,0,0,0,0,1,1,0
95510,365,334927,3,1,1,0,0,0,0,0,0,7,0.033333333,0,0,0,0,0,0,0,0,0,0,1,1,0
95515,24,42723,2,19,9,5,0,3,0,2,2,6,0.033333333,0,0,0,0,0,0,0,0,0,0,7,19,0
95518,255,127749,2,196,13,27,118,19,0,19,9,102,0.1,0,0,0,0,0,0,0,0,0,0,60,10,181
95519,24,127749,2,5,5,0,0,0,0,0,0,102,0.033333333,0,0,0,0,0,0,0,0,0,0,3,5,0
95520,113,334927,2,100,17,35,8,4,18,17,2,7,0.166666667,0,0,0,0,0,0,0,0,0,0,20,47,47
95523,112,457932,7,1,1,0,0,0,0,0,0,21,0.033333333,0,0,0,0,0,0,0,0,0,0,1,1,0
95532,171,250865,3,18,2,10,0,3,0,9,3,34,0.033333333,0,0,0,0,0,0,0,0,0,0,8,18,0
95538,18,502584,1,18,4,8,0,4,0,4,2,143,0.1,0,7,0,0,0,0,0,0,0,0,6,10,1
95550,46,502584,2,45,7,15,0,12,1,11,10,143,0.133333333,0,5,0,0,10,0,0,0,0,0,26,29,1
95553,42,27035,1,42,3,9,4,6,0,16,4,60,0.066666667,0,0,0,4,0,0,0,0,0,0,12,42,0
95563,17,399092,2,7,2,3,0,2,0,2,0,101,0.033333333,7,0,0,0,0,0,0,0,0,0,5,7,0
95572,2,457932,1,2,2,0,0,0,0,0,0,21,0.033333333,0,0,0,0,0,0,0,0,0,0,2,2,0
95587,290,399092,3,5,2,2,0,1,0,1,0,101,0.033333333,5,0,0,0,0,0,0,0,0,0,4,5,0
95598,123,457932,1,123,16,44,5,37,0,51,0,21,0.033333333,0,0,0,0,0,0,0,0,0,0,16,123,0
95602,32,334927,1,32,4,14,0,8,1,9,5,7,0.033333333,0,0,0,0,0,0,0,0,0,0,12,32,0
95610,407,127749,21,14,2,7,0,1,3,6,1,102,0.033333333,0,0,0,0,0,0,0,0,0,0,9,14,0
95616,128,27035,6,9,6,3,0,0,0,2,0,60,0.1,0,0,0,0,0,0,0,0,0,0,4,2,0
95636,12,250865,2,6,2,2,0,1,0,1,1,34,0.033333333,0,0,0,0,0,0,0,0,0,0,5,6,0
95650,57,110497,1,57,13,16,0,9,3,14,3,24,0.066666667,0,0,0,0,0,0,0,0,0,0,13,24,0
95655,2,86829,2,1,1,0,0,0,0,0,0,63,0.033333333,0,0,0,0,0,0,0,0,0,0,1,1,0
95658,507,250865,4,10,2,5,0,2,0,4,1,34,0.033333333,0,0,0,0,0,0,0,0,0,0,5,10,0
95674,9,110497,1,9,4,3,0,1,0,2,1,24,0.033333333,0,0,0,0,0,0,0,0,0,0,6,9,0
95678,2,110497,2,1,1,0,0,0,0,0,0,24,0.033333333,0,0,0,0,0,0,0,0,0,0,1,1,0
95679,284,24979,6,1,1,0,0,0,0,0,0,25,0.033333333,0,1,0,0,0,0,0,0,0,0,1,1,0
95682,13,261579,1,13,3,4,0,3,0,3,3,5,0.033333333,0,0,0,0,13,0,0,0,0,0,10,13,0
95686,40,250865,2,39,8,9,5,2,4,13,2,34,0.033333333,0,0,0,0,0,0,0,0,0,0,15,39,0
95702,226,502584,1,226,10,60,5,51,3,88,42,143,0.066666667,0,181,0,0,0,0,0,0,0,0,52,181,45
95704,2,24979,1,2,2,0,0,0,0,0,0,25,0.033333333,0,2,0,0,0,0,0,0,0,0,1,2,0
95712,270,457932,3,51,24,13,4,5,1,6,3,21,0.166666667,0,0,0,0,0,0,0,6,0,10,15,16,25
95718,270,334927,3,42,16,19,0,2,2,10,1,7,0.066666667,0,0,0,0,0,0,0,0,0,0,16,33,0
95721,59,399092,2,3,3,0,0,0,0,0,0,101,0.033333333,3,0,0,0,0,0,0,0,0,0,1,3,0
95730,8,334927,1,8,4,3,0,1,0,2,0,7,0.033333333,0,0,0,0,0,0,0,0,0,0,4,8,0
95731,153,334927,4,56,5,24,0,16,0,19,11,7,0.1,0,0,0,0,0,0,30,0,0,0,26,19,7
95734,353,260769,5,30,5,15,1,1,0,14,1,0,0.033333333,0,0,0,0,0,0,0,0,0,0,11,30,0
95749,753,502584,2,1,1,0,0,0,0,0,0,143,0.033333333,0,1,0,0,0,0,0,0,0,0,1,1,0
95754,62,346877,3,53,6,8,16,8,0,14,6,9,0.033333333,0,0,0,0,0,0,0,0,0,0,20,53,0
95766,6,250865,1,6,2,2,0,1,0,1,1,34,0.033333333,0,0,0,0,0,0,0,0,0,0,5,6,0
95769,160,334927,3,6,1,3,0,1,0,2,1,7,0.033333333,0,0,0,0,0,0,0,0,0,0,5,6,0
95777,9,127749,1,9,2,3,0,2,0,2,2,102,0.033333333,0,0,0,0,0,0,0,0,0,0,7,9,0
95791,234,457932,3,66,8,24,10,13,0,14,7,21,0.066666667,0,0,0,0,0,0,0,0,0,0,21,58,0
95802,15,110497,1,15,2,5,0,4,0,6,2,24,0.033333333,0,0,0,0,0,0,0,0,0,0,8,15,0
95830,341,457932,2,83,11,19,2,14,12,17,9,21,0.033333333,0,0,0,0,0,0,0,0,0,0,19,83,0
95843,134,457932,2,32,3,9,6,7,0,6,5,21,0.033333333,0,0,0,0,0,0,0,0,0,0,18,32,0
95846,1,247683,1,1,1,0,0,0,0,0,0,23,0.033333333,0,0,0,0,0,0,0,0,0,0,1,1,0
95872,6,334927,1,6,2,2,0,1,0,1,1,7,0.033333333,0,0,0,0,0,0,0,0,0,0,5,6,0
95874,53,24979,1,53,6,5,0,4,33,4,4,25,0.066666667,0,52,0,0,0,0,0,0,0,0,14,1,0
95879,6,110497,1,6,2,2,0,1,0,1,1,24,0.033333333,0,0,0,0,0,0,0,0,0,0,5,6,0
95890,23,457932,1,23,5,8,1,4,0,9,1,21,0.033333333,0,0,0,0,0,0,0,0,0,0,12,23,0
95895,1109,334927,3,29,5,9,0,7,2,6,5,7,0.033333333,0,0,0,0,0,0,0,0,0,0,13,29,0
95916,84,261579,3,9,5,2,0,1,0,1,1,5,0.1,0,0,1,0,1,0,0,0,0,0,5,8,0
95920,33,250865,4,6,2,2,0,1,0,1,1,34,0.033333333,0,0,0,0,0,0,0,0,0,0,5,6,0
95936,22,334927,2,10,2,5,0,1,0,5,1,7,0.033333333,0,0,0,0,0,0,0,0,0,0,8,10,0
95938,34,346877,1,34,1,5,10,4,0,14,3,9,0.033333333,0,0,0,0,0,0,0,0,0,0,12,34,0
95943,57,346877,1,57,10,20,15,0,1,21,0,9,0.066666667,0,0,0,0,0,0,0,0,0,0,15,21,36
95965,11,346877,1,11,5,2,0,1,1,1,1,9,0.033333333,0,0,0,0,0,0,0,0,0,0,8,11,0
95984,9,346877,1,9,5,2,0,0,1,1,0,9,0.033333333,0,0,0,0,0,0,0,0,0,0,7,9,0
95985,427,140022,4,268,19,49,86,4,0,102,4,232,0.166666667,0,0,0,0,0,0,0,0,0,0,55,57,55
95991,18,346877,2,11,7,2,0,0,1,1,0,9,0.033333333,0,0,0,0,0,0,0,0,0,0,7,11,0
95992,15,334927,1,15,4,6,0,2,2,3,1,7,0.033333333,0,0,0,0,0,0,0,0,0,0,8,15,0
95996,48,261579,1,48,5,16,0,14,1,14,11,5,0.066666667,0,0,0,0,6,42,0,0,0,0,25,6,42
96023,235,457932,4,44,7,24,10,1,0,15,0,21,0.1,0,0,0,0,0,0,0,0,0,0,21,8,33
96027,561,502584,1,561,22,51,218,42,21,130,27,143,0.166666667,0,48,0,0,0,0,0,0,0,0,100,314,37
96045,57,457932,2,52,8,16,5,13,0,12,7,21,0.1,0,0,0,15,0,0,0,0,0,0,17,35,0
96051,3,85576,1,3,3,0,0,0,0,0,0,54,0.033333333,0,0,0,0,0,0,0,0,0,0,2,3,0
96069,233,457932,2,15,1,6,4,3,0,5,1,21,0.033333333,0,0,0,0,0,0,0,0,0,0,7,15,0
96076,434,260769,13,16,2,5,0,4,0,5,3,0,0.033333333,0,0,0,0,0,0,0,0,0,0,6,16,0
96081,38,457932,2,1,1,0,0,0,0,0,0,21,0.033333333,0,0,0,0,0,0,0,0,0,0,1,1,0
96083,6,250865,1,6,3,1,0,1,0,1,1,34,0.033333333,0,0,0,0,0,0,0,0,0,0,6,6,0
96091,396,457932,7,53,13,23,3,12,1,14,1,21,0.1,0,0,0,0,0,0,0,0,0,0,13,16,14
96093,15,250865,5,1,1,0,0,0,0,0,0,34,0.033333333,0,0,0,0,0,0,0,0,0,0,1,1,0
96112,5,346877,2,3,3,0,0,0,0,0,0,9,0.033333333,0,0,0,0,0,0,0,0,0,0,3,3,0
96126,49,85576,8,1,1,0,0,0,0,0,0,54,0.033333333,0,0,0,0,0,0,0,0,0,0,1,1,0
96139,1005,457932,4,98,17,29,8,22,5,19,14,21,0.133333333,7,0,0,0,0,0,0,0,0,0,24,81,0
96151,32,91935,1,32,7,6,0,4,4,5,4,26,0.066666667,0,0,0,0,0,0,0,0,0,0,11,32,0
96161,29,155579,5,2,2,0,0,0,0,0,0,17,0.033333333,0,0,0,0,0,0,0,0,0,0,2,2,0
96166,8,155579,3,1,1,0,0,0,0,0,0,17,0.033333333,0,0,0,0,0,0,0,0,0,0,1,1,0
96177,136,155579,1,136,10,19,11,17,1,58,32,17,0.066666667,0,0,0,0,0,0,0,0,0,0,24,132,0
96193,235,91935,3,6,2,2,0,1,0,1,1,26,0.033333333,0,0,0,0,0,0,0,0,0,0,5,6,0
96197,11,155579,1,11,5,2,0,1,1,1,1,17,0.033333333,0,0,0,0,0,0,0,0,0,0,8,11,0
96201,1,91935,1,1,1,0,0,0,0,0,0,26,0.033333333,0,0,0,0,0,0,0,0,0,0,1,1,0
96213,6,155579,1,6,3,2,0,0,0,1,1,17,0.033333333,0,0,0,0,0,0,0,0,0,0,5,6,0
96217,2,155579,1,2,2,0,0,0,0,0,0,17,0.033333333,0,0,0,0,0,0,0,0,0,0,1,2,0
96218,19,91935,1,19,3,2,0,0,14,1,0,26,0.033333333,0,0,0,0,0,0,0,0,0,0,4,19,0
96219,1,155579,1,1,1,0,0,0,0,0,0,17,0.033333333,0,0,0,0,0,0,0,0,0,0,1,1,0
96220,1,91935,1,1,1,0,0,0,0,0,0,26,0.033333333,0,0,0,0,0,0,0,0,0,0,1,1,0
96234,157,155579,2,8,2,2,0,1,2,1,1,17,0.033333333,0,0,0,0,0,0,0,0,0,0,4,8,0
96241,3,155579,2,1,1,0,0,0,0,0,0,17,0.033333333,0,0,0,0,0,0,0,0,0,0,1,1,0
96243,2,155579,1,2,2,0,0,0,0,0,0,17,0.033333333,0,0,0,0,0,0,0,0,0,0,1,2,0
96246,1,91935,1,1,1,0,0,0,0,0,0,26,0.033333333,0,0,0,0,0,0,0,0,0,0,1,1,0
96255,1,155579,1,1,1,0,0,0,0,0,0,17,0.033333333,0,0,0,0,0,0,0,0,0,0,1,1,0
96256,1,155579,1,1,1,0,0,0,0,0,0,17,0.033333333,0,0,0,0,0,0,0,0,0,0,1,1,0
96260,2,155579,1,2,2,0,0,0,0,0,0,17,0.033333333,0,0,0,0,0,0,0,0,0,0,2,2,0
96268,1,91935,1,1,1,0,0,0,0,0,0,26,0.033333333,0,0,0,0,0,0,0,0,0,0,1,1,0
96277,4,89830,1,4,2,2,0,0,0,1,0,108,0.066666667,0,0,3,0,0,0,0,0,0,0,3,4,0
96280,4,155579,1,4,2,2,0,0,0,1,0,17,0.033333333,0,0,0,0,0,0,0,0,0,0,4,4,0
96286,1,89830,1,1,1,0,0,0,0,0,0,108,0.033333333,0,0,0,0,0,0,0,0,0,0,1,1,0
96315,2,155579,1,2,2,0,0,0,0,0,0,17,0.033333333,0,0,0,0,0,0,0,0,0,0,2,2,0
96319,37,91935,1,37,7,19,0,5,0,16,2,26,0.066666667,0,0,0,0,0,0,0,0,0,0,8,19,0
96325,6,155579,1,6,2,2,0,1,0,1,1,17,0.033333333,0,0,0,0,0,0,0,0,0,0,5,6,0
96336,8,155579,2,7,4,3,0,0,0,2,0,17,0.033333333,0,0,0,0,0,0,0,0,0,0,6,7,0
96347,18,155579,3,10,2,4,0,2,0,2,1,17,0.033333333,0,0,0,0,0,0,0,0,0,0,5,10,0
96366,34,89830,2,5,2,3,0,0,0,1,0,108,0.033333333,0,0,0,0,0,0,0,0,0,0,4,5,0
96369,78,155579,1,78,7,10,8,6,14,27,12,17,0.066666667,0,0,0,0,0,0,0,0,0,0,14,8,0
96374,32,89830,2,31,3,8,11,2,0,9,2,108,0.033333333,0,0,0,0,0,0,0,0,0,0,9,31,0
96384,33,89830,2,29,12,8,0,4,4,2,0,108,0.1,0,0,0,0,0,0,0,0,0,0,9,24,0
96387,1,652701,1,1,1,0,0,0,0,0,0,3,0.033333333,0,0,0,0,0,0,0,0,0,0,1,1,0
96388,18,148039,2,11,2,7,0,2,0,6,0,18,0.033333333,0,0,0,0,0,0,0,0,0,0,6,11,0
96398,146,156596,4,9,2,3,0,2,0,2,2,224,0.033333333,0,0,0,0,0,0,0,0,0,0,7,9,0
96417,1,148039,1,1,1,0,0,0,0,0,0,18,0.033333333,0,0,0,0,0,0,0,0,0,0,1,1,0
96418,2,652701,1,2,2,0,0,0,0,0,0,3,0.033333333,0,0,0,0,0,0,0,0,0,0,2,2,0
96426,36,148039,1,36,5,5,1,3,4,14,2,18,0.033333333,0,0,0,0,0,0,0,0,0,0,12,36,0
96427,1595,41550,6,20,6,13,0,1,0,8,0,21,0.1,0,0,5,0,0,0,0,0,0,0,10,14,0
96431,10,148039,1,10,2,3,0,2,0,3,2,18,0.033333333,0,0,0,0,0,0,0,0,0,0,7,10,0
96456,1028,148039,3,783,73,199,122,150,146,190,0,18,0.333333333,0,0,158,0,129,0,0,0,0,20,53,313,140
96471,1,38356,1,1,1,0,0,0,0,0,0,65,0.033333333,0,0,0,0,0,0,0,0,0,0,1,1,0
96478,260,156596,4,14,1,6,0,4,0,5,3,224,0.033333333,0,0,0,0,0,0,0,0,0,0,8,14,0
96483,900,907118,4,174,23,53,21,39,0,49,27,19,0.266666667,0,0,0,22,0,0,0,0,3,0,60,101,0
96487,9,21216,1,9,4,2,0,0,1,1,0,19,0.033333333,0,0,0,0,0,0,0,0,0,0,5,9,0
96500,248,21216,7,3,3,0,0,0,0,0,0,19,0.033333333,0,0,0,0,0,0,0,0,0,0,2,3,0
96502,17,21216,1,17,5,5,0,1,2,4,1,19,0.033333333,0,0,0,0,0,0,0,0,0,0,7,17,0
96503,203,21216,5,1,1,0,0,0,0,0,0,19,0.033333333,0,0,0,0,0,0,0,0,0,0,1,1,0
96506,33,21216,4,6,2,2,0,1,0,1,1,19,0.033333333,0,0,0,0,0,0,0,0,0,0,5,6,0
96508,3,21216,1,3,1,2,0,0,0,1,0,19,0.033333333,0,0,0,0,0,0,0,0,0,0,3,3,0
96512,924,21216,5,179,14,37,0,28,12,57,52,19,0.2,0,0,0,0,0,0,0,0,0,0,41,23,0
96515,3,21216,1,3,2,0,0,0,1,0,0,19,0.033333333,0,0,0,0,0,0,0,0,0,0,3,3,0
96517,7,21216,1,7,2,3,0,1,0,2,1,19,0.033333333,0,0,0,0,0,0,0,0,0,0,6,7,0
96530,13,91935,2,7,3,2,0,1,0,1,1,26,0.033333333,0,0,0,0,0,0,0,0,0,0,5,7,0
96559,46,91935,1,46,12,10,0,7,9,5,0,26,0.033333333,0,0,0,0,0,0,0,0,0,0,8,46,0
96564,1,155579,1,1,1,0,0,0,0,0,0,17,0.033333333,0,0,0,0,0,0,0,0,0,0,1,1,0
96566,834,155579,11,26,10,12,0,4,0,5,0,17,0.166666667,0,0,5,0,0,0,0,0,0,0,8,13,0
96567,1,155579,1,1,1,0,0,0,0,0,0,17,0.033333333,0,0,0,0,0,0,0,0,0,0,1,1,0
96569,117,155579,3,1,1,0,0,0,0,0,0,17,0.033333333,0,0,0,0,0,0,0,0,0,0,1,1,0
96576,26,91935,2,9,1,4,0,3,0,3,1,26,0.033333333,0,0,0,0,0,0,0,0,0,0,6,9,0
96578,797,155579,6,4,4,0,0,0,0,0,0,17,0.033333333,0,0,0,0,0,0,0,0,0,0,3,4,0
96586,30,155579,2,1,1,0,0,0,0,0,0,17,0.033333333,0,0,0,0,0,0,0,0,0,0,1,1,0
96587,124,155579,3,5,2,2,0,1,0,1,0,17,0.033333333,0,0,0,0,0,0,0,0,0,0,3,5,0
96588,1,89830,1,1,1,0,0,0,0,0,0,108,0.033333333,0,0,0,0,0,0,0,0,0,0,1,1,0
96601,1,91935,1,1,1,0,0,0,0,0,0,26,0.033333333,0,0,0,0,0,0,0,0,0,0,1,1,0
96602,960,91935,2,141,11,51,28,22,3,49,12,26,0.133333333,0,0,0,0,0,0,0,0,0,0,23,113,24
96615,19,91935,2,1,1,0,0,0,0,0,0,26,0.033333333,0,0,0,0,0,0,0,0,0,0,1,1,0
96627,1,155579,1,1,1,0,0,0,0,0,0,17,0.033333333,0,0,0,0,0,0,0,0,0,0,1,1,0
96633,225,89830,3,2,2,0,0,0,0,0,0,108,0.033333333,0,0,0,0,0,0,0,0,0,0,2,2,0
96637,355,91935,10,8,1,4,0,2,0,3,1,26,0.033333333,0,0,0,0,0,0,0,0,0,0,5,8,0
96643,372,91935,4,57,14,8,0,2,27,4,1,26,0.033333333,0,0,0,0,0,0,0,0,0,0,8,57,0
96648,8,91935,1,8,7,0,0,0,0,0,0,26,0.033333333,0,0,0,0,0,0,0,0,0,0,4,8,0
96656,34,91935,5,4,1,3,0,0,0,2,0,26,0.033333333,0,0,0,0,0,0,0,0,0,0,4,4,0
96668,1,457932,1,1,1,0,0,0,0,0,0,21,0.033333333,0,0,0,0,0,0,0,0,0,0,1,1,0
96687,20,260769,5,2,2,0,0,0,0,0,0,0,0.033333333,0,0,0,0,0,0,0,0,0,0,2,2,0
96688,26,457932,2,13,2,5,3,1,0,4,1,21,0.033333333,0,0,0,0,0,0,0,0,0,0,9,13,0
96705,332,457932,3,108,3,31,21,29,0,28,22,21,0.066666667,0,0,0,0,0,0,0,0,75,0,32,108,0
96716,613,250865,7,59,1,9,39,1,0,17,0,34,0.033333333,0,0,0,0,0,0,0,0,0,0,26,59,0
96722,46,85576,1,46,10,13,0,10,2,10,7,54,0.033333333,0,0,0,46,0,0,0,0,0,0,17,46,0
96727,174,42723,3,27,6,10,0,7,0,5,4,6,0.1,0,6,0,13,0,0,0,0,0,0,15,8,0
96740,924,34988,8,15,2,5,2,3,0,4,0,108,0.066666667,0,0,0,0,0,0,0,0,0,0,5,4,11
96745,16,42723,1,16,7,6,0,2,0,3,1,6,0.066666667,0,0,0,9,0,0,0,0,7,0,9,9,0
96753,79,140022,2,74,10,14,20,5,3,20,1,232,0.033333333,0,0,0,0,0,0,0,0,0,0,22,74,0
96757,355,247683,10,13,1,5,0,4,0,4,3,23,0.033333333,0,0,0,13,0,0,0,0,0,0,9,13,0
96781,302,878119,2,178,15,52,9,45,25,47,22,20,0.166666667,27,0,0,0,0,0,0,0,0,0,41,91,51
96794,15,110497,1,15,5,7,0,2,0,4,1,24,0.033333333,0,0,0,15,0,0,0,0,0,0,8,15,0
96798,432,27035,4,2,2,0,0,0,0,0,0,60,0.033333333,0,0,0,0,0,0,0,0,0,0,2,2,0
96807,319,457932,2,1,1,0,0,0,0,0,0,21,0.033333333,0,0,0,0,0,0,0,0,0,0,1,1,0
96813,361,878119,2,175,39,55,9,31,27,26,6,20,0.266666667,0,0,0,0,0,0,9,0,0,0,24,20,0
96815,176,346877,5,8,3,3,0,0,1,3,0,9,0.033333333,0,0,0,8,0,0,0,0,0,0,5,8,0
96834,498,334927,3,1,1,0,0,0,0,0,0,7,0.033333333,0,0,0,0,0,0,0,0,0,0,1,1,0
96835,12,43183,1,12,4,2,0,1,0,3,1,24,0.033333333,0,0,0,0,0,0,0,0,0,0,5,12,0
96845,1127,110497,18,17,4,7,0,4,0,3,1,24,0.1,0,4,0,7,0,0,0,0,0,0,7,6,0
96853,4,250865,2,2,2,0,0,0,0,0,0,34,0.033333333,0,0,0,0,0,0,0,0,0,0,2,2,0
96867,64,878119,3,16,2,8,0,4,0,5,2,20,0.066666667,0,0,0,0,0,0,0,0,0,0,9,8,0
96871,85,457932,7,11,2,4,0,3,0,3,2,21,0.033333333,0,0,0,0,0,0,0,0,0,0,8,11,0
96883,23,260769,1,23,7,7,0,3,0,6,2,0,0.033333333,0,0,0,0,0,0,0,0,0,0,9,23,0
96890,332,43183,5,72,3,29,10,4,1,36,4,24,0.066666667,0,0,0,0,0,0,0,0,0,0,18,67,5
96892,183,250865,1,183,15,37,35,28,14,60,10,34,0.133333333,100,38,0,0,0,0,0,0,0,0,32,100,38
96898,178,878119,7,5,2,2,0,1,0,1,0,20,0.033333333,0,0,0,0,0,0,0,0,0,0,4,5,0
96907,23,250865,3,12,5,5,0,1,0,2,0,34,0.066666667,0,0,0,0,0,0,0,0,0,0,7,6,6
96910,16,247683,2,7,3,3,0,1,0,2,0,23,0.033333333,0,0,0,7,0,0,0,0,0,0,5,7,0
96920,46,334927,2,15,3,11,0,1,0,10,0,7,0.033333333,0,0,0,0,0,0,0,0,0,0,12,15,0
96930,1,250865,1,1,1,0,0,0,0,0,0,34,0.033333333,0,0,0,0,0,0,0,0,0,0,1,1,0
96931,17,457932,2,8,2,3,0,2,0,2,1,21,0.033333333,0,0,8,0,0,0,0,0,0,0,6,8,0
96935,17,110497,2,9,2,3,0,2,0,2,2,24,0.033333333,0,0,0,0,9,0,0,0,0,0,7,9,0
96954,2,42723,1,2,2,0,0,0,0,0,0,6,0.033333333,0,0,0,0,2,0,0,0,0,0,2,2,0
96958,59,457932,2,58,5,17,13,14,0,12,9,21,0.1,10,0,38,0,0,0,0,0,0,0,29,10,0
96970,129,85168,3,41,2,5,8,4,0,14,3,139,0.033333333,0,0,0,0,41,0,0,0,0,0,18,41,0
96973,2781,148500,3,12,2,5,0,0,4,2,0,29,0.033333333,0,0,0,0,0,0,0,0,0,0,5,12,0
96975,2,334927,1,2,2,0,0,0,0,0,0,7,0.033333333,0,0,0,0,0,0,0,0,0,0,2,2,0
96981,57,346877,1,57,14,30,0,6,2,19,5,9,0.1,0,0,0,35,9,0,0,0,0,0,22,13,0
96996,84,878119,2,7,1,4,0,2,0,3,0,20,0.033333333,0,0,0,0,0,0,0,0,0,0,4,7,0
96998,6,140022,1,6,2,2,0,1,0,1,1,232,0.033333333,0,0,0,0,0,0,0,0,0,0,5,6,0
97000,8,148500,1,8,2,3,0,1,1,2,1,29,0.033333333,0,0,0,0,0,0,0,0,0,0,5,8,0
97003,15,334927,2,1,1,0,0,0,0,0,0,7,0.033333333,0,0,0,0,0,0,0,0,0,0,1,1,0
97008,321,334927,3,13,5,5,0,2,0,4,1,7,0.1,0,0,0,0,0,0,0,0,0,10,5,2,0
97019,74,334927,1,74,10,24,0,2,35,17,2,7,0.066666667,0,0,0,0,0,0,0,0,0,0,18,67,7
97022,99,148500,2,1,1,0,0,0,0,0,0,29,0.033333333,0,0,0,0,0,0,0,0,0,0,1,1,0
97032,178,260769,7,2,2,0,0,0,0,0,0,0,0.033333333,0,0,0,0,0,0,0,0,0,0,2,2,0
97034,18,247683,5,1,1,0,0,0,0,0,0,23,0.033333333,0,0,0,1,0,0,0,0,0,0,1,1,0
97049,233,260769,5,24,3,19,0,1,0,18,1,0,0.066666667,0,0,0,0,0,0,1,0,0,0,13,23,0
97056,31,334927,1,31,4,21,0,0,6,18,0,7,0.066666667,0,0,0,0,0,0,0,0,0,0,11,9,22
97061,3,878119,1,3,1,2,0,0,0,1,0,20,0.033333333,0,0,0,0,0,0,0,0,0,0,3,3,0
97075,19,43183,1,19,1,2,9,1,0,5,2,24,0.033333333,0,0,0,0,0,0,0,0,0,0,8,19,0
97076,22,878119,1,22,2,7,0,5,0,11,1,20,0.033333333,0,0,0,0,0,0,0,0,0,0,8,22,0
97077,4,457932,1,4,2,0,0,0,0,0,0,21,0.033333333,0,0,0,0,0,0,0,0,4,0,3,4,0
97080,106,878119,2,93,6,36,3,28,0,24,18,20,0.166666667,0,0,0,0,0,0,0,0,0,0,29,56,0
97103,59,21560,2,1,1,0,0,0,0,0,0,9,0.033333333,0,0,0,0,0,0,0,0,0,0,1,1,0
97108,1,878119,1,1,1,0,0,0,0,0,0,20,0.033333333,0,0,0,0,0,0,0,0,0,0,1,1,0
97111,225,457932,2,217,15,67,28,54,2,54,36,21,0.2,0,0,0,0,38,0,0,0,41,0,70,53,59
97120,17,457932,1,17,2,6,0,5,0,5,4,21,0.033333333,0,0,0,0,0,0,0,0,17,0,12,17,0
97137,7,334927,1,7,3,2,0,1,0,1,1,7,0.033333333,0,0,0,0,0,0,0,0,0,0,6,7,0
97138,199,260769,2,15,2,9,0,3,0,6,1,0,0.033333333,0,0,0,0,0,0,0,15,0,0,8,15,0
97142,475,457932,5,257,17,124,69,26,3,96,15,21,0.233333333,0,0,0,0,0,0,0,0,88,0,71,115,69
97149,21,457932,1,21,1,6,4,3,0,9,2,21,0.033333333,0,0,0,0,0,0,0,0,21,0,8,21,0
97157,27,334927,1,27,15,5,0,2,2,2,1,7,0.066666667,0,0,26,0,0,0,0,0,0,0,9,1,26
97160,103,334927,2,98,10,44,0,24,0,45,12,7,0.133333333,0,0,0,0,0,0,0,10,0,0,26,57,22
97164,540,334927,2,1,1,0,0,0,0,0,0,7,0.033333333,0,0,0,0,0,0,0,0,0,0,1,1,0
97169,240,334927,3,28,1,10,3,8,0,9,6,7,0.033333333,0,0,0,0,0,0,0,0,0,0,17,28,0
97174,46,878119,1,46,21,17,0,3,1,11,2,20,0.166666667,0,0,0,0,0,0,10,0,0,0,16,13,8
97182,8,457932,1,8,2,3,0,2,0,2,1,21,0.033333333,0,0,0,0,0,0,0,0,8,0,6,8,0
97188,1,457932,1,1,1,0,0,0,0,0,0,21,0.033333333,0,0,0,0,0,0,0,0,1,0,1,1,0
97191,23,457932,1,23,2,12,3,4,0,11,1,21,0.066666667,0,0,0,0,0,0,0,4,19,0,8,4,19
97207,116,46603,4,1,1,0,0,0,0,0,0,5,0.033333333,0,0,0,0,0,0,1,0,0,0,1,1,0
97208,116,250865,4,4,2,2,0,0,0,1,0,34,0.033333333,0,0,0,0,0,0,0,4,0,0,4,4,0
97231,33,457932,2,2,2,0,0,0,0,0,0,21,0.033333333,0,0,0,0,0,0,0,0,2,0,2,2,0
97234,6,334927,1,6,1,3,0,2,0,2,0,7,0.033333333,0,0,0,0,0,0,0,0,0,0,4,6,0
97237,147,457932,1,147,2,78,55,0,0,77,3,21,0.033333333,0,0,0,0,0,0,0,0,147,0,61,147,0
97246,56,140022,1,56,3,7,16,2,0,23,9,232,0.066666667,0,0,0,0,0,0,8,48,0,0,18,8,48
97248,20,34988,2,6,2,2,0,1,0,1,1,108,0.033333333,0,0,0,0,0,0,0,0,0,0,5,6,0
97250,152,457932,2,58,2,17,27,2,0,16,6,21,0.033333333,0,0,0,0,0,0,0,0,58,0,24,58,0
97251,28,878119,2,20,5,10,0,5,0,5,0,20,0.033333333,0,0,0,0,0,0,0,0,0,0,7,20,0
97252,28,334927,2,8,2,3,0,1,2,2,0,7,0.033333333,0,0,0,0,0,0,0,0,0,0,4,8,0
97280,10,148500,1,10,6,2,0,1,0,1,1,29,0.033333333,0,0,0,0,0,0,0,0,0,0,7,10,0
97281,3,457932,1,3,3,0,0,0,0,0,0,21,0.033333333,0,0,0,0,0,0,0,0,3,0,3,3,0
97304,348,34988,4,18,3,5,0,2,0,7,3,108,0.033333333,0,0,0,0,0,0,0,0,0,0,9,18,0
97305,107,878119,3,16,1,6,0,5,0,5,4,20,0.033333333,0,0,0,0,0,0,0,0,0,0,11,16,0
97306,32,878119,1,32,12,5,0,5,5,5,5,20,0.033333333,0,0,0,0,0,0,0,0,0,0,10,32,0
97310,277,148500,1,277,14,49,55,41,22,93,28,29,0.066666667,0,0,0,0,0,0,0,0,0,0,46,38,239
97338,12,127749,1,12,2,4,0,3,0,3,3,102,0.033333333,0,0,0,0,0,0,0,12,0,0,9,12,0
97352,90,878119,1,90,15,34,6,18,7,26,5,20,0.1,0,0,0,0,0,0,0,0,0,0,29,69,6
97353,14,878119,1,14,2,3,5,1,0,3,0,20,0.033333333,0,0,0,0,0,0,0,0,0,0,6,14,0
97366,4,43183,2,1,1,0,0,0,0,0,0,24,0.033333333,0,0,0,0,0,0,0,0,0,0,1,1,0
97368,21,457932,1,21,6,8,0,4,1,3,2,21,0.066666667,0,0,0,0,0,0,0,0,13,0,8,21,0
97370,1,457932,1,1,1,0,0,0,0,0,0,21,0.033333333,0,0,0,0,0,0,0,0,1,0,1,1,0
97373,5,148500,1,5,5,0,0,0,0,0,0,29,0.033333333,0,0,0,0,0,0,0,0,0,0,4,5,0
97375,124,260769,2,16,6,5,0,3,0,2,2,0,0.066666667,0,0,0,0,0,0,0,8,0,0,6,8,0
97387,1,43183,1,1,1,0,0,0,0,0,0,24,0.033333333,0,0,0,0,0,0,0,0,0,0,1,1,0
97396,66,43183,1,66,6,15,14,11,4,22,5,24,0.033333333,0,0,0,0,0,0,0,0,0,0,15,66,0
97400,2,43183,2,1,1,0,0,0,0,0,0,24,0.033333333,0,0,0,0,0,0,0,0,0,0,1,1,0
97402,2,878119,2,1,1,0,0,0,0,0,0,20,0.033333333,0,0,0,0,0,0,0,0,0,0,1,1,0
97404,28,43183,1,28,4,11,0,2,1,13,5,24,0.066666667,0,0,0,0,11,0,0,0,0,0,15,17,0
97406,7,878119,2,6,3,2,0,1,0,1,0,20,0.033333333,0,0,0,0,0,0,0,0,0,0,5,6,0
97408,7,457932,2,6,4,0,0,0,2,0,0,21,0.033333333,0,0,0,0,0,0,0,0,6,0,4,6,0
97416,14,334927,2,10,9,1,0,0,0,0,0,7,0.033333333,0,0,0,0,0,0,0,0,0,0,4,10,0
97425,261,250865,5,143,40,36,0,25,7,25,10,34,0.2,0,0,16,0,0,10,0,79,30,0,17,85,32
97430,14,334927,2,6,3,3,0,0,0,2,0,7,0.033333333,0,0,0,0,0,0,0,0,0,0,6,6,0
97444,428,21560,10,2,2,0,0,0,0,0,0,9,0.033333333,0,0,0,0,0,0,0,0,0,0,2,2,0
97455,384,457932,2,14,3,7,3,1,0,6,0,21,0.033333333,0,0,0,0,0,0,0,0,14,0,7,14,0
97460,47,334927,1,47,1,19,0,15,0,18,12,7,0.033333333,0,0,0,0,0,0,0,0,0,0,20,47,0
97464,151,148500,2,4,4,0,0,0,0,0,0,29,0.033333333,0,0,0,0,0,0,0,0,0,0,2,4,0
97469,1090,250865,7,43,2,8,0,6,0,20,4,34,0.066666667,0,0,0,0,0,0,0,1,0,0,9,43,0
97475,62,457932,3,32,10,15,4,1,0,8,1,21,0.033333333,0,0,0,0,0,0,0,0,32,0,15,32,0
97483,1,250865,1,1,1,0,0,0,0,0,0,34,0.033333333,0,0,0,0,0,0,0,1,0,0,1,1,0
97489,428,127749,10,124,9,27,36,24,4,24,16,102,0.066666667,0,0,0,0,0,0,0,4,0,0,37,120,0
97494,11,334927,1,11,5,3,0,2,0,2,1,7,0.033333333,0,0,0,0,0,0,0,0,0,0,6,11,0
97495,8,334927,1,8,7,0,0,0,1,0,0,7,0.033333333,0,0,0,0,0,0,0,0,0,0,4,8,0
97501,49,250865,2,14,8,3,0,1,1,1,0,34,0.033333333,0,0,0,0,0,0,0,14,0,0,8,14,0
97520,11,334927,2,1,1,0,0,0,0,0,0,7,0.033333333,0,0,0,0,0,0,0,0,0,0,1,1,0
97524,11,457932,2,10,2,3,3,1,0,2,0,21,0.033333333,0,0,0,0,0,0,0,0,10,0,6,10,0
97528,2,878119,1,2,2,0,0,0,0,0,0,20,0.033333333,0,0,0,0,0,0,0,0,0,0,2,2,0
97545,34,46603,2,8,4,1,0,1,0,1,1,5,0.033333333,0,0,0,0,0,0,8,0,0,0,7,8,0
97553,387,43183,2,122,3,43,20,9,0,69,15,24,0.1,0,0,0,0,0,0,0,0,0,0,32,119,0
97557,285,878119,6,86,13,27,8,17,0,24,12,20,0.1,0,0,0,0,0,0,0,0,0,0,25,15,0
97559,6,878119,1,6,3,2,0,1,0,1,0,20,0.033333333,0,0,0,0,0,0,0,0,0,0,4,6,0
97561,134,878119,3,17,2,11,3,1,0,10,0,20,0.033333333,0,0,0,0,0,0,0,0,0,0,11,17,0
97594,7,127749,2,6,2,2,0,1,0,1,1,102,0.033333333,0,0,0,0,0,0,0,6,0,0,5,6,0
97610,2,127749,1,2,2,0,0,0,0,0,0,102,0.033333333,0,0,0,0,0,0,0,2,0,0,2,2,0
97616,3,334927,1,3,3,0,0,0,0,0,0,7,0.033333333,0,0,0,0,0,0,0,0,0,0,2,3,0
97617,371,878119,1,371,53,102,27,81,33,92,42,20,0.233333333,0,0,0,0,7,8,0,7,140,0,59,117,61
97625,72,334927,1,72,3,22,15,16,0,19,13,7,0.066666667,0,0,29,0,0,0,0,0,0,0,37,43,29
97627,2,334927,1,2,2,0,0,0,0,0,0,7,0.033333333,0,0,0,0,0,0,0,0,0,0,2,2,0
97632,1,43183,1,1,1,0,0,0,0,0,0,24,0.033333333,0,0,0,0,0,0,0,0,0,0,1,1,0
97639,292,457932,5,143,15,45,25,30,6,30,20,21,0.3,0,0,0,0,11,0,0,13,6,0,38,32,72
97646,15,334927,1,15,3,5,0,4,0,5,3,7,0.033333333,0,0,0,0,0,0,0,0,0,0,11,15,0
97654,5,46603,1,5,1,2,0,1,0,1,1,5,0.033333333,0,0,0,0,0,0,5,0,0,0,4,5,0
97657,57,457932,2,1,1,0,0,0,0,0,0,21,0.033333333,0,0,0,0,0,0,0,0,1,0,1,1,0
97679,2,878119,2,1,1,0,0,0,0,0,0,20,0.033333333,0,0,0,0,0,0,0,0,0,0,1,1,0
97680,2,43183,2,1,1,0,0,0,0,0,0,24,0.033333333,0,0,0,0,0,0,0,0,0,0,1,1,0
97688,30,334927,1,30,17,2,0,0,10,1,0,7,0.033333333,0,0,0,0,0,0,0,0,0,0,7,30,0
97692,29,878119,2,20,2,9,0,5,0,8,4,20,0.2,0,0,0,0,0,0,0,0,0,0,10,9,6
97693,1,334927,1,1,1,0,0,0,0,0,0,7,0.033333333,0,0,0,0,0,0,0,0,0,0,1,1,0
97710,13,878119,2,6,3,2,0,1,0,1,0,20,0.033333333,0,0,0,0,0,0,0,0,0,0,4,6,0
97713,19,457932,1,19,2,5,3,4,0,6,3,21,0.033333333,0,0,0,0,0,0,0,0,19,0,11,19,0
97717,17,250865,1,17,4,5,0,4,0,4,3,34,0.033333333,0,0,0,0,0,0,0,17,0,0,8,17,0
97724,771,260769,2,1,1,0,0,0,0,0,0,0,0.033333333,0,0,0,0,0,0,0,1,0,0,1,1,0
97729,350,260769,3,250,6,69,16,53,0,87,66,0,0.133333333,0,0,51,0,0,0,0,46,142,11,94,62,0
97732,4,878119,2,3,3,0,0,0,0,0,0,20,0.033333333,0,0,0,0,0,0,0,0,0,0,2,3,0
97745,505,21560,3,2,2,0,0,0,0,0,0,9,0.033333333,0,0,0,0,0,0,0,0,0,0,1,2,0
97753,5,250865,1,5,1,2,0,1,0,1,1,34,0.033333333,0,0,0,0,0,0,0,5,0,0,4,5,0
97765,3,27035,1,3,3,0,0,0,0,0,0,60,0.033333333,0,0,0,0,0,0,0,0,3,0,3,3,0
97770,3,334927,1,3,3,0,0,0,0,0,0,7,0.033333333,0,0,0,0,0,0,0,0,0,0,3,3,0
97781,41,250865,5,1,1,0,0,0,0,0,0,34,0.033333333,0,0,0,0,0,0,0,1,0,0,1,1,0
97791,31,878119,1,31,4,12,0,8,0,14,2,20,0.033333333,0,0,0,0,0,0,0,0,0,0,11,31,0
97809,31,334927,1,31,7,8,1,6,0,5,4,7,0.066666667,0,0,0,0,0,0,0,0,0,0,17,27,0
97816,9,878119,1,9,4,3,0,1,0,2,1,20,0.033333333,0,0,0,0,0,0,0,0,0,0,6,9,0
97823,1227,148500,4,68,1,9,20,8,0,27,9,29,0.033333333,0,0,0,0,0,0,0,0,0,0,25,68,0
97831,1,46603,1,1,1,0,0,0,0,0,0,5,0.033333333,0,0,0,0,0,0,1,0,0,0,1,1,0
97837,30,140022,1,30,7,9,5,1,0,9,1,232,0.066666667,0,0,0,0,0,0,0,4,0,0,11,30,0
97842,68,46603,3,9,2,3,0,2,0,2,2,5,0.033333333,0,0,0,0,0,0,9,0,0,0,7,9,0
97850,7,148500,1,7,2,3,0,1,0,2,1,29,0.033333333,0,0,0,0,0,0,0,0,0,0,5,7,0
97862,34,878119,2,5,5,0,0,0,0,0,0,20,0.033333333,0,0,0,0,0,0,0,0,0,0,2,5,0
97863,79,127749,5,6,4,2,0,0,0,1,0,102,0.033333333,0,0,0,0,0,0,0,6,0,0,4,6,0
97877,14,127749,1,14,2,5,0,4,0,4,3,102,0.033333333,0,0,0,0,0,0,0,14,0,0,10,14,0
97895,74,457932,2,13,1,5,0,4,0,4,3,21,0.033333333,0,0,0,0,0,0,0,0,13,0,9,13,0
97899,8,43183,1,8,3,4,0,0,0,5,0,24,0.033333333,0,0,0,0,0,0,0,0,0,0,5,8,0
97907,2,878119,1,2,2,0,0,0,0,0,0,20,0.033333333,0,0,0,0,0,0,0,0,0,0,2,2,0
97910,1,43183,1,1,1,0,0,0,0,0,0,24,0.033333333,0,0,0,0,0,0,0,0,0,0,1,1,0
97916,5,46603,1,5,4,1,0,0,0,1,0,5,0.033333333,0,0,0,0,0,0,0,5,0,0,5,5,0
97928,41,907118,1,41,10,14,0,9,1,7,5,19,0.1,0,0,0,0,0,0,0,0,0,0,14,23,0
97936,150,907118,1,150,14,65,13,36,0,54,8,19,0.233333333,0,0,2,0,2,0,0,0,40,0,35,7,58
97940,135,91935,7,23,4,8,0,6,0,7,5,26,0.033333333,0,0,0,0,0,23,0,0,0,0,10,23,0
97944,1,907118,1,1,1,0,0,0,0,0,0,19,0.033333333,0,0,0,0,0,0,0,0,0,0,1,1,0
97947,68,907118,1,68,8,22,7,17,0,17,11,19,0.033333333,0,0,0,0,0,0,0,0,0,0,33,68,0
97955,240,907118,1,240,27,71,23,51,26,60,31,19,0.2,0,0,55,0,0,0,0,0,0,0,70,44,59
97959,57,907118,2,55,6,22,3,16,0,14,6,19,0.133333333,0,0,0,0,0,0,0,0,0,0,23,35,4
97970,332,907118,1,332,17,99,40,91,11,103,50,19,0.2,0,0,177,0,0,0,11,0,0,0,79,63,44
97989,97,907118,1,97,13,53,6,2,3,45,14,19,0.066666667,0,0,0,0,0,0,0,0,0,0,27,97,0
97990,44,907118,1,44,3,14,3,12,0,14,8,19,0.066666667,0,0,0,0,0,0,0,0,0,0,24,16,0
97995,97,907118,1,97,46,21,0,14,4,15,6,19,0.066666667,0,0,0,0,0,0,0,0,0,0,17,83,14
97998,1,907118,1,1,1,0,0,0,0,0,0,19,0.033333333,0,0,0,0,0,0,0,0,0,0,1,1,0
98013,1,907118,1,1,1,0,0,0,0,0,0,19,0.033333333,0,0,0,0,0,0,0,0,0,0,1,1,0
98017,190,907118,1,190,28,82,8,47,0,53,19,19,0.3,0,0,0,0,0,0,0,0,0,26,56,32,130
98020,23,907118,1,23,3,9,0,7,0,6,4,19,0.066666667,0,0,0,0,0,0,0,0,0,0,13,23,0
98038,25,907118,1,25,7,6,0,4,6,4,1,19,0.033333333,0,0,0,0,0,0,0,0,0,0,10,25,0
98044,15,91935,2,7,3,2,0,1,0,1,1,26,0.033333333,0,0,0,0,0,7,0,0,0,0,6,7,0
98048,61,907118,1,61,20,24,0,9,2,17,6,19,0.1,0,0,0,0,0,0,0,0,0,0,17,25,19
98056,36,907118,1,36,15,10,0,6,0,7,4,19,0.066666667,0,0,0,0,0,0,0,0,0,0,13,22,0
98059,580,907118,1,580,138,164,41,100,14,144,49,19,0.333333333,0,0,62,0,0,66,33,10,65,0,92,10,56
98064,19,907118,1,19,7,6,0,3,1,3,1,19,0.033333333,0,0,0,0,0,0,0,0,0,0,11,19,0
98075,50,907118,1,50,10,17,3,15,0,16,1,19,0.066666667,0,0,0,0,0,0,0,0,0,0,14,50,0
98079,1,155579,1,1,1,0,0,0,0,0,0,17,0.033333333,0,0,0,1,0,0,0,0,0,0,1,1,0
98087,239,907118,2,188,22,66,18,53,6,43,16,19,0.233333333,7,0,0,0,0,0,0,43,0,0,54,26,75
98118,1,89830,1,1,1,0,0,0,0,0,0,108,0.033333333,0,0,0,0,0,0,0,1,0,0,1,1,0
98136,37,907118,1,37,7,13,0,11,1,10,5,19,0.033333333,0,0,0,0,0,0,0,0,0,0,15,37,0
98138,47,907118,1,47,5,16,7,13,0,13,2,19,0.1,0,0,0,0,0,0,0,0,0,0,15,35,12
98146,291,907118,2,164,17,56,18,39,2,46,15,19,0.233333333,7,0,18,0,0,46,0,0,0,0,51,9,18
98147,12,907118,1,12,2,5,0,3,0,4,2,19,0.033333333,0,0,0,0,0,0,0,0,0,0,9,12,0
98149,33,907118,1,33,8,11,4,7,0,6,1,19,0.1,0,0,0,0,0,0,0,0,0,0,12,21,0
98152,94,907118,1,94,10,42,5,23,4,31,10,19,0.1,0,0,0,0,0,0,19,16,0,0,30,75,0
98160,37,907118,1,37,8,22,0,4,1,19,0,19,0.1,0,0,0,0,0,0,0,0,0,0,10,13,20
98167,257,907118,5,220,27,92,11,22,24,67,25,19,0.4,0,0,0,0,0,0,32,0,60,4,53,12,12
98168,554,155579,4,511,38,149,61,105,18,157,72,17,0.466666667,8,38,0,153,0,9,0,0,27,0,75,56,114
98171,178,155579,3,175,3,33,40,28,1,65,34,17,0.033333333,0,0,0,175,0,0,0,0,0,0,27,175,0
98177,140,907118,1,140,11,48,9,39,12,39,17,19,0.266666667,5,0,0,0,0,0,0,2,21,0,39,15,0
98184,178,907118,3,99,15,38,2,26,0,28,11,19,0.166666667,0,5,0,0,0,0,0,0,0,0,34,12,35
98187,7,89830,1,7,2,3,0,1,0,2,1,108,0.033333333,0,0,0,0,0,0,0,7,0,0,5,7,0
98198,33,155579,1,33,7,7,2,1,4,10,5,17,0.033333333,0,0,0,33,0,0,0,0,0,0,11,33,0
98202,112,907118,1,112,17,51,6,24,2,31,7,19,0.1,0,0,0,0,0,0,0,0,0,0,25,96,0
98214,109,907118,1,109,14,43,7,37,1,33,4,19,0.166666667,0,0,0,0,0,0,0,0,10,0,24,8,7
98228,514,907118,13,58,5,20,2,16,7,17,8,19,0.066666667,0,0,0,0,0,0,0,0,4,0,21,54,4
98234,1,155579,1,1,1,0,0,0,0,0,0,17,0.033333333,0,0,0,1,0,0,0,0,0,0,1,1,0
98247,31,907118,1,31,5,13,5,5,0,8,2,19,0.133333333,0,0,0,0,0,0,0,0,0,0,11,2,0
98260,83,907118,1,83,12,35,0,22,3,23,10,19,0.066666667,0,0,0,0,0,0,0,0,0,0,19,55,28
98263,1422,155579,10,1,1,0,0,0,0,0,0,17,0.033333333,0,0,0,1,0,0,0,0,0,0,1,1,0
98271,12,907118,1,12,5,0,0,0,6,0,0,19,0.033333333,0,0,0,0,0,0,0,0,0,0,4,12,0
98272,27,907118,1,27,8,13,0,5,0,3,1,19,0.1,0,0,0,0,0,0,0,0,0,0,9,2,19
98275,19,907118,2,18,5,6,0,4,3,3,0,19,0.033333333,0,0,0,0,0,0,0,0,0,0,8,18,0
98281,7,907118,1,7,3,3,0,0,0,2,1,19,0.033333333,0,0,0,0,0,0,0,0,0,0,6,7,0
98294,423,907118,4,365,35,114,21,86,43,102,30,19,0.2,0,0,0,14,0,0,0,3,59,0,65,51,0
98296,23,907118,2,15,2,6,0,5,0,5,2,19,0.066666667,0,0,0,0,0,14,0,0,0,0,9,1,0
98297,130,907118,2,63,10,24,0,13,4,16,5,19,0.1,0,0,4,0,0,0,0,0,0,0,17,59,0
98301,1,155579,1,1,1,0,0,0,0,0,0,17,0.033333333,0,0,0,1,0,0,0,0,0,0,1,1,0
98307,323,907118,2,318,27,129,12,85,14,94,42,19,0.466666667,4,0,8,0,13,10,20,0,0,0,70,73,47
98308,1,907118,1,1,1,0,0,0,0,0,0,19,0.033333333,0,0,0,0,0,0,0,0,0,0,1,1,0
98331,2,907118,1,2,2,0,0,0,0,0,0,19,0.033333333,0,0,0,0,0,0,0,0,0,0,1,2,0
98343,2,155579,2,1,1,0,0,0,0,0,0,17,0.033333333,0,0,0,1,0,0,0,0,0,0,1,1,0
98359,124,155579,1,124,15,15,12,13,12,45,21,17,0.066666667,0,13,0,0,0,0,0,0,0,0,27,13,111
98363,247,907118,1,247,24,122,0,69,1,85,29,19,0.3,0,0,0,0,0,0,0,0,0,27,62,115,47
98366,110,907118,1,110,3,70,2,22,0,59,13,19,0.1,0,0,0,0,0,0,0,0,0,0,29,11,63
98374,34,907118,1,34,12,13,0,8,0,6,1,19,0.033333333,0,0,0,0,0,0,0,0,0,0,10,34,0
98387,37,907118,1,37,7,18,0,9,0,8,1,19,0.066666667,0,0,0,0,0,0,0,0,0,0,8,8,29
98394,4,907118,1,4,4,0,0,0,0,0,0,19,0.033333333,0,0,0,0,0,0,0,0,0,0,2,4,0
98396,1,155579,1,1,1,0,0,0,0,0,0,17,0.033333333,0,0,0,0,0,0,0,0,0,0,1,1,0
98398,33,907118,2,14,3,10,0,1,0,7,0,19,0.066666667,0,0,0,0,0,0,0,0,0,0,10,5,9
98416,118,907118,1,118,13,53,3,29,5,38,7,19,0.066666667,0,0,0,0,0,0,0,0,0,0,25,32,86
98435,21,907118,1,21,7,6,0,4,1,4,2,19,0.033333333,0,0,0,0,0,0,0,0,0,0,9,21,0
98459,621,91935,6,260,15,77,34,65,7,69,48,26,0.133333333,0,0,0,0,0,0,0,0,46,0,96,15,89
98461,175,907118,2,113,26,37,4,30,0,30,15,19,0.1,0,0,0,0,0,0,0,0,0,0,34,67,16
98465,270,907118,1,270,13,84,24,65,27,73,28,19,0.166666667,0,0,0,7,0,0,0,0,0,0,63,112,36
98469,132,907118,1,132,21,49,4,33,7,36,18,19,0.1,0,0,0,0,0,0,0,0,0,0,23,37,0
98475,235,907118,1,235,20,76,30,54,6,75,30,19,0.133333333,0,0,0,0,0,0,0,0,0,0,58,67,0
98491,9,91935,1,9,5,2,0,1,0,1,1,26,0.033333333,0,0,0,0,0,0,0,0,0,0,6,9,0
98493,161,155579,2,149,19,26,24,16,16,41,17,17,0.066666667,0,0,0,0,0,0,0,44,0,0,21,105,44
98496,127,907118,1,127,9,58,4,41,0,54,9,19,0.033333333,0,0,0,0,0,0,0,0,0,0,27,127,0
98504,21,907118,2,2,2,0,0,0,0,0,0,19,0.066666667,0,0,0,0,0,0,0,0,0,0,1,1,1
98518,2,907118,1,2,2,0,0,0,0,0,0,19,0.033333333,0,0,0,0,0,0,0,0,0,0,2,2,0
98529,269,155579,4,191,25,23,26,11,22,73,30,17,0.2,0,0,0,0,0,113,1,22,5,0,24,4,69
98530,196,907118,1,196,10,86,9,61,0,81,24,19,0.166666667,0,0,0,0,0,0,0,0,0,0,37,117,11
98533,29,907118,1,29,14,7,0,3,4,2,0,19,0.066666667,0,0,0,0,0,0,0,0,0,0,10,26,0
98534,10,907118,1,10,5,3,0,2,0,2,0,19,0.033333333,0,0,0,0,0,0,0,0,0,0,5,10,0
98536,18,91935,2,1,1,0,0,0,0,0,0,26,0.033333333,0,0,0,0,0,0,0,0,0,0,1,1,0
98566,1,89830,1,1,1,0,0,0,0,0,0,108,0.033333333,0,0,0,1,0,0,0,0,0,0,1,1,0
98578,15,907118,1,15,6,3,0,2,4,2,0,19,0.033333333,0,0,0,0,0,0,0,0,0,0,7,15,0
98591,261,907118,1,261,45,71,41,44,15,60,19,19,0.233333333,0,7,0,0,5,0,0,0,0,0,64,109,32
98604,44,91935,1,44,3,12,12,10,0,9,3,26,0.033333333,0,0,0,0,0,0,0,0,0,0,16,44,0
98607,15,907118,1,15,2,6,0,5,0,5,2,19,0.033333333,0,0,0,0,0,0,0,0,0,0,10,15,0
98619,764,89830,11,6,2,2,0,1,0,1,1,108,0.033333333,0,0,0,6,0,0,0,0,0,0,5,6,0
98623,1,89830,1,1,1,0,0,0,0,0,0,108,0.033333333,0,0,0,1,0,0,0,0,0,0,1,1,0
98648,1,89830,1,1,1,0,0,0,0,0,0,108,0.033333333,0,0,0,1,0,0,0,0,0,0,1,1,0
98656,16,907118,1,16,4,7,0,3,1,4,1,19,0.066666667,0,0,0,0,0,0,0,0,0,0,8,7,9
98665,15,907118,1,15,2,7,0,5,0,4,1,19,0.033333333,0,0,0,0,0,0,0,0,0,0,8,15,0
98675,194,907118,1,194,5,124,5,58,1,118,0,19,0.2,0,0,0,0,0,36,0,32,0,0,39,54,0
98678,97,907118,1,97,8,46,0,30,0,36,12,19,0.133333333,0,0,0,0,0,0,0,0,0,0,30,74,4
98687,15,907118,1,15,12,3,0,0,0,2,0,19,0.066666667,0,0,0,0,0,0,0,0,0,0,8,15,0
98702,12,155579,3,1,1,0,0,0,0,0,0,17,0.033333333,0,0,0,0,0,0,0,0,0,0,1,1,0
98704,67,907118,2,49,7,17,4,13,0,15,5,19,0.133333333,0,0,0,0,0,0,0,0,0,0,21,39,4
98713,1,89830,1,1,1,0,0,0,0,0,0,108,0.033333333,0,0,0,1,0,0,0,0,0,0,1,1,0
98715,77,907118,1,77,14,45,5,2,7,37,0,19,0.066666667,0,0,0,0,0,0,0,0,0,0,20,61,16
98720,20,907118,1,20,3,0,0,0,17,0,0,19,0.033333333,0,0,0,0,0,0,0,0,0,0,4,20,0
98727,4,155579,2,3,3,0,0,0,0,0,0,17,0.066666667,0,1,0,0,0,0,0,0,0,0,1,1,2
98737,52,907118,2,23,5,9,0,5,0,6,4,19,0.066666667,0,0,0,0,0,0,0,0,0,0,12,11,12
98743,6,89830,1,6,2,2,0,1,0,1,1,108,0.033333333,0,0,0,6,0,0,0,0,0,0,5,6,0
98747,255,91935,1,255,25,114,64,17,5,99,10,26,0.166666667,0,0,0,0,25,0,0,0,49,0,66,82,29
98748,43,907118,1,43,17,11,0,8,1,8,3,19,0.033333333,0,0,0,0,0,0,0,0,0,0,17,43,0
98752,120,907118,1,120,16,50,4,33,0,39,17,19,0.133333333,0,10,0,0,0,0,0,0,0,18,30,63,47
98754,15,907118,1,15,6,5,0,1,0,4,3,19,0.033333333,0,0,0,0,0,0,0,0,0,0,9,15,0
98759,141,907118,1,141,18,66,3,27,2,40,21,19,0.2,3,0,0,0,0,0,0,0,0,0,29,39,44
98769,163,907118,1,163,13,82,10,49,0,59,4,19,0.233333333,0,0,0,0,16,0,0,0,0,0,33,57,37
98771,212,907118,1,212,14,120,7,45,11,109,9,19,0.233333333,0,20,24,0,0,0,0,0,0,0,51,79,23
98774,92,907118,1,92,12,49,0,17,2,38,9,19,0.2,0,0,0,0,0,0,0,0,0,0,30,32,32
98783,55,907118,1,55,9,23,5,13,0,14,4,19,0.1,0,0,0,0,0,0,0,0,0,0,20,13,7
98788,270,907118,1,270,79,90,8,49,12,57,21,19,0.2,0,0,0,0,0,0,0,0,0,0,40,111,69
98792,25,89830,3,1,1,0,0,0,0,0,0,108,0.033333333,0,0,0,1,0,0,0,0,0,0,1,1,0
98795,19,907118,1,19,10,4,0,2,2,1,0,19,0.033333333,0,0,0,0,0,0,0,0,0,0,8,19,0
98800,12,907118,1,12,6,3,0,2,0,2,0,19,0.033333333,0,0,0,0,0,0,0,0,0,0,7,12,0
98803,84,907118,1,84,12,28,7,23,1,19,11,19,0.066666667,0,0,0,0,0,0,0,0,0,0,33,25,59
98807,13,907118,1,13,5,4,0,3,0,3,1,19,0.033333333,0,0,0,0,0,0,0,0,0,0,9,13,0
98815,127,907118,4,92,7,31,13,24,0,28,11,19,0.033333333,0,0,0,0,0,0,0,0,0,0,36,92,0
98822,37,907118,2,16,5,9,2,0,0,8,0,19,0.033333333,0,0,0,0,0,0,0,0,0,0,11,16,0
98827,579,907118,3,337,22,116,43,84,11,137,13,19,0.3,0,0,0,36,123,13,2,3,75,0,77,5,80
98835,18,907118,1,18,14,3,0,0,0,2,0,19,0.033333333,0,0,0,0,0,0,0,0,0,0,9,18,0
98839,15,907118,1,15,4,5,0,4,0,5,1,19,0.066666667,0,0,0,0,0,0,0,0,0,0,9,14,0
98845,87,89830,3,10,5,3,0,1,0,2,1,108,0.033333333,0,0,0,10,0,0,0,0,0,0,6,10,0
98848,158,907118,1,158,23,67,13,34,4,46,10,19,0.1,0,0,0,0,0,0,0,0,0,0,37,16,92
98857,23,89830,1,23,6,5,0,4,0,9,3,108,0.066666667,0,0,0,15,8,0,0,0,0,0,12,15,8
98867,90,907118,1,90,25,32,8,16,0,24,6,19,0.133333333,44,0,0,0,0,0,0,0,0,0,18,18,20
98875,191,907118,1,191,15,66,18,52,0,53,34,19,0.2,0,0,0,0,0,0,37,0,0,0,58,88,0
98886,87,155579,2,9,8,0,0,0,0,0,0,17,0.033333333,0,0,0,0,0,0,0,0,0,0,6,9,0
98905,124,89830,3,4,2,2,0,0,0,1,0,108,0.033333333,0,0,0,4,0,0,0,0,0,0,4,4,0
98909,244,907118,1,244,28,93,11,65,3,76,28,19,0.233333333,55,0,4,0,0,0,0,0,0,10,46,60,101
98919,32,907118,1,32,8,18,0,5,0,10,1,19,0.066666667,0,0,0,0,0,0,0,0,0,0,13,19,13
98922,11,907118,1,11,2,7,0,0,0,7,1,19,0.033333333,0,0,0,0,0,0,0,0,0,0,9,11,0
98946,12,457932,1,12,3,5,3,0,0,4,0,21,0.066666667,0,0,0,0,0,0,0,0,0,0,8,2,10
98950,14,346877,2,1,1,0,0,0,0,0,0,9,0.033333333,0,0,0,0,0,0,0,0,0,0,1,1,0
98952,126,399092,2,118,5,9,22,8,24,30,8,101,0.033333333,0,0,0,0,0,0,0,0,0,0,22,118,0
98961,181,261579,2,85,8,33,0,26,0,23,17,5,0.133333333,0,0,0,0,0,0,0,0,0,0,31,25,39
98965,9,247683,4,4,4,0,0,0,0,0,0,23,0.066666667,0,0,0,0,0,0,0,0,0,0,3,3,1
98970,1248,502584,3,1,1,0,0,0,0,0,0,143,0.033333333,0,0,0,0,0,0,0,0,0,0,1,1,0
98999,7,110497,5,1,1,0,0,0,0,0,0,24,0.033333333,0,0,0,0,0,0,0,0,0,0,1,1,0
99043,30,457932,1,30,6,14,5,1,0,10,1,21,0.066666667,0,0,0,0,0,0,0,0,0,0,12,23,7
99044,253,110497,3,67,11,21,0,14,11,11,8,24,0.1,0,0,0,0,0,0,0,0,0,0,12,37,0
99046,117,346877,3,29,4,5,9,5,0,8,3,9,0.033333333,0,0,0,0,0,0,0,0,0,0,13,29,0
99060,6,27035,1,6,4,0,0,0,1,0,0,60,0.033333333,0,0,0,0,0,0,0,0,0,0,4,6,0
99072,15,24979,1,15,3,7,0,3,0,4,2,25,0.066666667,0,0,0,0,0,0,0,0,0,0,6,15,0
99076,20,27035,2,1,1,0,0,0,0,0,0,60,0.033333333,0,0,0,0,0,0,0,0,0,0,1,1,0
99081,6,85168,1,6,3,1,0,1,0,1,1,139,0.033333333,0,0,0,0,0,0,0,0,0,0,6,6,0
99085,5,399092,1,5,5,0,0,0,0,0,0,101,0.033333333,0,0,0,0,0,0,0,0,0,0,3,5,0
99086,14,110497,1,14,5,5,0,2,0,2,2,24,0.066666667,0,0,0,0,6,0,0,0,0,0,9,8,6
99089,35,188602,1,35,3,25,0,3,0,22,4,96,0.033333333,0,0,0,0,0,0,0,0,0,0,16,35,0
99090,66,457932,2,65,14,21,0,9,12,16,5,21,0.066666667,0,0,0,0,0,0,0,0,0,0,18,9,56
99097,262,110497,3,1,1,0,0,0,0,0,0,24,0.033333333,0,0,0,0,0,0,0,0,0,0,1,1,0
99103,30,457932,1,30,9,10,0,6,1,5,3,21,0.066666667,0,0,0,0,0,0,0,0,0,0,13,11,19
99112,9,110497,2,3,3,0,0,0,0,0,0,24,0.066666667,0,0,0,0,0,0,0,0,0,0,2,3,0
99120,24,247683,3,1,1,0,0,0,0,0,0,23,0.033333333,0,0,0,0,0,0,0,0,0,0,1,1,0
99132,158,86829,1,158,6,30,60,25,7,36,16,63,0.066666667,0,0,0,0,0,0,0,0,0,0,46,27,131
99136,28,457932,2,26,3,18,4,0,0,17,0,21,0.033333333,0,0,0,0,0,0,0,0,0,0,9,26,0
99150,28,457932,1,28,2,8,2,5,6,8,4,21,0.033333333,0,0,0,0,0,0,0,0,0,0,12,28,0
99152,4,457932,3,2,2,0,0,0,0,0,0,21,0.033333333,0,0,0,0,0,0,0,0,0,0,2,2,0
99156,3,457932,1,3,3,0,0,0,0,0,0,21,0.033333333,0,0,0,0,0,0,0,0,0,0,2,3,0
99176,25,110497,2,13,3,5,0,3,0,2,2,24,0.066666667,0,0,0,0,0,0,0,0,0,0,8,6,0
99181,177,85168,3,28,9,8,0,5,0,4,3,139,0.066666667,0,0,0,10,0,0,0,0,0,0,12,28,0
99189,124,457932,4,14,2,6,3,1,0,6,1,21,0.033333333,0,0,0,0,0,0,0,0,0,0,10,14,0
99224,23,502584,1,23,2,17,2,1,0,14,1,143,0.066666667,0,0,0,0,0,0,0,0,0,0,14,9,0
99229,35,261579,1,35,7,14,0,8,0,10,4,5,0.1,0,0,0,0,0,0,0,0,0,0,11,30,0
99239,22,85576,2,21,8,6,0,4,0,3,3,54,0.033333333,0,0,0,0,0,0,0,0,0,0,8,21,0
99246,273,247683,2,272,30,96,32,75,5,61,32,23,0.366666667,0,0,0,15,0,0,0,67,16,0,76,3,15
99250,39,457932,3,33,1,12,4,9,0,11,6,21,0.033333333,0,0,0,0,0,0,0,0,0,0,12,33,0
99253,96,85576,2,79,4,15,36,10,2,22,0,54,0.066666667,0,0,0,0,0,0,0,0,0,32,18,47,0
99267,67,457932,1,67,10,26,4,20,0,19,0,21,0.033333333,0,0,0,0,0,0,0,0,0,0,9,67,0
99276,1,110497,1,1,1,0,0,0,0,0,0,24,0.033333333,0,0,0,0,0,0,0,0,0,0,1,1,0
99283,15,261579,1,15,6,3,0,1,1,3,1,5,0.033333333,0,0,0,0,0,0,0,0,0,0,9,15,0
99284,425,502584,2,6,2,2,0,1,0,1,1,143,0.033333333,0,0,0,0,0,0,0,0,0,0,5,6,0
99286,233,457932,5,84,10,22,16,17,1,15,12,21,0.1,0,0,0,2,0,0,0,0,0,3,32,79,3
99296,87,457932,1,87,6,15,24,13,13,12,9,21,0.033333333,0,0,0,0,0,0,0,0,0,0,30,87,0
99297,8,27035,2,7,3,2,0,1,0,1,1,60,0.033333333,0,0,0,0,0,0,0,0,0,0,5,7,0
99299,112,261579,2,9,4,2,0,1,1,2,0,5,0.033333333,0,0,0,0,0,0,0,0,0,0,7,9,0
99312,183,261579,2,166,20,51,4,36,31,31,22,5,0.233333333,0,0,0,0,0,0,0,0,0,0,45,65,12
99315,357,261579,2,314,43,111,15,67,10,103,61,5,0.3,0,17,0,0,0,0,8,43,12,7,78,67,23
99319,133,399092,1,133,12,35,14,19,2,42,11,101,0.1,0,0,0,20,0,11,0,0,0,0,28,102,20
99321,37,457932,3,35,6,9,4,6,1,5,1,21,0.033333333,0,0,0,0,0,0,0,0,0,0,11,35,0
99322,311,110497,4,230,35,62,0,39,73,46,8,24,0.2,0,47,0,0,0,0,0,0,56,0,24,33,56
99348,2,247683,2,1,1,0,0,0,0,0,0,23,0.033333333,0,0,0,0,0,0,0,0,0,0,1,1,0
99352,186,346877,3,5,2,2,0,0,1,1,0,9,0.033333333,0,0,0,0,0,0,0,0,0,0,3,5,0
99381,2,457932,1,2,2,0,0,0,0,0,0,21,0.033333333,0,0,0,0,0,0,0,0,0,0,2,2,0
99404,15,457932,1,15,1,4,3,3,0,5,2,21,0.033333333,0,0,0,0,0,0,0,0,0,0,8,15,0
99419,250,86829,2,249,10,39,115,27,5,55,13,63,0.133333333,0,0,0,0,0,0,0,0,0,0,66,79,0
99431,10,457932,1,10,1,4,0,3,0,3,2,21,0.033333333,0,0,0,0,0,0,0,0,0,0,7,10,0
99444,105,110497,4,1,1,0,0,0,0,0,0,24,0.033333333,0,0,0,0,0,0,0,0,0,0,1,1,0
99457,34,110497,2,2,2,0,0,0,0,0,0,24,0.033333333,0,0,0,0,0,0,0,0,0,0,2,2,0
99475,147,457932,4,12,2,3,3,2,0,2,1,21,0.033333333,0,0,0,0,0,0,0,0,0,0,7,12,0
99486,30,457932,1,30,6,9,4,5,1,6,3,21,0.033333333,0,0,0,0,0,0,0,0,0,0,15,30,0
99494,235,261579,3,30,3,25,0,0,0,23,0,5,0.033333333,0,0,0,0,0,0,0,0,0,0,24,30,0
99497,2,457932,1,2,2,0,0,0,0,0,0,21,0.033333333,0,0,0,0,0,0,0,0,0,0,2,2,0
99503,15,457932,1,15,2,7,3,1,0,6,1,21,0.033333333,0,0,0,0,0,0,0,0,0,0,10,15,0
99509,178,502584,3,13,6,5,0,1,0,2,1,143,0.033333333,0,0,0,0,0,0,0,0,0,0,8,13,0
99511,248,457932,3,17,5,4,4,2,0,3,1,21,0.033333333,0,0,0,0,0,0,0,0,0,0,6,17,0
99518,34,110497,1,34,3,9,0,7,0,13,5,24,0.066666667,0,0,0,0,0,0,0,0,0,0,12,30,0
99522,2,502584,1,2,2,0,0,0,0,0,0,143,0.033333333,0,0,0,0,0,0,0,0,0,0,2,2,0
99538,29,86829,3,14,2,5,0,4,0,4,3,63,0.033333333,0,0,0,0,0,0,0,0,0,0,10,14,0
99541,178,188602,3,112,11,34,27,0,2,44,0,96,0.033333333,0,0,0,0,0,0,0,0,0,0,25,112,0
99544,123,346877,2,14,4,5,0,3,0,2,2,9,0.066666667,0,0,0,0,0,0,0,0,0,0,8,9,0
99570,81,85168,6,1,1,0,0,0,0,0,0,139,0.033333333,0,0,0,0,0,0,0,0,0,0,1,1,0
99577,339,457932,7,64,9,12,15,11,6,10,8,21,0.066666667,0,0,0,0,0,0,0,0,0,0,31,63,0
99584,4,399092,1,4,4,0,0,0,0,0,0,101,0.033333333,0,0,0,0,0,0,0,0,0,0,2,4,0
99593,2,110497,1,2,2,0,0,0,0,0,0,24,0.033333333,0,0,0,0,0,0,0,0,0,0,2,2,0
99594,13,42723,6,2,2,0,0,0,0,0,0,6,0.033333333,0,0,0,0,0,0,0,0,0,0,2,2,0
99596,8,457932,1,8,5,2,0,0,1,1,0,21,0.033333333,0,0,0,0,0,0,0,0,0,0,5,8,0
99597,4,399092,1,4,1,2,0,1,0,1,0,101,0.033333333,0,0,0,0,0,0,0,0,0,0,3,4,0
99602,63,399092,1,63,15,28,0,15,1,16,4,101,0.1,0,0,0,0,0,0,0,0,0,0,16,9,1
99627,4,502584,1,4,2,1,0,0,0,1,1,143,0.033333333,0,0,0,0,0,0,0,0,0,0,4,4,0
99628,816,261579,9,16,4,6,0,4,0,3,2,5,0.066666667,0,0,0,0,0,0,0,0,0,0,7,10,6
99639,23,85168,2,2,2,0,0,0,0,0,0,139,0.066666667,0,0,0,0,0,0,0,0,0,0,1,1,0
99645,1,188602,1,1,1,0,0,0,0,0,0,96,0.033333333,0,0,0,0,0,0,0,0,0,0,1,1,0
99647,34,457932,1,34,5,17,7,0,3,13,0,21,0.033333333,0,0,0,0,0,0,0,0,0,0,17,34,0
99649,65,110497,2,1,1,0,0,0,0,0,0,24,0.033333333,0,0,0,0,0,0,0,0,0,0,1,1,0
99674,61,457932,1,61,7,20,4,15,4,13,9,21,0.066666667,0,0,0,0,0,0,0,0,0,0,23,34,27
99683,17,457932,1,17,1,4,5,3,0,4,2,21,0.066666667,0,0,0,0,0,0,0,0,0,0,8,15,2
99691,83,27035,6,67,4,14,11,9,2,28,4,60,0.033333333,0,0,0,0,0,0,0,0,0,0,18,67,0
99702,49,457932,1,49,6,20,5,10,0,15,7,21,0.066666667,0,0,0,0,0,0,0,0,0,0,14,41,8
99712,739,110497,3,16,2,4,0,3,0,5,3,24,0.033333333,0,0,0,0,0,0,0,0,0,0,9,16,0
99714,3,457932,1,3,3,0,0,0,0,0,0,21,0.033333333,0,0,0,0,0,0,0,0,0,0,2,3,0
99715,199,85168,6,1,1,0,0,0,0,0,0,139,0.033333333,0,0,0,0,0,0,0,0,0,0,1,1,0
99716,82,457932,3,32,1,27,4,0,0,26,0,21,0.033333333,0,0,0,0,0,0,0,0,0,0,13,32,0
99728,29,85168,2,1,1,0,0,0,0,0,0,139,0.033333333,0,0,0,0,0,0,0,0,0,0,1,1,0
99759,84,346877,2,9,2,3,0,2,0,2,2,9,0.033333333,0,0,0,0,0,0,0,0,0,0,7,9,0
99763,229,457932,2,19,1,5,5,4,0,4,3,21,0.033333333,0,0,0,0,0,0,0,0,0,0,8,19,0
99767,229,261579,10,48,2,19,0,14,0,16,13,5,0.066666667,0,0,0,0,0,0,0,0,0,0,28,1,0
99784,38,188602,2,28,4,8,0,5,3,7,5,96,0.066666667,0,0,0,0,0,0,0,0,0,0,11,12,16
99791,2032,247683,4,147,8,64,8,42,4,49,18,23,0.133333333,0,0,0,0,0,0,0,0,0,0,37,92,37
99792,24,457932,1,24,4,5,5,4,1,5,2,21,0.033333333,0,0,0,0,0,0,0,0,0,0,11,24,0
99798,19,346877,2,5,2,2,0,1,0,1,0,9,0.033333333,0,0,0,0,0,0,0,0,0,0,4,5,0
99808,5,457932,1,5,2,0,0,0,3,0,0,21,0.033333333,0,0,0,0,0,0,0,0,0,0,3,5,0
99813,31,127749,5,1,1,0,0,0,0,0,0,102,0.033333333,0,0,0,0,0,0,0,0,0,0,1,1,0
99815,49,110497,2,3,3,0,0,0,0,0,0,24,0.033333333,0,0,0,0,0,0,0,0,0,0,2,3,0
99818,49,457932,2,46,23,6,4,6,3,6,3,21,0.066666667,0,0,0,0,0,0,0,0,0,0,12,44,2
99825,31,188602,2,1,1,0,0,0,0,0,0,96,0.033333333,0,0,0,0,0,0,0,0,0,0,1,1,0
99835,51,457932,2,19,2,7,2,5,0,4,3,21,0.033333333,0,0,0,0,0,0,0,0,0,0,12,19,0
99840,34,346877,2,24,3,7,9,0,0,8,0,9,0.033333333,0,0,0,0,0,0,0,0,0,0,11,24,0
99852,126,457932,6,12,5,4,2,0,0,3,0,21,0.033333333,0,0,0,0,0,0,0,0,0,0,10,12,0
99862,93,27035,1,93,25,13,0,1,46,6,0,60,0.1,0,0,0,0,0,0,0,0,0,0,12,69,0
99878,61,457932,1,61,13,31,6,4,1,24,3,21,0.066666667,0,0,0,0,0,0,0,0,0,0,18,37,0
99879,77,346877,1,77,13,9,15,6,24,6,3,9,0.033333333,0,0,0,0,0,0,0,0,0,0,17,77,0
99883,9,346877,1,9,4,3,0,1,0,2,1,9,0.033333333,0,0,0,0,0,0,0,0,0,0,6,9,0
99884,11,457932,1,11,7,2,0,0,1,1,0,21,0.033333333,0,0,0,0,0,0,0,0,0,0,7,11,0
99893,79,457932,1,79,9,31,6,2,27,22,2,21,0.033333333,0,0,0,0,0,0,0,0,0,0,20,79,0
99894,169,502584,2,1,1,0,0,0,0,0,0,143,0.033333333,0,0,0,0,0,0,0,0,0,0,1,1,0
99895,126,346877,6,42,8,13,10,0,4,16,0,9,0.066666667,0,0,0,0,0,0,0,0,0,0,13,34,0
99907,1,457932,1,1,1,0,0,0,0,0,0,21,0.033333333,0,0,0,0,0,0,0,0,0,0,1,1,0
99932,508,399092,1,508,79,67,98,50,10,173,24,101,0.3,0,0,0,0,0,0,46,50,45,173,69,2,0
99941,34,399092,3,1,1,0,0,0,0,0,0,101,0.033333333,0,0,0,0,0,0,0,0,0,0,1,1,0
99944,1,247683,1,1,1,0,0,0,0,0,0,23,0.033333333,0,0,0,0,0,0,0,0,0,0,1,1,0
99956,4,85576,2,2,2,0,0,0,0,0,0,54,0.033333333,0,0,0,0,0,0,0,0,0,0,2,2,0
99975,4,399092,1,4,4,0,0,0,0,0,0,101,0.033333333,0,0,0,0,0,0,0,0,0,0,2,4,0
99984,439,457932,3,82,8,37,0,23,0,21,14,21,0.2,0,0,6,6,0,0,0,0,0,0,23,7,28
99985,31,457932,2,24,7,5,4,1,2,4,0,21,0.033333333,0,0,0,0,0,0,0,0,0,0,9,24,0
99991,2,110497,1,2,2,0,0,0,0,0,0,24,0.033333333,0,0,0,0,0,0,0,0,0,0,2,2,0
99996,199,457932,2,80,12,32,3,15,10,23,6,21,0.033333333,0,0,0,0,0,0,0,0,0,0,15,80,0
100010,2,502584,2,1,1,0,0,0,0,0,0,143,0.033333333,0,0,0,0,0,0,0,0,0,0,1,1,0
100015,737,86829,4,1,1,0,0,0,0,0,0,63,0.033333333,0,0,0,0,0,0,0,0,0,0,1,1,0
100018,18,457932,2,8,3,5,0,0,0,4,0,21,0.033333333,0,0,0,0,0,0,0,0,0,0,5,8,0
100020,98,24979,6,1,1,0,0,0,0,0,0,25,0.033333333,0,0,0,0,0,0,0,0,0,0,1,1,0
100021,2,457932,1,2,2,0,0,0,0,0,0,21,0.033333333,0,0,0,0,0,0,0,0,0,0,2,2,0
100022,15,457932,1,15,1,7,0,5,0,6,2,21,0.033333333,0,0,0,0,0,0,0,0,0,0,6,15,0
100023,80,457932,3,1,1,0,0,0,0,0,0,21,0.033333333,0,0,0,0,0,0,0,0,0,0,1,1,0
100034,34,346877,3,31,2,6,12,5,0,7,4,9,0.033333333,0,0,0,0,0,0,0,0,0,0,13,31,0
100057,147,188602,2,34,2,9,14,3,0,10,2,96,0.066666667,0,0,0,0,0,0,0,0,0,0,13,28,0
100067,56,399092,1,56,22,17,0,12,0,10,5,101,0.066666667,42,0,0,0,0,0,0,0,0,0,12,14,0
100068,151,457932,1,151,24,38,16,31,13,28,19,21,0.1,0,0,0,0,0,0,0,0,0,0,33,74,42
100070,62,457932,1,62,7,30,4,13,0,23,7,21,0.033333333,0,0,0,0,0,0,0,0,0,0,17,62,0
100071,115,457932,3,13,4,3,4,1,0,2,0,21,0.033333333,0,0,0,0,0,0,0,0,0,0,6,13,0
100077,136,247683,3,86,5,44,8,17,0,36,11,23,0.066666667,0,0,0,0,0,0,0,0,0,0,37,77,0
100091,40,457932,2,17,7,2,4,1,2,1,0,21,0.033333333,0,0,0,0,0,0,0,0,0,0,7,17,0
100095,51,502584,2,19,2,5,0,4,0,7,4,143,0.033333333,0,0,0,0,0,0,0,0,0,0,8,19,0
100099,30,399092,2,29,5,10,0,9,0,9,4,101,0.066666667,0,0,0,0,0,0,0,0,0,0,16,29,0
100101,18,85576,1,18,6,5,0,1,0,6,0,54,0.066666667,0,0,0,0,0,0,0,15,0,0,8,3,0
100104,1,188602,1,1,1,0,0,0,0,0,0,96,0.033333333,0,0,0,0,0,0,0,0,0,0,1,1,0
100110,1,261579,1,1,1,0,0,0,0,0,0,5,0.033333333,0,0,0,0,0,0,0,0,0,0,1,1,0
100132,120,346877,2,86,7,23,17,20,0,25,11,9,0.1,0,0,0,0,0,0,0,0,0,0,27,1,52
100134,93,457932,5,40,6,11,3,10,1,10,8,21,0.033333333,0,0,0,0,0,0,0,0,0,0,25,40,0
100145,3,457932,1,3,3,0,0,0,0,0,0,21,0.033333333,0,0,0,0,0,0,0,0,0,0,1,3,0
100151,129,457932,2,112,8,52,4,25,0,42,20,21,0.2,12,17,0,0,0,0,0,0,0,0,37,55,0
100153,9,346877,2,3,1,2,0,0,0,1,0,9,0.033333333,0,0,0,0,0,0,0,0,0,0,3,3,0
100169,7,502584,1,7,3,2,0,1,0,1,1,143,0.033333333,0,0,0,0,0,0,0,0,0,0,5,7,0
100170,677,247683,6,12,2,4,0,3,0,3,3,23,0.066666667,0,0,0,0,0,0,0,0,0,0,9,1,0
100172,1931,457932,4,36,3,13,4,10,0,7,4,21,0.1,0,0,0,0,0,0,0,0,0,0,11,28,0
100193,12,261579,1,12,3,3,0,2,0,4,1,5,0.033333333,0,0,0,0,0,0,0,0,0,0,6,12,0
100212,11,85576,2,10,5,2,0,1,0,1,1,54,0.066666667,0,0,0,0,0,0,0,0,0,0,7,9,0
100214,11,42723,2,1,1,0,0,0,0,0,0,6,0.033333333,0,0,0,0,0,0,0,0,0,0,1,1,0
100224,157,457932,1,157,28,74,2,25,8,47,13,21,0.233333333,0,0,0,0,0,0,0,0,0,0,20,96,19
100239,895,247683,5,31,5,12,6,8,0,7,0,23,0.066666667,0,0,0,0,0,0,0,0,0,0,14,8,0
100269,60,457932,1,60,9,28,12,1,6,23,0,21,0.033333333,0,0,0,0,0,0,0,0,0,0,20,60,0
100290,18,457932,1,18,10,2,3,1,0,2,0,21,0.033333333,0,0,0,0,0,0,0,0,0,0,6,18,0
100320,135,457932,3,11,1,4,3,1,0,3,1,21,0.033333333,0,0,0,0,0,0,0,0,0,0,7,11,0
100328,3,346877,2,1,1,0,0,0,0,0,0,9,0.033333333,0,0,0,0,0,0,0,0,0,0,1,1,0
100334,22,27035,1,22,3,6,0,4,7,3,2,60,0.066666667,0,0,0,0,0,0,0,0,0,0,7,10,12
100337,204,110497,2,45,6,18,5,2,0,20,2,24,0.066666667,0,0,0,0,0,0,0,0,0,0,13,27,0
100338,30,85576,1,30,4,6,10,4,0,5,3,54,0.066666667,0,0,0,0,0,0,0,0,0,0,10,19,11
100339,17,502584,1,17,7,3,0,3,1,3,3,143,0.033333333,0,0,0,0,0,0,0,0,0,0,10,17,0
100344,357,457932,2,17,2,11,3,1,0,6,0,21,0.033333333,0,0,0,0,0,0,0,0,0,0,11,17,0
100362,42,110497,2,1,1,0,0,0,0,0,0,24,0.033333333,0,0,0,0,0,0,0,0,0,0,1,1,0
100366,42,399092,1,42,3,20,0,9,0,22,4,101,0.066666667,0,0,0,0,0,0,0,0,0,0,10,42,0
100384,40,85576,5,2,2,0,0,0,0,0,0,54,0.033333333,0,0,0,0,0,0,0,0,0,0,2,2,0
100394,47,457932,1,47,4,19,4,11,0,13,7,21,0.033333333,0,0,0,0,0,0,0,0,0,0,13,47,0
100396,10,188602,2,9,4,5,0,0,0,2,0,96,0.033333333,0,0,0,0,0,0,0,0,0,0,5,9,0
100408,259,86829,5,29,2,18,0,1,3,17,1,63,0.066666667,0,0,0,0,0,0,0,0,0,0,14,26,0
100417,42,261579,2,1,1,0,0,0,0,0,0,5,0.033333333,0,0,0,0,0,0,0,0,0,0,1,1,0
100428,1062,457932,7,51,3,17,5,14,0,12,11,21,0.066666667,0,0,0,0,0,0,0,0,0,0,17,15,0
100430,117,457932,4,24,3,10,3,5,0,7,3,21,0.066666667,0,0,0,0,0,0,0,0,0,0,10,16,8
100433,41,502584,1,41,5,5,15,4,3,8,4,143,0.033333333,0,0,0,0,0,0,0,0,0,0,14,41,0
100437,42,457932,1,42,7,10,7,7,2,8,5,21,0.033333333,0,0,0,0,0,0,0,0,0,0,19,42,0
100440,16,110497,1,16,6,4,0,3,0,3,3,24,0.033333333,0,0,0,0,0,0,0,0,0,0,10,16,0
100444,7,247683,1,7,2,3,0,1,0,2,1,23,0.033333333,0,0,0,0,0,0,0,0,0,0,6,7,0
100447,2,261579,1,2,2,0,0,0,0,0,0,5,0.033333333,0,0,0,0,0,0,0,0,0,0,2,2,0
100452,27,457932,1,27,7,13,4,0,1,13,0,21,0.066666667,0,0,0,0,0,0,0,0,0,0,11,25,2
100459,7,457932,1,7,3,1,0,1,1,1,1,21,0.033333333,0,0,0,0,0,0,0,0,0,0,6,7,0
100464,53,457932,1,53,5,14,13,11,1,11,9,21,0.033333333,0,0,0,0,0,0,0,0,0,0,28,53,0
100482,6,502584,1,6,2,2,0,1,0,1,1,143,0.033333333,0,0,0,0,0,0,0,0,0,0,5,6,0
100489,19,346877,2,1,1,0,0,0,0,0,0,9,0.033333333,0,0,0,0,0,0,0,0,0,0,1,1,0
100505,13,457932,1,13,2,5,4,1,0,4,1,21,0.033333333,0,0,0,0,0,0,0,0,0,0,9,13,0
100511,33,457932,1,33,11,15,0,4,0,5,3,21,0.033333333,0,0,0,0,0,0,0,0,0,0,12,33,0
100520,41,457932,1,41,6,11,3,10,1,10,8,21,0.033333333,0,0,0,0,0,0,0,0,0,0,26,41,0
100521,24,457932,1,24,7,8,3,1,0,7,0,21,0.066666667,0,0,0,0,0,0,0,0,0,0,9,21,3
100524,124,188602,2,2,2,0,0,0,0,0,0,96,0.033333333,0,0,0,0,0,0,0,0,0,0,2,2,0
100529,14,457932,1,14,2,4,5,0,1,3,0,21,0.033333333,0,0,0,0,0,0,0,0,0,0,7,14,0
100533,87,42723,2,78,10,20,6,17,9,16,11,6,0.066666667,0,0,0,0,0,0,0,0,0,0,25,66,0
100534,21,457932,1,21,5,7,6,0,0,4,1,21,0.033333333,0,0,0,0,0,0,0,0,0,0,11,21,0
100551,136,457932,4,2,2,0,0,0,0,0,0,21,0.033333333,0,0,0,0,0,0,0,0,0,0,1,2,0
100553,220,110497,7,1,1,0,0,0,0,0,0,24,0.033333333,0,0,0,0,0,0,0,0,0,0,1,1,0
100579,95,457932,1,95,14,49,23,4,1,42,2,21,0.1,0,0,0,0,0,0,0,0,0,0,24,25,0
100588,19,110497,1,19,7,5,0,1,0,8,1,24,0.066666667,0,0,0,0,0,4,0,0,0,0,9,15,0
100590,21,457932,1,21,3,9,2,4,0,8,3,21,0.033333333,0,0,0,0,0,0,0,0,0,0,11,21,0
100591,30,457932,1,30,7,8,2,6,3,5,3,21,0.033333333,0,0,0,0,0,0,0,0,0,0,16,30,0
100599,23,86829,2,16,7,5,0,2,0,5,2,63,0.1,0,1,0,0,0,0,0,0,0,0,8,5,0
100604,42,346877,2,41,3,9,12,1,12,9,1,9,0.033333333,0,0,0,0,0,0,0,0,0,0,12,41,0
100615,83,188602,2,82,6,24,15,18,4,17,10,96,0.1,0,0,0,0,0,0,0,0,0,0,27,5,0
100639,15,457932,1,15,3,5,4,1,0,4,1,21,0.033333333,0,0,0,0,0,0,0,0,0,0,9,15,0
100642,5,346877,1,5,2,3,0,0,0,2,0,9,0.033333333,0,0,0,0,0,0,0,0,0,0,5,5,0
100643,16,261579,2,4,2,2,0,0,0,1,0,5,0.033333333,0,0,0,0,0,0,0,0,0,0,4,4,0
100650,525,457932,5,17,1,5,4,3,0,5,2,21,0.033333333,0,0,0,0,0,0,0,0,0,0,9,17,0
100653,303,27035,3,5,2,2,0,1,0,1,0,60,0.033333333,0,0,0,0,0,0,0,0,0,0,4,5,0
100654,7,399092,1,7,7,0,0,0,0,0,0,101,0.066666667,0,0,0,0,0,0,0,0,0,0,2,6,1
100660,13,457932,1,13,1,4,3,3,0,3,2,21,0.033333333,0,0,0,0,0,0,0,0,0,0,8,13,0
100664,32,27035,2,17,4,3,0,3,0,2,2,60,0.033333333,0,0,0,0,0,0,0,0,0,0,6,17,0
100667,145,261579,5,18,1,10,0,1,0,12,1,5,0.033333333,0,0,0,0,0,0,0,0,0,0,9,18,0
100669,9,110497,1,9,3,4,0,1,0,3,1,24,0.033333333,0,0,0,0,0,0,0,0,0,0,6,9,0
100690,62,85576,3,1,1,0,0,0,0,0,0,54,0.033333333,0,0,0,0,0,0,0,0,0,0,1,1,0
100696,25,457932,1,25,3,8,3,6,0,6,4,21,0.033333333,0,0,0,0,0,0,0,0,0,0,14,25,0
100715,242,85576,3,7,1,5,0,1,0,2,0,54,0.033333333,0,0,0,0,0,0,0,0,0,0,4,7,0
100718,123,457932,1,123,10,27,19,22,17,19,15,21,0.1,0,0,0,0,0,0,0,0,0,0,32,31,84
100725,242,502584,3,5,3,0,0,0,1,0,0,143,0.033333333,0,0,0,0,0,0,0,0,0,0,4,5,0
100729,81,399092,2,53,7,11,14,8,0,19,0,101,0.1,0,0,0,0,0,0,0,0,0,0,9,15,0
100738,6,457932,1,6,6,0,0,0,0,0,0,21,0.066666667,0,0,0,0,0,0,0,0,0,0,2,2,4
100745,239,346877,2,15,4,8,0,2,0,4,1,9,0.033333333,0,0,0,0,0,0,0,0,0,0,6,15,0
100746,16,457932,1,16,3,4,4,2,0,3,1,21,0.033333333,0,0,0,0,0,0,0,0,0,0,8,16,0
100774,93,346877,3,7,2,3,0,2,0,2,0,9,0.033333333,0,0,0,0,0,0,0,0,0,0,5,7,0
100778,450,346877,8,81,15,20,18,9,5,17,3,9,0.066666667,0,0,0,0,0,0,0,0,0,0,16,77,4
100806,24,457932,2,16,1,6,3,3,0,5,2,21,0.033333333,0,0,0,0,0,0,0,0,0,0,8,16,0
100830,14,247683,1,14,1,8,0,3,0,5,2,23,0.033333333,0,0,0,0,0,0,0,0,0,0,7,14,0
100837,15,457932,1,15,3,4,4,2,0,3,1,21,0.033333333,0,0,0,0,0,0,0,0,0,0,6,15,0
100849,34,188602,3,24,2,7,0,6,0,8,6,96,0.033333333,0,0,0,0,0,0,0,0,0,0,15,24,0
100850,186,457932,1,186,12,66,32,41,2,51,27,21,0.166666667,0,0,0,0,0,0,53,0,35,0,66,56,57
100865,163,457932,1,163,25,49,18,20,23,39,13,21,0.133333333,0,0,0,0,0,0,0,0,0,0,32,58,16
100888,61,346877,1,61,6,26,5,10,6,19,6,9,0.1,0,0,0,0,0,0,0,0,0,9,16,26,0
100924,60,457932,1,60,2,24,4,17,0,21,13,21,0.066666667,0,0,0,0,0,0,0,0,0,0,19,36,24
100929,1,457932,1,1,1,0,0,0,0,0,0,21,0.033333333,0,0,0,0,0,0,0,0,0,0,1,1,0
100937,324,457932,8,25,4,13,3,2,0,9,2,21,0.066666667,9,0,0,0,0,0,0,0,0,0,10,16,0
100961,1,346877,1,1,1,0,0,0,0,0,0,9,0.033333333,0,0,0,0,0,0,0,0,0,0,1,1,0
100962,3,399092,1,3,3,0,0,0,0,0,0,101,0.033333333,0,0,0,0,0,0,0,0,0,0,2,3,0
100977,142,247683,2,14,7,6,0,0,1,6,0,23,0.033333333,0,0,0,0,0,0,0,0,0,0,10,14,0
100981,5,247683,1,5,3,2,0,0,0,1,0,23,0.066666667,0,0,0,0,0,0,0,0,0,0,3,4,1
100991,32,457932,5,1,1,0,0,0,0,0,0,21,0.033333333,0,0,0,0,0,0,0,0,0,0,1,1,0
100995,1160,188602,13,43,2,10,0,4,25,3,2,96,0.266666667,0,0,2,1,0,3,0,0,0,0,5,27,6
101004,62,457932,1,62,6,13,8,10,11,9,6,21,0.033333333,0,0,0,0,0,0,0,0,0,0,22,62,0
101011,324,346877,8,1,1,0,0,0,0,0,0,9,0.033333333,0,0,0,0,0,0,0,0,0,0,1,1,0
101026,5,127749,2,1,1,0,0,0,0,0,0,102,0.033333333,0,0,0,0,0,0,0,0,0,0,1,1,0
101032,3,247683,2,2,2,0,0,0,0,0,0,23,0.033333333,0,0,0,0,0,0,0,0,0,0,2,2,0
101035,2,188602,1,2,2,0,0,0,0,0,0,96,0.033333333,0,0,0,0,0,0,0,0,0,0,2,2,0
101037,3,127749,2,1,1,0,0,0,0,0,0,102,0.033333333,0,0,0,0,0,0,0,0,0,0,1,1,0
101043,3,457932,1,3,3,0,0,0,0,0,0,21,0.033333333,0,0,0,0,0,0,0,0,0,0,3,3,0
101065,23,457932,1,23,1,10,5,5,0,9,1,21,0.033333333,0,0,0,0,0,0,0,0,0,0,8,23,0
101076,26,86829,1,26,4,4,8,3,0,7,2,63,0.066666667,0,0,0,0,0,0,0,0,0,0,13,24,2
101079,529,457932,4,114,13,39,12,22,0,29,10,21,0.133333333,0,0,0,0,0,0,0,0,0,0,31,70,32
101080,698,457932,5,1,1,0,0,0,0,0,0,21,0.033333333,0,0,0,0,0,0,0,0,0,0,1,1,0
101085,77,457932,2,48,5,19,3,10,1,18,8,21,0.033333333,0,0,0,0,0,0,0,0,0,0,24,48,0
101088,7,346877,1,7,2,3,0,1,0,2,1,9,0.033333333,0,0,0,0,0,0,0,0,0,0,5,7,0
101093,116,247683,4,19,2,17,0,0,0,14,0,23,0.033333333,0,0,0,0,0,0,0,0,0,0,17,19,0
101111,66,346877,3,44,5,8,15,1,0,20,0,9,0.066666667,0,0,0,0,0,0,0,0,0,0,12,38,6
101120,18,457932,2,1,1,0,0,0,0,0,0,21,0.033333333,0,0,0,0,0,0,0,0,0,0,1,1,0
101121,65,27035,3,1,1,0,0,0,0,0,0,60,0.033333333,0,0,0,0,0,0,0,0,0,0,1,1,0
101127,32,399092,1,32,7,12,0,8,0,7,1,101,0.066666667,0,0,0,0,0,0,0,0,0,0,12,2,30
101148,53,457932,2,32,1,11,2,10,0,10,8,21,0.033333333,0,0,0,0,0,0,0,0,0,0,21,32,0
101172,246,346877,2,1,1,0,0,0,0,0,0,9,0.033333333,0,0,0,0,0,0,0,0,0,0,1,1,0
101178,15,85576,3,3,3,0,0,0,0,0,0,54,0.066666667,1,0,0,0,0,0,0,0,0,0,2,2,1
101183,14,85168,2,11,2,3,0,1,1,4,1,139,0.033333333,0,0,0,0,0,0,0,0,0,0,6,11,0
101188,178,86829,6,26,3,8,6,7,0,9,0,63,0.066666667,0,0,0,0,24,0,0,0,0,0,11,26,0
101193,782,457932,5,38,1,22,3,8,0,13,3,21,0.033333333,0,0,0,0,0,0,0,0,0,0,14,38,0
101199,98,27035,5,13,1,4,0,3,0,2,2,60,0.033333333,0,0,0,0,0,0,0,0,0,0,5,13,0
101200,28,457932,1,28,7,10,0,7,0,5,4,21,0.066666667,0,0,0,0,0,0,0,0,0,0,9,19,9
101202,94,457932,2,15,2,5,1,4,0,5,2,21,0.033333333,0,0,0,0,0,0,0,0,0,0,9,15,0
101206,10,457932,3,1,1,0,0,0,0,0,0,21,0.033333333,0,0,0,0,0,0,0,0,0,0,1,1,0
101209,28,457932,1,28,8,12,0,5,0,7,3,21,0.033333333,0,0,0,0,0,0,0,0,0,0,8,28,0
101210,7,346877,3,4,3,0,0,0,0,0,0,9,0.033333333,0,0,0,0,0,0,0,0,0,0,3,4,0
101216,1,261579,1,1,1,0,0,0,0,0,0,5,0.033333333,0,0,0,0,0,0,0,0,0,0,1,1,0
101234,370,86829,5,124,4,18,68,15,0,22,8,63,0.066666667,0,0,0,0,0,0,0,0,0,0,44,38,0
101238,5,188602,1,5,1,3,0,1,0,2,0,96,0.033333333,0,0,0,0,0,0,0,0,0,0,3,5,0
101251,3,457932,1,3,3,0,0,0,0,0,0,21,0.033333333,0,0,0,0,0,0,0,0,0,0,2,3,0
101256,28,399092,1,28,2,8,3,7,0,9,3,101,0.033333333,0,0,0,0,0,0,0,0,0,0,13,28,0
101271,1,457932,1,1,1,0,0,0,0,0,0,21,0.033333333,0,0,0,0,0,0,0,0,0,0,1,1,0
101276,5,261579,1,5,1,2,0,1,0,1,1,5,0.033333333,0,0,0,0,0,0,0,0,0,0,4,5,0
101288,34,261579,1,34,12,7,0,7,0,15,0,5,0.066666667,0,0,0,0,0,0,0,0,0,0,8,14,20
101291,43,261579,2,5,1,2,0,1,0,1,1,5,0.033333333,0,0,0,0,0,0,0,0,0,0,4,5,0
101293,16,261579,1,16,4,7,0,3,0,4,2,5,0.033333333,0,0,0,0,0,0,0,0,0,0,8,16,0
101298,14,261579,1,14,3,7,0,2,0,6,2,5,0.033333333,0,0,0,0,0,0,0,0,0,0,8,14,0
101318,17,261579,1,17,5,6,0,2,0,3,2,5,0.033333333,0,0,0,0,0,0,0,0,0,0,8,17,0
101335,9,261579,1,9,2,5,0,1,0,4,1,5,0.033333333,0,0,0,0,0,0,0,0,0,0,6,9,0
101379,181,261579,5,49,12,28,0,0,7,16,0,5,0.033333333,0,0,0,0,0,0,0,0,0,0,18,49,0
101386,17,261579,1,17,4,9,0,1,0,7,1,5,0.033333333,0,0,0,0,0,0,0,0,0,0,8,17,0
101404,8,261579,1,8,5,2,0,1,0,1,0,5,0.033333333,0,0,0,0,0,0,0,0,0,0,6,8,0
101405,6,261579,1,6,2,2,0,1,0,1,1,5,0.033333333,0,0,0,0,0,0,0,0,0,0,5,6,0
101410,16,261579,1,16,6,6,0,2,0,3,2,5,0.066666667,0,0,0,0,0,0,0,0,0,0,8,6,10
101419,2,261579,1,2,2,0,0,0,0,0,0,5,0.033333333,0,0,0,0,0,0,0,0,0,0,2,2,0
101427,475,261579,5,5,1,2,0,1,0,1,1,5,0.033333333,0,0,0,0,0,0,0,0,0,0,4,5,0
101452,149,148039,3,38,3,9,4,7,0,12,3,18,0.1,0,0,0,0,19,13,0,0,0,0,15,6,0
101456,14,148039,1,14,6,5,0,1,0,2,1,18,0.066666667,0,0,0,0,8,6,0,0,0,0,9,8,6
101470,237,652701,2,70,15,21,9,12,1,7,4,3,0.1,0,0,0,0,29,0,0,0,0,0,21,25,0
101474,15,221833,1,15,3,4,0,3,2,3,3,58,0.033333333,0,0,0,0,15,0,0,0,0,0,10,15,0
101500,8,148039,1,8,2,4,0,1,0,3,1,18,0.033333333,0,0,0,0,0,8,0,0,0,0,6,8,0
101529,19,652701,1,19,7,5,0,3,1,2,2,3,0.033333333,0,0,0,0,19,0,0,0,0,0,9,19,0
101538,80,652701,1,80,13,34,15,2,3,22,2,3,0.1,0,0,0,0,35,0,0,0,0,0,23,41,0
101539,493,652701,2,127,18,31,9,22,28,12,8,3,0.266666667,0,0,60,0,13,4,0,0,0,0,29,27,17
101544,24,652701,1,24,6,8,0,6,0,4,4,3,0.033333333,0,0,0,0,24,0,0,0,0,0,11,24,0
101545,3,652701,1,3,2,1,0,0,0,1,0,3,0.033333333,0,0,0,0,3,0,0,0,0,0,3,3,0
101555,9,148039,3,5,5,0,0,0,0,0,0,18,0.133333333,0,0,0,0,0,2,1,0,0,0,2,2,1
101558,11,652701,1,11,4,4,0,2,0,1,1,3,0.066666667,0,0,0,0,7,0,4,0,0,0,7,7,0
101560,23,148039,2,22,9,6,0,4,0,3,3,18,0.066666667,0,0,0,0,21,1,0,0,0,0,10,21,1
101563,12,652701,1,12,5,3,0,2,0,2,1,3,0.033333333,0,0,0,0,12,0,0,0,0,0,9,12,0
101570,4,652701,1,4,4,0,0,0,0,0,0,3,0.033333333,0,0,0,0,4,0,0,0,0,0,3,4,0
101571,163,652701,2,34,6,9,3,6,5,3,2,3,0.133333333,0,0,0,0,12,0,0,0,0,0,14,1,0
101590,1160,652701,2,92,14,24,17,12,11,4,0,3,0.133333333,0,0,0,0,8,0,0,0,0,0,13,24,0
101593,24,652701,1,24,11,4,0,4,0,4,4,3,0.033333333,0,0,0,0,24,0,0,0,0,0,12,24,0
101602,17,41550,1,17,2,6,0,5,0,7,1,21,0.033333333,0,0,0,0,0,0,0,0,0,0,8,17,0
101605,22,652701,1,22,7,12,0,1,0,9,0,3,0.066666667,0,0,0,0,19,3,0,0,0,0,11,19,3
101606,78,652701,2,20,1,7,0,6,0,6,6,3,0.033333333,0,0,0,0,20,0,0,0,0,0,14,20,0
101610,26,652701,1,26,6,5,0,4,2,4,3,3,0.033333333,0,0,0,0,26,0,0,0,0,0,11,26,0
101625,1,652701,1,1,1,0,0,0,0,0,0,3,0.033333333,0,0,0,0,1,0,0,0,0,0,1,1,0
101637,93,652701,2,88,29,34,7,5,1,23,2,3,0.066666667,0,0,0,0,56,0,0,32,0,0,22,56,0
101646,6,652701,1,6,2,2,0,1,0,1,1,3,0.033333333,0,0,0,0,6,0,0,0,0,0,5,6,0
101676,13,652701,2,7,1,3,0,2,0,2,1,3,0.033333333,0,0,0,0,7,0,0,0,0,0,4,7,0
101694,179,652701,1,179,22,55,10,29,42,28,12,3,0.133333333,0,0,0,0,64,0,0,0,0,0,25,1,91
101706,199,652701,3,6,2,2,0,1,0,1,1,3,0.033333333,0,0,0,0,6,0,0,0,0,0,4,6,0
101716,54,652701,1,54,7,16,5,13,1,11,10,3,0.033333333,0,0,0,0,54,0,0,0,0,0,25,54,0
101735,12,41550,1,12,4,4,0,3,0,3,1,21,0.033333333,0,0,0,0,0,0,0,0,0,0,7,12,0
101741,1364,652701,9,238,33,79,20,57,5,37,28,3,0.133333333,0,0,0,110,71,0,0,0,0,0,31,50,0
101750,99,652701,1,99,27,24,1,15,10,2,1,3,0.166666667,0,0,0,0,13,0,0,0,0,0,14,18,76
101759,94,652701,2,93,16,30,9,20,1,12,6,3,0.1,0,0,0,0,42,0,0,0,0,0,25,47,0
101764,77,148039,2,2,2,0,0,0,0,0,0,18,0.033333333,0,0,0,0,0,2,0,0,0,0,2,2,0
101770,10,652701,1,10,2,5,0,2,0,2,1,3,0.033333333,0,0,0,0,10,0,0,0,0,0,5,10,0
101797,52,148039,5,22,3,11,0,4,0,10,4,18,0.066666667,0,0,0,0,0,21,0,0,0,0,10,1,0
101799,1,41550,1,1,1,0,0,0,0,0,0,21,0.033333333,0,0,0,0,0,0,0,0,0,0,1,1,0
101815,16,652701,1,16,1,7,0,4,0,6,4,3,0.066666667,0,0,0,0,12,4,0,0,0,0,11,12,4
101832,15,652701,1,15,8,2,0,1,2,1,1,3,0.033333333,0,0,0,0,15,0,0,0,0,0,8,15,0
101843,69,652701,1,69,11,23,6,17,0,13,9,3,0.066666667,0,0,0,0,55,14,0,0,0,0,23,55,14
101844,74,148039,1,74,8,29,2,22,0,20,8,18,0.166666667,0,0,8,0,0,1,41,19,5,0,18,8,0
101854,157,652701,1,157,26,35,6,24,26,1,0,3,0.4,0,9,0,0,6,0,0,0,0,0,20,37,8
101859,13,652701,2,8,2,3,0,2,0,2,1,3,0.033333333,0,0,0,0,8,0,0,0,0,0,6,8,0
101863,4,652701,1,4,2,2,0,0,0,1,0,3,0.033333333,0,0,0,0,4,0,0,0,0,0,4,4,0
101870,237,652701,4,93,7,34,5,17,14,20,8,3,0.1,0,0,0,0,69,0,0,0,0,0,28,15,9
101876,1,652701,1,1,1,0,0,0,0,0,0,3,0.033333333,0,0,0,0,1,0,0,0,0,0,1,1,0
101882,5,652701,1,5,1,2,0,1,0,1,1,3,0.033333333,0,0,0,0,5,0,0,0,0,0,4,5,0
101886,15,652701,1,15,2,6,0,4,0,3,3,3,0.066666667,0,0,0,0,5,10,0,0,0,0,9,5,10
101897,79,652701,1,79,11,21,16,13,2,0,0,3,0.1,0,0,0,0,0,1,0,0,0,0,9,72,0
101911,53,652701,1,53,12,20,0,13,0,4,3,3,0.166666667,0,0,0,0,0,14,0,0,0,0,20,4,2
101918,66,652701,1,66,10,19,11,14,0,13,9,3,0.066666667,0,0,0,0,40,26,0,0,0,0,26,40,26
101936,35,652701,1,35,6,15,0,9,0,2,2,3,0.166666667,0,0,0,0,0,11,0,0,0,0,10,25,0
101940,844,652701,3,63,6,17,10,12,8,14,8,3,0.033333333,0,0,0,0,0,63,0,0,0,0,26,63,0
101968,87,652701,3,24,7,10,0,4,1,7,1,3,0.066666667,0,0,0,0,0,21,0,3,0,0,11,21,0
101976,30,652701,2,12,5,3,0,2,0,2,2,3,0.033333333,0,0,0,0,0,12,0,0,0,0,9,12,0
101978,9,652701,1,9,6,1,0,1,0,1,1,3,0.033333333,0,0,0,0,0,9,0,0,0,0,6,9,0
101985,68,652701,2,67,8,21,1,17,0,12,9,3,0.066666667,0,0,0,0,0,40,0,0,0,0,27,27,0
101986,8,652701,1,8,2,5,0,0,1,2,0,3,0.033333333,0,0,0,0,0,8,0,0,0,0,5,8,0
101995,11,652701,1,11,5,2,0,2,0,2,2,3,0.033333333,0,0,0,0,0,11,0,0,0,0,9,11,0
102011,6,221833,1,6,2,2,0,1,0,1,1,58,0.033333333,0,0,0,0,0,6,0,0,0,0,4,6,0
102013,5,652701,1,5,2,0,0,0,3,0,0,3,0.033333333,0,0,0,0,0,5,0,0,0,0,3,5,0
102022,407,148039,2,6,1,3,0,1,0,2,1,18,0.033333333,0,0,0,0,0,0,6,0,0,0,5,6,0
102026,7,652701,1,7,6,0,0,0,0,0,0,3,0.033333333,0,0,0,0,0,7,0,0,0,0,4,7,0
102040,168,652701,1,168,21,34,17,25,23,13,8,3,0.166666667,89,0,0,0,0,62,12,0,0,0,31,5,89
102046,812,652701,5,199,35,48,10,34,19,10,7,3,0.433333333,0,0,0,0,0,38,0,0,0,0,29,24,51
102056,20,221833,1,20,7,7,0,4,0,2,2,58,0.066666667,0,0,11,0,0,9,0,0,0,0,8,11,0
102057,2,41550,1,2,2,0,0,0,0,0,0,21,0.033333333,0,0,0,0,0,0,0,0,0,0,2,2,0
102062,2,652701,1,2,2,0,0,0,0,0,0,3,0.033333333,0,0,0,0,0,2,0,0,0,0,1,2,0
102063,114,652701,2,87,17,18,12,14,3,8,7,3,0.1,0,0,0,0,0,27,0,0,0,0,23,5,27
102065,83,652701,3,52,9,12,0,5,20,7,5,3,0.066666667,0,0,0,0,0,44,8,0,0,0,16,44,8
102072,2,652701,1,2,2,0,0,0,0,0,0,3,0.033333333,0,0,0,0,0,2,0,0,0,0,2,2,0
102081,70,652701,2,69,13,25,1,2,13,5,0,3,0.133333333,0,0,0,0,0,12,0,0,0,0,16,32,0
102083,17,652701,1,17,9,2,0,1,3,1,1,3,0.033333333,0,0,0,0,0,17,0,0,0,0,8,17,0
102094,14,652701,1,14,6,5,0,2,0,2,0,3,0.033333333,0,0,0,0,0,14,0,0,0,0,6,14,0
102096,26,652701,1,26,4,11,0,6,0,4,3,3,0.1,0,0,0,0,0,13,0,0,0,0,14,26,0
102101,143,652701,4,8,3,3,0,1,0,2,1,3,0.066666667,0,0,0,0,0,6,0,0,0,0,5,2,0
102107,42,652701,1,42,8,11,0,8,8,4,4,3,0.066666667,0,0,0,0,0,31,0,0,0,0,16,11,0
102110,2,221833,2,1,1,0,0,0,0,0,0,58,0.033333333,0,0,0,0,0,1,0,0,0,0,1,1,0
102115,407,221833,21,107,12,48,0,27,0,33,12,58,0.2,0,0,0,0,0,13,0,0,0,0,24,9,0
102126,2,221833,2,1,1,0,0,0,0,0,0,58,0.033333333,0,0,0,0,0,1,0,0,0,0,1,1,0
102152,346,652701,1,346,62,50,22,38,111,13,9,3,0.5,22,57,73,8,6,1,0,0,0,0,38,9,130
102157,52,652701,2,9,2,3,0,2,1,2,1,3,0.033333333,0,0,0,0,0,9,0,0,0,0,6,9,0
102163,230,148039,2,9,2,3,0,2,0,2,2,18,0.033333333,0,0,0,0,0,0,9,0,0,0,7,9,0
102174,6,221833,3,2,2,0,0,0,0,0,0,58,0.033333333,0,0,0,0,0,2,0,0,0,0,2,2,0
102179,59,652701,1,59,11,7,17,5,11,3,2,3,0.066666667,0,0,0,0,0,12,0,0,0,0,15,47,0
102186,12,652701,1,12,2,3,4,1,0,2,0,3,0.033333333,0,0,0,0,0,12,0,0,0,0,6,12,0
102200,361,652701,2,63,7,25,5,15,0,15,9,3,0.133333333,0,0,0,0,0,46,7,0,0,0,24,6,4
102206,85,652701,1,85,15,25,15,10,10,6,6,3,0.1,0,0,0,0,0,36,0,0,0,0,19,74,11
102231,139,221833,3,43,1,8,7,7,1,16,4,58,0.033333333,0,0,0,0,0,43,0,0,0,0,17,43,0
102234,109,652701,1,109,26,23,13,2,32,2,0,3,0.133333333,0,45,0,0,0,6,0,0,0,0,17,31,0
102258,43,652701,1,43,5,12,3,10,2,9,8,3,0.066666667,0,0,0,0,9,34,0,0,0,0,21,9,34
102260,123,148039,3,31,3,12,0,7,0,10,6,18,0.066666667,0,0,0,0,0,0,7,0,0,0,14,24,0
102269,13,652701,1,13,3,2,0,1,6,1,1,3,0.033333333,0,0,0,0,0,13,0,0,0,0,5,13,0
102273,3,652701,1,3,2,0,0,0,1,0,0,3,0.033333333,0,0,0,0,0,3,0,0,0,0,3,3,0
102297,41,652701,1,41,10,20,0,3,6,4,1,3,0.233333333,3,0,0,0,0,0,10,0,0,0,9,12,10
102298,759,41550,2,1,1,0,0,0,0,0,0,21,0.033333333,0,0,0,0,0,0,0,0,0,0,1,1,0
102299,7,652701,1,7,2,3,0,1,0,2,1,3,0.033333333,0,0,0,0,0,0,7,0,0,0,5,7,0
102315,54,399092,2,3,3,0,0,0,0,0,0,101,0.033333333,0,0,0,0,0,0,0,0,0,0,2,3,0
102316,2,502584,1,2,2,0,0,0,0,0,0,143,0.033333333,0,0,0,0,0,0,0,0,0,0,2,2,0
102327,2,399092,1,2,2,0,0,0,0,0,0,101,0.033333333,0,0,0,0,0,0,0,0,0,0,1,2,0
102339,4,502584,1,4,1,2,0,1,0,1,0,143,0.033333333,0,0,0,0,0,0,0,0,0,0,3,4,0
102346,168,261579,2,130,15,43,0,23,36,32,10,5,0.233333333,0,0,0,0,0,0,0,5,0,0,22,25,0
102361,12,399092,2,10,4,6,0,0,0,5,0,101,0.1,0,0,0,0,0,0,0,0,0,0,5,5,0
102372,388,261579,3,27,1,10,0,8,0,9,8,5,0.033333333,0,0,0,0,0,0,0,0,0,0,13,27,0
102376,8,399092,2,3,3,0,0,0,0,0,0,101,0.033333333,0,0,0,0,0,0,0,0,0,0,1,3,0
102388,125,399092,5,3,3,0,0,0,0,0,0,101,0.033333333,0,0,0,0,0,0,0,0,0,0,2,3,0
102400,4,399092,1,4,4,0,0,0,0,0,0,101,0.033333333,0,0,0,0,0,0,0,0,0,0,2,4,0
102401,32,502584,1,32,4,7,7,1,8,5,0,143,0.066666667,0,0,0,0,0,0,0,0,0,0,5,4,28
102422,2,261579,1,2,2,0,0,0,0,0,0,5,0.033333333,0,0,0,0,0,0,0,0,0,0,2,2,0
102434,24,502584,1,24,4,4,0,1,0,15,0,143,0.033333333,0,0,0,0,0,0,0,0,0,0,6,24,0
102437,28,261579,1,28,3,9,0,8,0,8,8,5,0.033333333,0,0,0,0,0,0,0,0,0,0,15,28,0
102438,20,399092,2,19,4,7,0,6,0,6,2,101,0.066666667,0,0,0,0,0,0,0,0,0,0,10,2,17
102454,9,261579,1,9,3,2,0,1,0,2,1,5,0.033333333,0,0,0,0,0,0,0,0,0,0,5,9,0
102459,8,261579,1,8,2,3,0,2,0,2,1,5,0.033333333,0,0,0,0,0,0,0,0,0,0,5,8,0
102467,6,261579,1,6,2,3,0,1,0,2,0,5,0.033333333,0,0,0,0,0,0,0,0,0,0,4,6,0
102475,188,399092,3,1,1,0,0,0,0,0,0,101,0.033333333,0,0,0,0,0,0,0,0,0,0,1,1,0
102486,16,502584,1,16,5,4,0,3,0,3,3,143,0.033333333,0,0,0,0,0,0,0,0,0,0,11,16,0
102512,7,399092,1,7,7,0,0,0,0,0,0,101,0.066666667,0,0,0,0,0,0,0,0,0,0,2,7,0
102527,6,261579,1,6,2,2,0,1,0,1,1,5,0.033333333,0,0,0,0,0,0,0,0,0,0,5,6,0
102532,961,261579,11,44,18,14,0,9,0,4,3,5,0.166666667,0,0,0,4,0,0,0,0,0,0,10,20,0
102547,1,261579,1,1,1,0,0,0,0,0,0,5,0.033333333,0,0,0,0,0,0,0,0,0,0,1,1,0
102561,65,502584,2,8,4,1,0,1,0,2,1,143,0.033333333,0,0,0,0,0,0,0,0,0,0,7,8,0
102562,2,399092,1,2,2,0,0,0,0,0,0,101,0.033333333,0,0,0,0,0,0,0,0,0,0,2,2,0
102578,231,399092,3,10,10,0,0,0,0,0,0,101,0.066666667,0,0,0,0,0,0,0,0,0,0,2,2,8
102579,117,502584,5,12,3,2,0,1,0,4,1,143,0.066666667,0,0,0,0,0,0,0,0,0,0,5,11,0
102582,35,502584,1,35,4,16,0,6,1,15,4,143,0.1,0,0,0,0,0,0,0,0,0,0,8,15,20
102588,23,399092,1,23,8,11,0,1,3,6,0,101,0.033333333,0,0,0,0,0,0,0,0,0,0,9,23,0
102590,20,502584,2,1,1,0,0,0,0,0,0,143,0.033333333,0,0,0,0,0,0,0,0,0,0,1,1,0
102623,94,261579,2,86,3,28,0,26,0,29,24,5,0.1,0,0,0,0,0,0,0,0,0,0,32,1,85
102631,37,399092,1,37,5,15,0,12,1,10,4,101,0.033333333,0,0,0,0,0,0,0,0,0,0,15,37,0
102638,4,399092,1,4,4,0,0,0,0,0,0,101,0.033333333,0,0,0,0,0,0,0,0,0,0,2,4,0
102643,11,502584,1,11,2,5,0,2,0,4,2,143,0.033333333,0,0,0,0,0,0,0,0,0,0,5,11,0
102648,121,261579,2,1,1,0,0,0,0,0,0,5,0.033333333,0,0,0,0,0,0,0,0,0,0,1,1,0
102652,12,261579,1,12,6,4,0,1,0,1,1,5,0.033333333,0,0,0,0,0,0,0,0,0,0,6,12,0
102654,2,261579,1,2,2,0,0,0,0,0,0,5,0.033333333,0,0,0,0,0,0,0,0,0,0,2,2,0
102657,21,399092,1,21,13,4,0,3,0,3,1,101,0.066666667,0,0,0,0,0,0,0,0,0,0,7,8,0
102665,1,24979,1,1,1,0,0,0,0,0,0,25,0.033333333,0,0,0,0,0,0,0,0,0,0,1,1,0
102673,46,502584,1,46,5,7,17,1,5,11,1,143,0.033333333,0,0,0,0,0,0,0,0,0,0,15,46,0
102674,22,261579,3,1,1,0,0,0,0,0,0,5,0.033333333,0,0,0,0,0,0,0,0,0,0,1,1,0
102675,14,399092,1,14,14,0,0,0,0,0,0,101,0.1,0,0,0,0,0,0,0,0,0,0,4,11,0
102679,65,261579,1,65,7,28,0,17,0,19,13,5,0.166666667,0,0,0,0,0,0,0,0,0,10,22,29,0
102685,230,24979,2,4,3,0,0,0,1,0,0,25,0.033333333,0,0,0,0,0,0,0,0,0,0,4,4,0
102704,7,399092,1,7,4,2,0,1,0,1,0,101,0.033333333,0,0,0,0,0,0,0,0,0,0,4,7,0
102706,326,261579,3,1,1,0,0,0,0,0,0,5,0.033333333,0,0,0,0,0,0,0,0,0,0,1,1,0
102713,9,502584,1,9,4,0,0,0,3,0,0,143,0.066666667,0,0,0,0,0,0,0,0,0,0,3,3,0
102716,13,399092,1,13,8,1,0,1,0,2,1,101,0.066666667,0,0,0,0,0,0,0,0,0,0,6,12,0
102748,132,502584,2,128,8,35,15,2,13,62,2,143,0.133333333,0,0,0,0,0,14,0,0,0,0,34,11,0
102751,5,399092,1,5,5,0,0,0,0,0,0,101,0.033333333,0,0,0,0,0,0,0,0,0,0,2,5,0
102752,1581,261579,4,2,2,0,0,0,0,0,0,5,0.066666667,0,0,0,0,0,0,0,0,1,0,2,1,0
102755,8,502584,1,8,3,2,0,1,0,1,1,143,0.033333333,0,0,0,0,0,0,0,0,0,0,6,8,0
102756,170,502584,5,1,1,0,0,0,0,0,0,143,0.033333333,0,0,0,0,0,0,0,0,0,0,1,1,0
102764,73,261579,2,30,6,10,0,8,0,7,6,5,0.066666667,0,0,0,0,0,0,0,0,0,0,13,7,23
102771,378,399092,1,378,17,43,136,31,2,95,16,101,0.2,88,0,0,0,0,0,0,0,0,0,68,172,90
102775,14,399092,1,14,7,4,0,3,0,3,0,101,0.033333333,0,0,0,0,0,0,0,0,0,0,5,14,0
102794,27,21560,1,27,4,13,0,6,0,11,3,9,0.033333333,0,0,0,0,0,0,27,0,0,0,9,27,0
102796,1168,21216,7,6,1,3,0,1,0,2,1,19,0.033333333,0,0,0,0,0,0,0,0,0,0,4,6,0
102799,14,148500,1,14,6,2,0,1,4,1,1,29,0.033333333,0,0,0,14,0,0,0,0,0,0,8,14,0
102813,13,21216,1,13,3,6,0,2,0,3,2,19,0.033333333,0,0,0,0,0,0,0,0,0,0,8,13,0
102817,6,21560,1,6,2,2,0,1,0,1,1,9,0.033333333,0,0,0,0,0,0,6,0,0,0,5,6,0
102833,26,148500,2,13,2,9,0,1,0,8,1,29,0.033333333,0,0,0,13,0,0,0,0,0,0,12,13,0
102835,16,21216,1,16,2,7,0,1,0,10,2,19,0.033333333,0,0,0,0,0,0,0,0,0,0,5,16,0
102841,1,21216,1,1,1,0,0,0,0,0,0,19,0.033333333,0,0,0,0,0,0,0,0,0,0,1,1,0
102853,6,21216,1,6,2,2,0,1,0,1,1,19,0.033333333,0,0,0,0,0,0,0,0,0,0,5,6,0
102857,2,148500,1,2,2,0,0,0,0,0,0,29,0.066666667,0,0,0,1,0,0,0,0,0,0,1,1,0
102873,405,878119,4,10,2,4,0,3,0,3,1,20,0.066666667,0,0,0,0,0,0,0,0,0,0,7,1,0
102879,121,27035,2,4,2,0,0,0,2,0,0,60,0.033333333,0,0,0,0,0,0,0,0,0,0,3,4,0
102880,12,399092,2,1,1,0,0,0,0,0,0,101,0.033333333,0,0,0,1,0,0,0,0,0,0,1,1,0
102881,1,878119,1,1,1,0,0,0,0,0,0,20,0.033333333,0,0,0,0,0,0,0,0,0,0,1,1,0
102885,2,878119,1,2,2,0,0,0,0,0,0,20,0.033333333,0,0,0,0,0,0,0,0,0,0,1,2,0
102901,27,399092,2,10,8,2,0,0,0,1,0,101,0.066666667,0,0,3,7,0,0,0,0,0,0,5,3,7
102904,22,502584,1,22,2,2,6,1,2,6,1,143,0.033333333,0,0,0,0,22,0,0,0,0,0,6,22,0
102907,8,250865,1,8,3,2,0,2,0,2,1,34,0.033333333,0,0,0,0,0,0,0,0,0,0,6,8,0
102913,15,110497,2,6,3,2,0,1,0,1,0,24,0.033333333,6,0,0,0,0,0,0,0,0,0,4,6,0
102919,63,457932,2,49,4,10,10,6,1,20,1,21,0.033333333,0,0,0,0,0,0,0,0,0,0,10,49,0
102925,58,43183,3,6,2,2,0,1,0,1,1,24,0.033333333,0,0,0,0,0,0,0,0,0,0,5,6,0
102938,32,457932,2,11,3,2,3,1,0,2,1,21,0.033333333,0,0,0,0,0,0,0,0,0,0,8,11,0
102948,725,42723,5,5,5,0,0,0,0,0,0,6,0.033333333,5,0,0,0,0,0,0,0,0,0,4,5,0
102961,154,457932,2,8,1,4,1,1,0,3,1,21,0.033333333,0,0,0,0,0,0,0,0,0,0,7,8,0
102971,42,34988,3,35,1,5,11,2,0,13,1,108,0.066666667,0,0,0,0,0,0,0,0,0,0,10,33,2
102973,1655,188602,3,236,46,71,43,33,13,40,13,96,0.4,7,0,0,0,0,7,0,1,66,0,32,91,0
102979,3,250865,2,2,2,0,0,0,0,0,0,34,0.033333333,0,0,0,0,0,0,0,0,0,0,2,2,0
102985,3,502584,1,3,3,0,0,0,0,0,0,143,0.033333333,0,0,0,0,3,0,0,0,0,0,2,3,0
102988,7,878119,1,7,4,2,0,1,0,1,0,20,0.066666667,0,0,0,0,0,0,0,0,0,0,6,1,0
102990,56,334927,2,38,3,11,5,10,0,9,8,7,0.066666667,0,0,0,0,0,0,0,0,0,0,22,5,33
102994,60,334927,2,55,7,28,0,14,0,23,5,7,0.033333333,0,0,0,0,0,0,0,0,0,0,19,55,0
103008,48,334927,3,8,2,3,0,2,0,2,1,7,0.033333333,0,0,0,0,0,0,0,0,0,0,6,8,0
103012,57,260769,2,56,17,13,0,12,1,13,12,0,0.1,0,0,0,0,0,0,0,0,0,0,13,28,0
103022,16,502584,1,16,3,6,0,4,0,3,3,143,0.066666667,0,0,0,0,9,0,0,0,0,7,6,9,0
103035,1,878119,1,1,1,0,0,0,0,0,0,20,0.033333333,0,0,0,0,0,0,0,0,0,0,1,1,0
103055,193,878119,1,193,33,62,6,46,5,46,22,20,0.233333333,0,0,0,0,0,5,38,0,0,0,39,109,10
103056,23,399092,1,23,4,6,0,5,0,11,2,101,0.033333333,0,0,0,23,0,0,0,0,0,0,11,23,0
103077,5,878119,2,1,1,0,0,0,0,0,0,20,0.033333333,0,0,0,0,0,0,0,0,0,0,1,1,0
103084,1,878119,1,1,1,0,0,0,0,0,0,20,0.033333333,0,0,0,0,0,0,0,0,0,0,1,1,0
103092,15,334927,1,15,5,10,0,0,0,9,0,7,0.033333333,0,0,0,0,0,0,0,0,0,0,13,15,0
103100,2,878119,2,1,1,0,0,0,0,0,0,20,0.033333333,0,0,0,0,0,0,0,0,0,0,1,1,0
103101,99,878119,2,98,12,51,5,20,0,35,9,20,0.166666667,0,0,0,0,0,0,0,0,0,0,33,57,30
103119,6,334927,1,6,2,2,0,1,0,1,1,7,0.033333333,0,0,0,0,0,0,0,0,0,0,5,6,0
103121,1,878119,1,1,1,0,0,0,0,0,0,20,0.033333333,0,0,0,0,0,0,0,0,0,0,1,1,0
103124,2,878119,2,1,1,0,0,0,0,0,0,20,0.033333333,0,0,0,0,0,0,0,0,0,0,1,1,0
103126,29,457932,1,29,9,5,6,3,0,4,2,21,0.033333333,0,0,0,0,0,0,0,0,0,0,12,29,0
103134,2,346877,2,1,1,0,0,0,0,0,0,9,0.033333333,1,0,0,0,0,0,0,0,0,0,1,1,0
103146,2,334927,2,1,1,0,0,0,0,0,0,7,0.033333333,0,0,0,0,0,0,0,0,0,0,1,1,0
103152,1,399092,1,1,1,0,0,0,0,0,0,101,0.033333333,0,0,0,1,0,0,0,0,0,0,1,1,0
103176,192,24979,2,1,1,0,0,0,0,0,0,25,0.033333333,0,0,0,0,1,0,0,0,0,0,1,1,0
103180,31,878119,1,31,7,9,3,5,0,12,0,20,0.1,0,0,0,0,0,0,0,0,0,0,11,29,2
103209,42,250865,3,17,8,2,0,1,4,3,0,34,0.033333333,0,0,0,0,0,0,0,0,0,0,5,17,0
103222,15,502584,2,13,2,6,0,1,0,7,1,143,0.033333333,0,0,0,0,13,0,0,0,0,0,6,13,0
103224,48,85168,2,5,1,2,0,1,0,1,1,139,0.033333333,5,0,0,0,0,0,0,0,0,0,4,5,0
103245,1,250865,1,1,1,0,0,0,0,0,0,34,0.033333333,0,0,0,0,0,0,0,0,0,0,1,1,0
103247,754,457932,3,42,4,12,6,10,0,11,9,21,0.066666667,0,0,0,0,0,0,0,0,0,0,19,1,41
103283,3,346877,2,1,1,0,0,0,0,0,0,9,0.033333333,1,0,0,0,0,0,0,0,0,0,1,1,0
103288,152,334927,6,1,1,0,0,0,0,0,0,7,0.033333333,0,0,0,0,0,0,0,0,0,0,1,1,0
103292,26,260769,1,26,4,10,0,7,0,6,3,0,0.066666667,0,0,0,0,0,0,0,0,0,0,11,26,0
103295,1,399092,1,1,1,0,0,0,0,0,0,101,0.033333333,0,0,0,1,0,0,0,0,0,0,1,1,0
103297,1,878119,1,1,1,0,0,0,0,0,0,20,0.033333333,0,0,0,0,0,0,0,0,0,0,1,1,0
103300,245,334927,5,6,1,3,0,1,0,2,1,7,0.033333333,0,0,0,0,0,0,0,0,0,0,5,6,0
103309,9,878119,2,1,1,0,0,0,0,0,0,20,0.033333333,0,0,0,0,0,0,0,0,0,0,1,1,0
103313,40,110497,3,1,1,0,0,0,0,0,0,24,0.033333333,1,0,0,0,0,0,0,0,0,0,1,1,0
103314,40,346877,3,1,1,0,0,0,0,0,0,9,0.033333333,1,0,0,0,0,0,0,0,0,0,1,1,0
103317,3,334927,2,2,2,0,0,0,0,0,0,7,0.033333333,0,0,0,0,0,0,0,0,0,0,2,2,0
103329,2,399092,2,1,1,0,0,0,0,0,0,101,0.033333333,0,0,0,1,0,0,0,0,0,0,1,1,0
103336,147,140022,12,1,1,0,0,0,0,0,0,232,0.033333333,0,0,0,0,0,0,0,0,0,0,1,1,0
103362,41,399092,2,1,1,0,0,0,0,0,0,101,0.033333333,0,0,0,1,0,0,0,0,0,0,1,1,0
103372,23,334927,1,23,5,8,0,6,0,7,4,7,0.033333333,0,0,0,0,0,0,0,0,0,0,12,23,0
103375,111,334927,3,1,1,0,0,0,0,0,0,7,0.033333333,0,0,0,0,0,0,0,0,0,0,1,1,0
103378,23,27035,2,1,1,0,0,0,0,0,0,60,0.033333333,0,0,0,0,0,0,0,0,0,0,1,1,0
103390,26,334927,2,9,3,3,0,1,0,2,1,7,0.033333333,0,0,0,0,0,0,0,0,0,0,6,9,0
103396,23,247683,2,22,9,6,0,3,2,6,2,23,0.033333333,22,0,0,0,0,0,0,0,0,0,9,22,0
103400,8,334927,1,8,2,3,0,1,0,4,0,7,0.033333333,0,0,0,0,0,0,0,0,0,0,5,8,0
103406,26,43183,3,9,2,3,0,2,0,2,2,24,0.033333333,0,0,0,0,0,0,0,0,0,0,7,9,0
103417,112,346877,3,24,10,9,0,2,1,5,1,9,0.066666667,15,0,0,9,0,0,0,0,0,0,11,15,0
103418,29,42723,2,8,3,4,0,1,0,3,0,6,0.066666667,6,0,0,0,0,0,0,0,0,0,5,6,0
103420,64,43183,3,1,1,0,0,0,0,0,0,24,0.033333333,0,0,0,0,0,0,0,0,0,0,1,1,0
103442,30,878119,3,21,3,4,0,1,3,12,1,20,0.066666667,0,0,0,0,0,0,0,0,0,0,7,1,0
103450,772,260769,4,89,8,21,27,18,0,17,13,0,0.1,0,0,0,0,0,9,0,0,0,0,35,73,0
103457,413,85576,5,392,48,90,156,47,11,66,6,54,0.266666667,7,0,0,0,0,0,0,0,0,0,56,192,103
103469,3,457932,3,1,1,0,0,0,0,0,0,21,0.033333333,0,0,0,0,0,0,0,0,0,0,1,1,0
103477,209,334927,6,47,2,26,0,11,0,19,8,7,0.033333333,0,0,0,0,0,0,0,0,0,0,19,47,0
103480,24,457932,2,18,4,8,0,4,0,5,2,21,0.033333333,0,0,0,0,0,0,0,0,0,0,9,18,0
103501,177,334927,3,17,7,4,0,4,0,4,2,7,0.1,0,0,0,0,0,0,0,0,0,0,9,8,5
103509,2,346877,2,1,1,0,0,0,0,0,0,9,0.033333333,1,0,0,0,0,0,0,0,0,0,1,1,0
103517,42,250865,2,41,9,12,0,6,11,7,3,34,0.033333333,0,0,0,0,0,0,0,0,0,0,9,41,0
103527,48,27035,2,15,2,5,0,4,0,4,4,60,0.033333333,0,0,0,0,0,0,0,0,0,0,7,15,0
103528,1,43183,1,1,1,0,0,0,0,0,0,24,0.033333333,0,0,0,0,0,0,0,0,0,0,1,1,0
103549,10,334927,1,10,5,3,0,0,1,2,0,7,0.033333333,0,0,0,0,0,0,0,0,0,0,8,10,0
103571,18,334927,1,18,7,5,0,2,1,2,2,7,0.033333333,0,0,0,0,0,0,0,0,0,0,11,18,0
103576,2,457932,1,2,2,0,0,0,0,0,0,21,0.033333333,0,0,0,0,0,0,0,0,0,0,1,2,0
103577,240,250865,4,22,2,5,0,3,0,11,3,34,0.033333333,0,0,0,0,0,0,0,0,0,0,9,22,0
103589,16,250865,2,7,2,4,0,1,0,3,0,34,0.033333333,0,0,0,0,0,0,0,0,0,0,5,7,0
103595,5,878119,4,1,1,0,0,0,0,0,0,20,0.033333333,0,0,0,0,0,0,0,0,0,0,1,1,0
103635,16,878119,2,1,1,0,0,0,0,0,0,20,0.033333333,0,0,0,0,0,0,0,0,0,0,1,1,0
103639,452,260769,2,10,2,4,0,2,0,3,2,0,0.033333333,0,0,0,0,0,0,0,0,0,0,5,10,0
103642,131,188602,3,122,4,42,5,35,0,37,32,96,0.1,18,0,0,102,2,0,0,0,0,0,32,20,0
103648,59,250865,2,12,6,2,0,1,0,2,1,34,0.033333333,0,0,0,0,0,0,0,0,0,0,7,12,0
103668,64,346877,3,49,4,24,10,2,1,21,2,9,0.133333333,3,0,0,0,0,0,0,0,4,2,14,44,2
103671,64,502584,3,4,2,2,0,0,0,1,0,143,0.033333333,0,0,0,0,4,0,0,0,0,0,3,4,0
103689,22,250865,2,6,3,3,0,0,0,2,0,34,0.033333333,0,0,0,0,0,0,0,0,0,0,5,6,0
103690,125,127749,1,125,3,12,72,11,0,15,9,102,0.033333333,0,0,0,0,0,0,0,0,0,0,40,125,0
103721,24,188602,2,8,5,1,0,1,0,1,1,96,0.033333333,8,0,0,0,0,0,0,0,0,0,6,8,0
103741,24,502584,2,16,4,4,0,3,0,4,3,143,0.033333333,0,0,0,0,16,0,0,0,0,0,10,16,0
103747,1,188602,1,1,1,0,0,0,0,0,0,96,0.033333333,1,0,0,0,0,0,0,0,0,0,1,1,0
103756,19,110497,2,17,3,8,0,4,0,3,2,24,0.033333333,17,0,0,0,0,0,0,0,0,0,9,17,0
103761,18,334927,1,18,3,1,0,1,8,1,0,7,0.033333333,0,0,0,0,0,0,0,0,0,0,5,18,0
103773,313,250865,3,1,1,0,0,0,0,0,0,34,0.033333333,0,0,0,0,0,0,0,0,0,0,1,1,0
103774,313,260769,3,12,4,4,0,3,0,3,1,0,0.033333333,0,0,0,0,0,0,0,0,0,0,6,12,0
103794,135,346877,7,41,2,15,0,12,0,14,8,9,0.033333333,41,0,0,0,0,0,0,0,0,0,16,41,0
103817,171,34988,4,10,2,4,0,2,0,2,0,108,0.066666667,0,0,0,0,0,0,0,0,0,0,4,6,0
103820,50,43183,1,50,2,6,13,5,2,15,5,24,0.033333333,0,0,0,0,0,0,0,0,0,0,15,50,0
103827,202,457932,4,40,5,18,4,9,0,9,3,21,0.033333333,0,0,0,0,0,0,0,0,0,0,11,40,0
103836,38,110497,1,38,6,25,0,4,0,16,3,24,0.133333333,3,0,0,0,0,0,0,0,0,0,9,22,0
103838,111,502584,4,1,1,0,0,0,0,0,0,143,0.033333333,0,0,0,0,1,0,0,0,0,0,1,1,0
103853,369,502584,4,291,11,108,36,44,10,144,15,143,0.2,0,0,0,0,20,0,0,0,0,0,44,101,103
103879,369,334927,4,24,3,12,0,6,0,9,3,7,0.066666667,0,0,0,0,0,0,0,0,0,0,10,6,0
103881,16,127749,3,1,1,0,0,0,0,0,0,102,0.033333333,0,0,0,0,0,0,0,0,0,0,1,1,0
103885,10,334927,1,10,2,4,0,2,0,3,2,7,0.033333333,0,0,0,0,0,0,0,0,0,0,7,10,0
103893,15,110497,1,15,5,5,0,3,0,2,2,24,0.066666667,8,0,0,7,0,0,0,0,0,0,8,8,0
103914,48,502584,4,1,1,0,0,0,0,0,0,143,0.033333333,0,0,0,0,1,0,0,0,0,0,1,1,0
103940,110,110497,2,82,10,18,4,12,20,17,8,24,0.066666667,63,0,0,0,0,0,0,0,0,0,23,19,63
103957,2,878119,2,1,1,0,0,0,0,0,0,20,0.033333333,0,0,0,0,0,0,0,0,0,0,1,1,0
103961,8,334927,1,8,1,3,0,2,0,2,2,7,0.033333333,0,0,0,0,0,0,0,0,0,0,6,8,0
103963,58,346877,3,1,1,0,0,0,0,0,0,9,0.033333333,1,0,0,0,0,0,0,0,0,0,1,1,0
103974,192,334927,3,36,3,16,1,10,0,9,6,7,0.066666667,0,0,0,0,0,0,0,0,0,0,17,5,31
103977,133,27035,1,133,14,24,35,19,6,48,4,60,0.1,0,0,0,0,0,0,0,62,69,0,40,2,0
103980,2,24979,1,2,2,0,0,0,0,0,0,25,0.033333333,0,0,0,0,2,0,0,0,0,0,2,2,0
103993,231,334927,2,44,6,13,2,11,1,10,9,7,0.033333333,0,0,0,0,0,0,0,0,0,0,22,44,0
104001,11,85168,1,11,3,6,0,1,0,5,1,139,0.033333333,11,0,0,0,0,0,0,0,0,0,9,11,0
104015,343,43183,4,65,9,12,11,8,0,18,3,24,0.1,0,0,0,0,0,0,0,0,0,0,15,45,15
104020,20,399092,2,10,4,4,0,1,0,3,1,101,0.033333333,0,0,0,10,0,0,0,0,0,0,7,10,0
104021,21,46603,3,4,2,2,0,0,0,1,0,5,0.033333333,0,0,0,0,0,0,0,0,0,0,3,4,0
104042,135,457932,1,135,23,34,7,25,3,20,0,21,0.133333333,55,4,0,0,0,0,0,0,0,0,25,68,8
104050,7,334927,5,2,2,0,0,0,0,0,0,7,0.033333333,0,0,0,0,0,0,0,0,0,0,1,2,0
104067,17,399092,1,17,8,6,0,3,0,1,0,101,0.033333333,0,0,0,17,0,0,0,0,0,0,5,17,0
104073,5,110497,1,5,2,2,0,0,0,1,1,24,0.033333333,5,0,0,0,0,0,0,0,0,0,5,5,0
104085,7,250865,1,7,2,3,0,1,0,2,1,34,0.033333333,0,0,0,0,0,0,0,0,0,0,5,7,0
104086,6,334927,1,6,4,2,0,0,0,1,0,7,0.033333333,0,0,0,0,0,0,0,0,0,0,3,6,0
104089,343,85576,4,113,5,8,77,6,0,8,5,54,0.066666667,107,0,0,0,0,0,0,0,0,0,19,6,107
104096,340,457932,3,1,1,0,0,0,0,0,0,21,0.033333333,0,0,0,0,0,0,0,0,0,0,1,1,0
104117,11,457932,1,11,2,4,0,3,0,3,2,21,0.033333333,0,0,0,0,0,0,0,0,0,0,8,11,0
104119,303,346877,7,9,2,3,0,2,0,2,2,9,0.066666667,1,0,0,0,0,0,0,0,0,0,6,8,0
104140,25,334927,1,25,3,8,0,7,0,7,7,7,0.033333333,0,0,0,0,0,0,0,0,0,0,13,25,0
104156,153,110497,3,127,10,32,4,19,39,36,4,24,0.1,19,0,0,0,0,0,0,0,0,0,14,52,75
104157,5,85576,4,1,1,0,0,0,0,0,0,54,0.033333333,1,0,0,0,0,0,0,0,0,0,1,1,0
104161,16,334927,2,5,2,1,0,1,0,1,1,7,0.033333333,0,0,0,0,0,0,0,0,0,0,5,5,0
104186,161,110497,3,138,23,44,1,30,13,34,12,24,0.2,12,0,0,0,0,0,0,0,11,0,20,70,11
104187,197,250865,5,114,9,35,0,26,1,42,12,34,0.2,0,0,0,0,0,0,16,0,0,0,22,6,51
104197,64,878119,2,28,6,10,0,5,2,8,3,20,0.066666667,0,0,0,0,0,0,0,0,0,0,12,23,5
104224,631,399092,6,22,6,10,0,6,0,5,0,101,0.033333333,0,0,0,22,0,0,0,0,0,0,8,22,0
104253,96,260769,4,5,2,2,0,1,0,1,0,0,0.033333333,0,0,0,0,0,0,0,0,0,0,4,5,0
104259,13,43183,2,1,1,0,0,0,0,0,0,24,0.033333333,0,0,0,0,0,0,0,0,0,0,1,1,0
104272,181,878119,2,150,19,44,27,39,1,51,0,20,0.066666667,0,0,0,0,0,0,0,0,0,0,38,49,101
104273,21,346877,1,21,1,8,0,7,0,7,5,9,0.033333333,21,0,0,0,0,0,0,0,0,0,14,21,0
104282,10,502584,2,2,2,0,0,0,0,0,0,143,0.033333333,0,0,0,0,0,0,0,0,0,0,2,2,0
104302,110,250865,1,110,7,24,32,16,1,38,3,34,0.066666667,0,0,0,0,0,0,0,0,0,0,20,30,80
104308,31,247683,2,12,4,6,0,1,0,5,1,23,0.1,0,0,0,0,0,0,0,0,0,0,8,1,1
104320,31,260769,3,1,1,0,0,0,0,0,0,0,0.033333333,0,0,0,0,0,0,0,0,0,0,1,1,0
104322,2,261579,1,2,2,0,0,0,0,0,0,5,0.033333333,0,2,0,0,0,0,0,0,0,0,2,2,0
104329,1,260769,1,1,1,0,0,0,0,0,0,0,0.033333333,0,0,0,0,0,0,0,0,0,0,1,1,0
104358,62,127749,6,4,2,2,0,0,0,1,0,102,0.033333333,0,0,0,0,0,0,0,0,0,0,4,4,0
104365,26,457932,1,26,3,11,0,7,0,8,5,21,0.066666667,0,0,0,0,0,0,0,0,0,0,16,19,7
104368,9,24979,1,9,2,5,0,1,0,4,1,25,0.033333333,0,0,0,0,0,0,0,0,0,0,6,9,0
104377,20,260769,2,19,3,8,0,5,0,5,3,0,0.033333333,0,0,0,0,0,0,0,0,0,0,10,19,0
104378,20,399092,2,1,1,0,0,0,0,0,0,101,0.033333333,0,0,0,0,0,0,0,0,0,0,1,1,0
104381,33,250865,2,21,4,7,0,4,3,4,2,34,0.033333333,0,0,0,0,0,0,0,0,0,0,9,21,0
104393,17,457932,2,5,2,2,0,1,0,1,0,21,0.033333333,0,0,0,0,0,0,0,0,0,0,4,5,0
104399,45,250865,2,5,2,1,0,1,0,1,1,34,0.033333333,0,0,0,0,0,0,0,0,0,0,5,5,0
104401,2,250865,1,2,2,0,0,0,0,0,0,34,0.033333333,0,0,0,0,0,0,0,0,0,0,2,2,0
104403,25,261579,2,12,4,5,0,2,0,2,1,5,0.1,0,0,0,0,0,0,0,0,0,0,6,3,7
104417,54,457932,4,1,1,0,0,0,0,0,0,21,0.033333333,0,0,0,0,0,0,0,0,0,0,1,1,0
104424,26,42723,1,26,14,6,0,3,0,6,3,6,0.033333333,0,0,0,0,0,0,0,0,0,0,8,26,0
104432,41,346877,1,41,5,7,17,0,4,11,0,9,0.033333333,0,0,0,0,0,0,0,0,0,0,12,41,0
104448,12,399092,2,5,2,2,0,1,0,1,0,101,0.033333333,0,0,0,0,0,0,0,0,0,0,4,5,0
104456,140,250865,1,140,5,31,28,27,2,51,10,34,0.066666667,0,0,0,0,0,0,0,0,0,0,21,7,133
104458,254,346877,3,22,4,12,0,6,0,5,0,9,0.1,0,0,0,0,0,0,0,0,0,0,6,10,0
104463,142,127749,5,26,10,11,0,1,3,7,0,102,0.033333333,0,0,0,0,0,0,0,0,0,0,12,26,0
104464,462,85168,5,1,1,0,0,0,0,0,0,139,0.033333333,0,0,0,0,0,0,0,0,0,0,1,1,0
104468,43,346877,1,43,11,11,3,6,6,7,2,9,0.066666667,0,0,0,0,0,0,0,0,0,0,13,11,32
104480,18,457932,1,18,9,4,0,0,2,3,0,21,0.033333333,0,0,0,0,0,0,0,0,0,0,5,18,0
104482,353,250865,4,23,3,6,0,4,2,12,1,34,0.033333333,0,0,0,0,0,0,0,0,0,0,8,23,0
104489,665,127749,3,8,4,2,0,1,0,1,1,102,0.1,0,0,0,0,0,0,0,0,0,0,5,7,0
104508,16,260769,1,16,3,7,0,3,1,6,1,0,0.033333333,0,0,0,0,0,0,0,0,0,0,8,16,0
104515,273,127749,4,6,2,2,0,1,0,1,1,102,0.033333333,0,0,0,0,0,0,0,0,0,0,5,6,0
104531,1,346877,1,1,1,0,0,0,0,0,0,9,0.033333333,0,0,0,0,0,0,0,0,0,0,1,1,0
104532,19,110497,4,1,1,0,0,0,0,0,0,24,0.033333333,0,0,0,0,0,0,0,0,0,0,1,1,0
104540,689,85576,13,33,11,5,0,3,13,2,1,54,0.166666667,0,0,0,0,0,0,0,0,0,0,8,11,2
104545,257,457932,3,24,7,11,3,0,2,6,0,21,0.066666667,0,0,0,0,0,0,0,0,0,0,13,11,13
104546,361,346877,3,80,11,31,9,15,2,20,8,9,0.1,0,0,0,0,0,0,0,16,0,0,24,50,0
104556,19,260769,4,1,1,0,0,0,0,0,0,0,0.033333333,0,0,0,0,0,0,0,0,0,0,1,1,0
104557,2,110497,2,1,1,0,0,0,0,0,0,24,0.033333333,0,0,0,0,0,0,0,0,0,0,1,1,0
104572,88,250865,1,88,6,21,9,14,5,38,6,34,0.033333333,0,0,0,0,0,0,0,0,0,0,15,88,0
104581,9,502584,1,9,5,2,0,1,0,1,1,143,0.033333333,0,0,0,0,0,0,0,0,0,0,6,9,0
104586,81,140022,3,43,3,17,0,9,2,20,4,232,0.066666667,0,0,0,0,0,0,0,0,0,0,10,5,0
104596,5,261579,2,4,3,1,0,0,0,1,0,5,0.066666667,0,0,0,0,0,0,3,0,0,0,4,4,0
104604,28,260769,2,11,2,7,0,1,0,4,1,0,0.033333333,0,0,0,0,0,0,0,0,0,0,7,11,0
104608,28,127749,5,1,1,0,0,0,0,0,0,102,0.033333333,0,0,0,0,0,0,0,0,0,0,1,1,0
104617,1,261579,1,1,1,0,0,0,0,0,0,5,0.033333333,0,0,0,0,0,0,0,0,0,0,1,1,0
104635,26,42723,3,2,2,0,0,0,0,0,0,6,0.033333333,0,0,0,0,0,0,0,0,0,0,2,2,0
104641,266,250865,2,37,9,15,0,3,0,16,7,34,0.033333333,0,0,0,0,0,0,0,0,0,0,11,37,0
104646,24,110497,1,24,3,10,0,5,0,7,2,24,0.033333333,0,0,0,0,0,0,0,0,0,0,9,24,0
104655,36,260769,1,36,8,17,0,7,1,12,2,0,0.066666667,0,0,0,0,0,0,0,0,0,0,11,8,28
104658,55,260769,3,1,1,0,0,0,0,0,0,0,0.033333333,0,0,0,0,0,0,0,0,0,0,1,1,0
104672,22,399092,2,3,3,0,0,0,0,0,0,101,0.033333333,0,0,0,0,0,0,0,0,0,0,2,3,0
104675,75,457932,2,19,4,11,2,1,0,6,1,21,0.066666667,0,0,0,0,0,0,0,0,0,0,13,19,0
104686,26,140022,2,5,1,2,0,1,0,1,1,232,0.033333333,0,0,0,0,0,0,0,0,0,0,4,5,0
104694,63,457932,1,63,14,22,17,0,0,24,0,21,0.033333333,0,0,0,0,0,0,0,0,0,0,17,63,0
104704,19,250865,3,8,3,5,0,0,0,2,0,34,0.033333333,0,0,0,0,0,0,0,0,0,0,6,8,0
104721,5,250865,1,5,1,2,0,1,0,1,1,34,0.033333333,0,0,0,0,0,0,0,0,0,0,4,5,0
104735,42,346877,1,42,3,8,12,7,2,11,4,9,0.033333333,0,0,0,0,0,0,0,0,0,0,15,42,0
104738,511,250865,4,1,1,0,0,0,0,0,0,34,0.033333333,0,0,0,0,0,0,0,0,0,0,1,1,0
104744,1,250865,1,1,1,0,0,0,0,0,0,34,0.033333333,0,0,0,0,0,0,0,0,0,0,1,1,0
104747,137,110497,4,56,14,20,0,13,2,10,2,24,0.166666667,20,0,0,0,0,0,0,0,0,0,12,37,0
104748,20,260769,1,20,4,10,3,0,0,7,3,0,0.033333333,0,0,0,0,0,0,0,0,0,0,11,20,0
104762,30,346877,1,30,8,11,0,7,0,4,4,9,0.033333333,0,0,0,0,0,0,0,0,0,0,8,30,0
104768,8,110497,3,6,3,2,0,1,0,1,0,24,0.033333333,0,0,0,0,0,0,0,0,0,0,4,6,0
104774,169,346877,2,28,1,16,0,7,0,13,4,9,0.033333333,0,0,0,0,0,0,0,0,0,0,10,28,0
104785,2,140022,1,2,2,0,0,0,0,0,0,232,0.033333333,0,0,0,0,0,0,0,0,0,0,2,2,0
104786,128,399092,7,2,2,0,0,0,0,0,0,101,0.033333333,0,0,0,0,0,0,0,0,0,0,2,2,0
104792,951,346877,10,8,1,3,0,2,0,2,2,9,0.033333333,0,0,0,0,0,0,0,0,0,0,6,8,0
104794,861,247683,5,1,1,0,0,0,0,0,0,23,0.033333333,0,0,0,0,0,0,0,0,0,0,1,1,0
104795,55,85168,1,55,15,27,0,6,0,14,6,139,0.066666667,0,0,0,0,0,0,0,0,0,0,18,30,0
104808,65,247683,2,23,3,10,0,6,0,5,4,23,0.033333333,0,0,0,0,0,0,0,0,0,0,11,23,0
104809,81,457932,4,38,4,30,3,0,0,25,0,21,0.033333333,0,0,0,0,0,0,0,0,0,0,17,38,0
104819,359,260769,7,1,1,0,0,0,0,0,0,0,0.033333333,0,0,0,0,0,0,0,0,0,0,1,1,0
104832,56,502584,1,56,9,13,6,7,4,18,4,143,0.033333333,0,0,0,0,0,0,0,0,0,0,16,56,0
104850,138,140022,10,42,9,11,3,7,1,10,3,232,0.066666667,0,0,0,0,0,0,0,0,0,0,14,38,0
104856,9,140022,1,9,5,2,0,1,0,1,1,232,0.033333333,0,0,0,0,0,0,0,0,0,0,7,9,0
104865,463,85576,2,88,1,4,70,1,0,9,2,54,0.033333333,0,0,0,0,0,0,0,0,0,0,12,88,0
104877,7,260769,1,7,2,3,0,1,0,2,1,0,0.033333333,0,0,0,0,0,0,0,0,0,0,6,7,0
104884,232,140022,3,1,1,0,0,0,0,0,0,232,0.033333333,0,0,0,0,0,0,0,0,0,0,1,1,0
104920,6,86829,1,6,2,2,0,1,0,1,1,63,0.033333333,0,0,0,0,0,0,0,0,0,0,5,6,0
104924,67,85168,1,67,13,17,28,1,1,17,0,139,0.066666667,0,0,0,0,0,0,0,0,0,0,19,18,49
104947,4,346877,1,4,2,2,0,0,0,1,0,9,0.033333333,0,0,0,0,0,0,0,0,0,0,4,4,0
104962,28,247683,4,1,1,0,0,0,0,0,0,23,0.033333333,0,0,0,0,0,0,0,0,0,0,1,1,0
104968,4,127749,1,4,4,0,0,0,0,0,0,102,0.033333333,0,0,0,0,0,0,0,0,0,0,3,4,0
104970,974,457932,7,30,1,11,0,10,0,10,8,21,0.033333333,0,0,0,0,0,0,0,0,0,0,20,30,0
104976,28,260769,4,7,3,4,0,0,0,3,0,0,0.033333333,0,0,0,0,0,0,0,0,0,0,5,7,0
104984,9,85576,1,9,5,2,0,1,0,1,1,54,0.033333333,0,0,0,0,0,0,0,0,0,0,5,9,0
104988,25,399092,2,10,2,6,0,1,0,5,1,101,0.033333333,0,0,0,0,0,0,0,0,0,0,9,10,0
104990,13,502584,1,13,9,0,0,0,2,0,0,143,0.033333333,0,0,0,0,0,0,0,0,0,0,5,13,0
105019,9,110497,1,9,3,1,0,1,1,2,1,24,0.033333333,0,0,0,0,0,0,0,0,0,0,6,9,0
105026,2,247683,2,1,1,0,0,0,0,0,0,23,0.033333333,0,0,0,0,0,0,0,0,0,0,1,1,0
105027,579,457932,3,12,1,4,2,3,0,3,2,21,0.033333333,0,0,0,0,0,0,0,0,0,0,8,12,0
105036,10,346877,2,7,3,4,0,0,0,4,0,9,0.033333333,0,0,0,0,0,0,0,0,0,0,4,7,0
105053,273,85576,5,1,1,0,0,0,0,0,0,54,0.033333333,0,0,0,0,0,0,0,0,0,0,1,1,0
105057,502,127749,8,1,1,0,0,0,0,0,0,102,0.033333333,0,0,0,0,0,0,0,0,0,0,1,1,0
105059,13,85576,1,13,3,6,0,4,0,5,0,54,0.033333333,0,0,0,0,0,0,0,0,0,0,6,13,0
105060,25,250865,2,24,5,8,0,5,1,4,3,34,0.066666667,0,0,0,0,0,0,0,0,0,0,7,7,0
105065,183,346877,3,15,4,8,0,2,0,5,1,9,0.1,0,0,0,0,0,0,0,0,0,0,7,14,0
105074,2,85168,1,2,2,0,0,0,0,0,0,139,0.033333333,0,0,0,0,0,0,0,0,0,0,2,2,0
105082,486,127749,3,20,7,6,0,4,1,3,2,102,0.033333333,0,0,0,0,0,0,0,0,0,0,12,20,0
105093,108,247683,5,20,4,7,0,5,0,4,4,23,0.066666667,0,0,0,0,0,0,0,0,0,0,10,9,0
105096,346,261579,3,1,1,0,0,0,0,0,0,5,0.033333333,0,0,0,0,0,0,0,0,0,0,1,1,0
105122,7,110497,1,7,2,3,0,1,0,2,1,24,0.033333333,0,0,0,0,0,0,0,0,0,0,5,7,0
105124,108,42723,5,14,4,5,0,3,0,2,2,6,0.033333333,0,0,0,0,0,0,0,0,0,0,8,14,0
105125,20,110497,1,20,5,7,0,5,1,4,2,24,0.033333333,0,0,0,0,0,0,0,0,0,0,6,20,0
105132,18,140022,2,12,4,5,0,0,0,6,0,232,0.033333333,0,0,0,0,0,0,0,0,0,0,4,12,0
105134,1,27035,1,1,1,0,0,0,0,0,0,60,0.033333333,0,0,0,0,0,0,0,0,0,0,1,1,0
105137,213,260769,2,178,14,61,30,35,8,44,23,0,0.066666667,0,0,0,3,0,0,0,0,0,0,34,175,0
105154,101,250865,3,34,3,13,0,4,0,17,2,34,0.066666667,0,0,0,0,0,0,0,0,0,0,9,28,0
105155,6,399092,3,3,3,0,0,0,0,0,0,101,0.033333333,0,0,0,0,0,0,0,0,0,0,2,3,0
105172,42,457932,2,10,8,0,0,0,1,0,0,21,0.066666667,0,0,0,0,0,0,0,0,0,0,7,8,0
105173,84,457932,1,84,5,44,9,18,0,24,7,21,0.066666667,0,0,0,0,0,0,0,0,0,0,20,21,0
105184,31,399092,5,2,2,0,0,0,0,0,0,101,0.066666667,0,0,0,0,0,0,0,0,0,0,1,1,0
105189,77,110497,2,7,5,2,0,0,0,1,0,24,0.066666667,0,1,0,0,0,0,0,0,0,0,5,6,0
105217,139,346877,4,27,6,10,0,3,3,6,2,9,0.033333333,0,0,0,0,0,0,0,0,0,0,10,27,0
105226,46,46603,4,43,3,26,0,8,0,20,6,5,0.066666667,0,0,0,0,0,0,0,0,0,0,11,30,0
105231,33,502584,2,32,4,1,11,1,1,8,1,143,0.033333333,0,0,0,0,0,0,0,0,0,0,9,32,0
105239,379,457932,5,8,1,3,1,2,0,2,1,21,0.033333333,0,0,0,0,0,0,0,0,0,0,6,8,0
105252,580,346877,5,61,7,12,13,9,2,19,4,9,0.033333333,0,0,0,0,0,0,0,0,0,0,18,61,0
105255,2,250865,1,2,2,0,0,0,0,0,0,34,0.033333333,0,0,0,0,0,0,0,0,0,0,1,2,0
105257,162,250865,1,162,15,34,26,4,7,74,0,34,0.066666667,0,0,0,0,0,0,0,0,0,0,16,81,81
105264,7,110497,1,7,2,3,0,1,0,2,1,24,0.033333333,0,0,0,0,0,0,0,0,0,0,6,7,0
105266,14,457932,1,14,2,6,0,4,0,3,2,21,0.033333333,0,0,0,0,0,0,0,0,0,0,9,14,0
105275,63,250865,2,1,1,0,0,0,0,0,0,34,0.033333333,0,0,0,0,0,0,0,0,0,0,1,1,0
105286,13,261579,1,13,6,2,0,1,2,1,1,5,0.033333333,0,0,0,0,0,0,0,0,0,0,8,13,0
105298,74,110497,3,65,5,19,2,12,0,30,6,24,0.1,0,0,0,0,0,0,0,0,0,0,13,7,41
105306,580,85576,16,1,1,0,0,0,0,0,0,54,0.033333333,0,0,0,0,0,0,0,0,0,0,1,1,0
105318,138,188602,3,1,1,0,0,0,0,0,0,96,0.033333333,0,0,0,0,0,0,0,0,0,0,1,1,0
105343,50,261579,2,30,11,9,0,4,3,5,1,5,0.066666667,0,0,0,0,0,0,0,0,0,0,11,14,0
105347,170,346877,2,106,15,36,26,1,10,35,3,9,0.066666667,0,0,0,67,0,0,0,0,0,0,31,39,0
105358,359,110497,3,1,1,0,0,0,0,0,0,24,0.033333333,0,0,0,0,0,0,0,0,0,0,1,1,0
105366,39,346877,2,1,1,0,0,0,0,0,0,9,0.033333333,0,0,0,0,0,0,0,0,0,0,1,1,0
105371,18,502584,2,17,4,6,0,4,0,3,3,143,0.066666667,0,0,0,0,0,0,0,0,0,0,7,2,0
105374,118,457932,1,118,3,48,51,0,0,43,0,21,0.066666667,0,0,0,0,0,0,0,71,0,0,41,47,0
105380,96,250865,1,96,10,15,32,1,6,42,0,34,0.033333333,0,0,0,0,0,0,0,0,0,0,17,96,0
105381,301,457932,4,29,3,9,4,7,0,6,5,21,0.066666667,0,0,0,0,0,0,0,0,0,0,15,13,0
105382,6,346877,1,6,2,2,0,1,0,1,1,9,0.033333333,0,0,0,0,0,0,0,0,0,0,5,6,0
105391,26,457932,2,13,2,3,3,2,0,3,1,21,0.033333333,0,0,0,0,0,0,0,0,0,0,7,13,0
105404,12,502584,1,12,5,2,0,1,0,2,1,143,0.033333333,0,0,0,0,0,0,0,0,0,0,6,12,0
105413,244,346877,3,22,2,9,0,6,0,7,4,9,0.033333333,0,0,0,0,0,0,0,0,0,0,11,22,0
105433,3,140022,3,1,1,0,0,0,0,0,0,232,0.033333333,0,0,0,0,0,0,0,0,0,0,1,1,0
105445,741,85576,2,267,22,55,112,28,4,44,8,54,0.333333333,18,0,0,0,0,0,0,0,0,0,39,64,27
105447,3,260769,3,1,1,0,0,0,0,0,0,0,0.033333333,0,0,0,0,0,0,0,0,0,0,1,1,0
105448,1,250865,1,1,1,0,0,0,0,0,0,34,0.033333333,0,0,0,0,0,0,0,0,0,0,1,1,0
105464,7,346877,1,7,3,2,0,1,0,1,1,9,0.066666667,0,0,0,0,0,0,0,0,0,0,5,2,0
105473,459,457932,2,1,1,0,0,0,0,0,0,21,0.033333333,0,0,0,0,0,0,0,0,0,0,1,1,0
105480,123,346877,2,22,3,9,0,6,0,7,3,9,0.066666667,0,0,0,0,0,0,0,0,0,0,9,15,0
105492,25,502584,1,25,5,5,0,3,0,9,2,143,0.066666667,0,0,0,0,0,5,0,0,0,0,9,20,0
105502,220,140022,5,1,1,0,0,0,0,0,0,232,0.033333333,0,0,0,0,0,0,0,0,0,0,1,1,0
105503,26,457932,2,15,2,4,4,2,0,3,1,21,0.033333333,0,0,0,0,0,0,0,0,0,0,7,15,0
105505,64,247683,2,22,7,10,0,3,0,5,2,23,0.1,0,0,0,0,0,0,0,0,0,0,6,14,0
105512,32,46603,2,17,5,5,0,3,2,2,1,5,0.033333333,0,0,0,0,0,0,0,0,0,0,8,17,0
105513,80,346877,1,80,10,16,15,13,7,20,7,9,0.1,0,0,0,0,0,0,0,0,0,0,30,47,5
105517,11,85168,1,11,4,3,0,2,0,2,2,139,0.033333333,0,0,0,0,0,0,0,0,0,0,9,11,0
105527,10,250865,1,10,5,5,0,0,0,2,0,34,0.033333333,0,0,0,0,0,0,0,0,0,0,6,10,0
105532,6,346877,1,6,1,3,0,1,0,2,1,9,0.033333333,0,0,0,0,0,0,0,0,0,0,4,6,0
105559,453,140022,1,453,30,69,203,8,2,130,4,232,0.266666667,124,0,0,0,11,0,8,0,0,0,97,248,52
105588,182,457932,3,81,21,21,4,13,9,11,8,21,0.066666667,0,0,0,0,0,0,0,0,0,0,21,75,0
105598,6,457932,6,1,1,0,0,0,0,0,0,21,0.033333333,0,0,0,0,0,0,0,0,0,0,1,1,0
105601,47,247683,1,47,4,17,2,14,1,12,9,23,0.066666667,0,0,0,0,0,0,0,0,0,0,15,38,0
105636,17,457932,2,16,5,6,4,0,0,3,0,21,0.033333333,0,0,0,0,0,0,0,0,0,0,10,16,0
105637,23,110497,2,22,3,6,0,2,10,1,1,24,0.033333333,0,0,0,0,0,0,0,0,0,0,6,22,0
105640,97,346877,2,93,16,17,16,11,21,16,0,9,0.133333333,0,0,0,0,0,0,0,0,0,0,14,75,9
105652,138,140022,3,9,3,4,0,1,0,1,1,232,0.066666667,0,0,0,0,0,0,0,0,0,0,6,6,0
105665,33,250865,5,9,4,5,0,0,0,2,0,34,0.1,0,0,0,0,0,0,0,0,0,0,5,2,2
105669,170,110497,8,38,3,14,0,11,3,12,4,24,0.066666667,0,0,0,0,0,0,0,0,0,0,16,22,0
105671,16,346877,1,16,4,8,0,3,0,3,1,9,0.1,0,0,0,0,0,0,0,0,0,0,6,3,0
105691,1,457932,1,1,1,0,0,0,0,0,0,21,0.033333333,0,0,0,0,0,0,0,0,0,0,1,1,0
105693,546,110497,2,19,2,11,0,4,0,10,2,24,0.033333333,0,0,0,0,0,0,0,0,0,0,8,19,0
105694,18,457932,1,18,1,3,4,2,0,7,1,21,0.033333333,0,0,0,0,0,0,0,0,0,0,6,18,0
105695,9,250865,1,9,1,5,0,2,0,4,1,34,0.033333333,0,0,0,0,0,0,0,0,0,0,5,9,0
105699,4,85576,2,2,2,0,0,0,0,0,0,54,0.033333333,0,0,0,0,0,0,0,0,0,0,2,2,0
105716,4,457932,1,4,4,0,0,0,0,0,0,21,0.033333333,0,0,0,0,0,0,0,0,0,0,2,4,0
105723,857,399092,4,34,9,13,0,10,0,8,2,101,0.066666667,0,0,0,0,0,0,0,0,0,0,12,33,0
105731,1,148500,1,1,1,0,0,0,0,0,0,29,0.033333333,0,0,0,0,0,0,0,0,0,0,1,1,0
105737,286,43183,5,16,2,6,0,4,0,5,4,24,0.033333333,0,0,0,16,0,0,0,0,0,0,9,16,0
105743,29,878119,2,28,5,10,0,7,3,5,3,20,0.033333333,0,0,0,0,0,0,0,0,0,0,11,28,0
105744,4,878119,1,4,1,2,0,1,0,1,0,20,0.033333333,0,0,0,0,0,0,0,0,0,0,3,4,0
105747,2,21216,2,1,1,0,0,0,0,0,0,19,0.033333333,0,0,0,0,0,0,0,0,0,0,1,1,0
105749,2,21216,2,1,1,0,0,0,0,0,0,19,0.033333333,0,0,0,0,0,0,0,0,0,0,1,1,0
105752,3031,21560,14,17,3,7,0,5,0,6,0,9,0.066666667,0,13,0,4,0,0,0,0,0,0,8,13,0
105753,37,878119,1,37,4,14,13,1,0,14,0,20,0.033333333,0,0,0,0,0,0,0,0,0,0,18,37,0
105755,21,878119,2,10,5,3,0,2,0,2,0,20,0.1,0,0,0,0,0,0,0,0,0,0,5,1,0
105769,236,21560,3,1,1,0,0,0,0,0,0,9,0.033333333,0,1,0,0,0,0,0,0,0,0,1,1,0
105777,14,878119,1,14,8,6,0,0,0,3,0,20,0.033333333,0,0,0,0,0,0,0,0,0,0,9,14,0
105778,7,878119,1,7,1,3,0,2,0,2,1,20,0.033333333,0,0,0,0,0,0,0,0,0,0,5,7,0
105779,32,43183,1,32,10,4,0,3,0,10,8,24,0.033333333,0,0,0,32,0,0,0,0,0,0,14,32,0
105780,5,878119,1,5,3,2,0,0,0,1,0,20,0.033333333,0,0,0,0,0,0,0,0,0,0,4,5,0
105809,1086,21216,7,9,1,5,0,2,0,2,1,19,0.033333333,0,0,0,0,0,0,0,0,0,0,5,9,0
105828,28,878119,1,28,4,16,0,8,0,9,0,20,0.033333333,0,0,0,0,0,0,0,0,0,0,8,28,0
105837,68,878119,1,68,12,28,0,14,2,24,8,20,0.033333333,0,0,0,0,0,0,0,0,0,0,24,68,0
105844,2,878119,2,1,1,0,0,0,0,0,0,20,0.033333333,0,0,0,0,0,0,0,0,0,0,1,1,0
105856,19,878119,1,19,4,10,0,3,0,6,2,20,0.033333333,0,0,0,0,0,0,0,0,0,0,8,19,0
105864,504,21216,5,6,3,2,0,1,0,1,0,19,0.033333333,0,0,0,0,0,0,0,0,0,0,4,6,0
105872,1,21216,1,1,1,0,0,0,0,0,0,19,0.033333333,0,0,0,0,0,0,0,0,0,0,1,1,0
105873,2,21216,1,2,2,0,0,0,0,0,0,19,0.033333333,0,0,0,0,0,0,0,0,0,0,2,2,0
105879,2,148500,1,2,2,0,0,0,0,0,0,29,0.033333333,0,0,0,0,0,0,0,0,0,0,2,2,0
105887,1,878119,1,1,1,0,0,0,0,0,0,20,0.033333333,0,0,0,0,0,0,0,0,0,0,1,1,0
105898,1,21216,1,1,1,0,0,0,0,0,0,19,0.033333333,0,0,0,0,0,0,0,0,0,0,1,1,0
105906,7,43183,2,1,1,0,0,0,0,0,0,24,0.033333333,0,0,0,1,0,0,0,0,0,0,1,1,0
105912,16,878119,1,16,5,6,0,4,0,3,1,20,0.033333333,0,0,0,0,0,0,0,0,0,0,10,16,0
105921,102,878119,2,84,4,34,4,24,0,31,14,20,0.033333333,0,0,0,0,0,0,0,0,0,0,19,84,0
105922,1,21216,1,1,1,0,0,0,0,0,0,19,0.033333333,0,0,0,0,0,0,0,0,0,0,1,1,0
105936,479,878119,3,433,53,173,31,75,47,95,27,20,0.166666667,0,14,0,0,0,0,0,0,0,0,60,127,44
105950,8,878119,1,8,3,3,0,1,0,2,1,20,0.033333333,0,0,0,0,0,0,0,0,0,0,7,8,0
105951,351,21560,4,67,6,26,0,20,0,22,10,9,0.166666667,0,20,0,0,0,0,0,0,0,0,13,23,11
105952,115,878119,1,115,8,46,4,31,0,43,17,20,0.133333333,0,0,0,0,0,0,0,0,0,0,34,79,0
105958,2,21216,1,2,2,0,0,0,0,0,0,19,0.033333333,0,0,0,0,0,0,0,0,0,0,2,2,0
105961,39,878119,1,39,12,13,0,7,0,7,0,20,0.033333333,0,0,0,0,0,0,0,0,0,0,7,39,0
105965,11,878119,1,11,2,4,0,3,0,3,2,20,0.033333333,0,0,0,0,0,0,0,0,0,0,8,11,0
105972,535,878119,3,235,10,60,48,56,0,69,38,20,0.133333333,0,0,58,0,0,0,0,5,0,0,76,172,58
105982,1,43183,1,1,1,0,0,0,0,0,0,24,0.033333333,0,0,0,1,0,0,0,0,0,0,1,1,0
105987,1,878119,1,1,1,0,0,0,0,0,0,20,0.033333333,0,0,0,0,0,0,0,0,0,0,1,1,0
105993,130,43183,2,7,3,2,0,1,0,1,1,24,0.066666667,0,0,0,5,0,0,0,0,0,0,5,2,0
106003,296,148500,2,9,3,4,0,1,0,3,1,29,0.066666667,0,0,0,0,0,0,0,0,0,0,6,7,2
106042,31,502584,1,31,12,7,0,1,5,7,1,143,0.033333333,0,0,0,0,0,0,0,0,0,0,10,31,0
106043,1,399092,1,1,1,0,0,0,0,0,0,101,0.033333333,0,0,0,0,0,0,0,0,0,0,1,1,0
106087,8,261579,1,8,2,3,0,2,0,2,1,5,0.033333333,0,0,0,0,0,0,0,0,0,0,6,8,0
106088,13,261579,1,13,2,9,0,1,0,8,1,5,0.033333333,0,0,0,0,0,0,0,0,0,0,10,13,0
106089,30,399092,1,30,4,4,0,3,4,10,3,101,0.033333333,0,0,0,0,0,0,0,0,0,0,9,30,0
106092,1329,24979,9,1,1,0,0,0,0,0,0,25,0.033333333,0,0,0,0,0,0,0,0,0,0,1,1,0
106109,1,261579,1,1,1,0,0,0,0,0,0,5,0.033333333,0,0,0,0,0,0,0,0,0,0,1,1,0
106121,6,261579,1,6,3,3,0,0,0,2,0,5,0.033333333,0,0,0,0,0,0,0,0,0,0,5,6,0
106131,62,502584,2,53,3,7,13,1,0,22,1,143,0.033333333,0,0,0,0,0,0,0,0,0,0,12,53,0
106137,15,261579,2,1,1,0,0,0,0,0,0,5,0.033333333,0,0,0,0,0,0,0,0,0,0,1,1,0
106158,6,261579,1,6,2,2,0,1,0,1,1,5,0.033333333,0,0,0,0,0,0,0,0,0,0,5,6,0
106170,9,261579,1,9,6,0,0,0,0,0,0,5,0.1,1,0,0,0,0,0,0,0,0,0,4,5,0
106175,181,261579,2,10,6,2,0,1,0,1,1,5,0.033333333,0,0,0,0,0,0,0,0,0,0,8,10,0
106179,57,502584,1,57,10,10,0,7,13,15,4,143,0.033333333,0,0,0,0,0,0,0,0,0,0,11,57,0
106180,3,502584,1,3,3,0,0,0,0,0,0,143,0.033333333,0,0,0,0,0,0,0,0,0,0,2,3,0
106183,2,502584,1,2,2,0,0,0,0,0,0,143,0.033333333,0,0,0,0,0,0,0,0,0,0,2,2,0
106191,35,399092,1,35,3,2,0,1,28,1,0,101,0.033333333,0,0,0,0,0,0,0,0,0,0,5,35,0
106202,1,399092,1,1,1,0,0,0,0,0,0,101,0.033333333,0,0,0,0,0,0,0,0,0,0,1,1,0
106204,96,261579,8,1,1,0,0,0,0,0,0,5,0.033333333,0,0,0,0,0,0,0,0,0,0,1,1,0
106236,10,502584,1,10,1,4,0,2,0,3,3,143,0.033333333,0,0,0,0,0,0,0,0,0,0,6,10,0
106245,283,24979,4,1,1,0,0,0,0,0,0,25,0.033333333,0,0,0,0,0,0,0,0,0,0,1,1,0
106257,299,399092,6,4,4,0,0,0,0,0,0,101,0.1,0,0,0,0,1,0,0,0,0,0,2,2,0
106266,7,261579,1,7,2,3,0,1,0,2,1,5,0.033333333,0,0,0,0,0,0,0,0,0,0,5,7,0
106268,110,261579,1,110,11,19,0,13,54,15,9,5,0.133333333,0,0,0,0,0,0,0,0,0,0,26,87,8
106280,1,261579,1,1,1,0,0,0,0,0,0,5,0.033333333,0,0,0,0,0,0,0,0,0,0,1,1,0
106285,2,502584,1,2,2,0,0,0,0,0,0,143,0.033333333,0,0,0,0,0,0,0,0,0,0,1,2,0
106294,163,188602,4,17,2,12,0,1,0,11,2,96,0.033333333,0,0,0,17,0,0,0,0,0,0,8,17,0
106303,13,457932,2,1,1,0,0,0,0,0,0,21,0.033333333,0,0,0,0,0,0,0,0,0,0,1,1,0
106308,2,457932,2,1,1,0,0,0,0,0,0,21,0.033333333,0,0,0,0,0,0,0,0,0,0,1,1,0
106309,2,878119,2,1,1,0,0,0,0,0,0,20,0.033333333,0,0,0,0,0,0,0,0,0,0,1,1,0
106334,157,334927,2,1,1,0,0,0,0,0,0,7,0.033333333,0,0,0,0,0,0,0,0,0,0,1,1,0
106338,72,878119,2,6,1,3,0,2,0,2,0,20,0.033333333,0,0,0,0,0,0,0,0,0,0,3,6,0
106340,291,188602,5,4,4,0,0,0,0,0,0,96,0.066666667,0,0,1,3,0,0,0,0,0,0,1,1,3
106342,260,27035,2,1,1,0,0,0,0,0,0,60,0.033333333,0,0,0,0,0,0,0,0,0,0,1,1,0
106357,429,260769,2,29,9,9,0,5,3,4,2,0,0.066666667,0,0,0,0,0,0,0,0,0,0,10,29,0
106365,17,878119,2,11,3,3,0,2,0,4,1,20,0.033333333,0,0,0,0,0,0,0,0,0,0,6,11,0
106368,19,878119,1,19,9,6,0,3,0,3,1,20,0.033333333,0,0,0,0,0,0,0,0,0,0,9,19,0
106378,1,334927,1,1,1,0,0,0,0,0,0,7,0.033333333,0,0,0,0,0,0,0,0,0,0,1,1,0
106386,54,46603,2,41,9,16,0,10,3,5,3,5,0.033333333,0,0,0,0,0,0,0,0,0,0,11,41,0
106407,84,260769,5,10,2,4,0,1,0,4,1,0,0.033333333,0,0,0,0,0,0,0,0,0,0,5,10,0
106412,4,399092,1,4,1,2,0,1,0,1,0,101,0.033333333,0,0,0,0,0,0,0,0,0,4,3,4,0
106415,5,334927,1,5,3,2,0,0,0,1,0,7,0.033333333,0,0,0,0,0,0,0,0,0,0,5,5,0
106427,307,260769,3,1,1,0,0,0,0,0,0,0,0.033333333,0,0,0,0,0,0,0,0,0,0,1,1,0
106436,1,346877,1,1,1,0,0,0,0,0,0,9,0.033333333,0,0,0,1,0,0,0,0,0,0,1,1,0
106452,58,399092,1,58,15,8,12,6,1,18,2,101,0.066666667,0,0,0,0,0,0,0,0,0,55,17,3,0
106456,32,247683,1,32,3,21,8,0,0,16,0,23,0.033333333,0,0,0,32,0,0,0,0,0,0,14,32,0
106465,15,346877,2,11,1,4,0,3,0,3,3,9,0.033333333,0,0,0,11,0,0,0,0,0,0,8,11,0
106483,17,260769,15,1,1,0,0,0,0,0,0,0,0.033333333,0,0,0,0,0,0,0,0,0,0,1,1,0
106489,17,27035,15,1,1,0,0,0,0,0,0,60,0.033333333,0,0,0,0,0,0,0,0,0,0,1,1,0
106493,17,85576,15,1,1,0,0,0,0,0,0,54,0.033333333,0,0,0,1,0,0,0,0,0,0,1,1,0
106503,41,457932,2,37,2,17,15,1,0,16,1,21,0.033333333,0,0,0,0,0,0,0,0,0,0,20,37,0
106512,15,250865,1,15,3,5,0,4,0,4,3,34,0.033333333,0,0,0,0,0,0,0,0,0,0,11,15,0
106518,89,85168,1,89,13,30,5,14,1,38,8,139,0.033333333,0,0,0,89,0,0,0,0,0,0,24,89,0
106534,12,334927,2,1,1,0,0,0,0,0,0,7,0.033333333,0,0,0,0,0,0,0,0,0,0,1,1,0
106543,183,188602,2,177,2,54,68,10,0,71,7,96,0.1,0,0,11,3,0,0,0,0,163,0,35,11,3
106545,9,878119,7,1,1,0,0,0,0,0,0,20,0.033333333,0,0,0,0,0,0,0,0,0,0,1,1,0
106547,9,346877,7,1,1,0,0,0,0,0,0,9,0.033333333,0,0,0,1,0,0,0,0,0,0,1,1,0
106562,1008,399092,6,1,1,0,0,0,0,0,0,101,0.033333333,0,0,0,0,0,0,0,0,0,1,1,1,0
106565,89,247683,4,35,2,14,0,12,0,13,5,23,0.033333333,0,0,0,35,0,0,0,0,0,0,16,35,0
106581,186,110497,2,45,8,9,0,6,18,4,4,24,0.1,0,0,0,28,0,0,0,0,0,0,11,3,42
106582,1,188602,1,1,1,0,0,0,0,0,0,96,0.033333333,0,0,0,1,0,0,0,0,0,0,1,1,0
106584,933,457932,4,13,1,6,3,1,0,5,1,21,0.033333333,0,0,0,0,0,0,0,0,0,0,9,13,0
106588,69,399092,1,69,17,10,8,9,1,18,8,101,0.133333333,0,0,0,0,0,0,0,0,0,2,18,22,38
106598,821,34988,15,22,3,13,0,3,0,13,0,108,0.033333333,0,0,0,0,0,0,0,0,0,0,6,22,0
106606,331,346877,2,1,1,0,0,0,0,0,0,9,0.033333333,0,0,0,1,0,0,0,0,0,0,1,1,0
106631,37,457932,2,25,2,5,10,4,0,4,3,21,0.066666667,1,0,0,0,0,0,0,0,0,0,11,1,0
106639,40,110497,3,28,4,6,0,4,9,3,2,24,0.033333333,0,0,0,28,0,0,0,0,0,0,10,28,0
106643,222,127749,3,5,1,3,0,1,0,2,0,102,0.033333333,0,0,0,0,0,0,0,0,0,0,3,5,0
106650,13,346877,3,9,5,3,0,1,0,2,0,9,0.066666667,0,0,0,1,0,0,0,0,0,0,5,8,0
106658,21,260769,1,21,8,7,0,1,1,6,1,0,0.033333333,0,0,0,0,0,0,0,0,0,0,9,21,0
106663,25,399092,1,25,3,16,0,1,0,15,1,101,0.033333333,0,0,0,0,0,0,0,0,0,25,11,25,0
106664,33,878119,1,33,2,11,4,9,0,12,5,20,0.033333333,0,0,0,0,0,0,0,0,0,0,18,33,0
106665,40,140022,3,1,1,0,0,0,0,0,0,232,0.033333333,0,0,0,0,0,0,0,0,0,0,1,1,0
106675,1,250865,1,1,1,0,0,0,0,0,0,34,0.033333333,0,0,0,0,0,0,0,0,0,0,1,1,0
106689,108,346877,2,107,3,25,29,22,0,33,14,9,0.066666667,0,0,0,70,0,37,0,0,0,0,42,70,0
106690,8,250865,1,8,2,3,0,2,0,2,1,34,0.033333333,0,0,0,0,0,0,0,0,0,0,6,8,0
106698,56,346877,3,38,4,21,0,3,0,20,4,9,0.133333333,0,0,0,4,0,0,0,0,0,0,14,12,10
106712,38,250865,2,16,6,4,0,3,0,4,2,34,0.033333333,0,0,0,0,0,0,0,0,0,0,8,16,0
106723,1,399092,1,1,1,0,0,0,0,0,0,101,0.033333333,0,0,0,0,0,0,0,0,0,1,1,1,0
106726,7,46603,1,7,2,3,0,1,0,2,1,5,0.033333333,0,0,0,0,0,0,0,0,0,0,6,7,0
106727,44,399092,1,44,2,24,0,12,0,15,6,101,0.033333333,0,0,0,0,0,0,0,0,0,44,18,44,0
106733,124,127749,4,10,1,7,0,1,0,6,1,102,0.033333333,0,0,0,0,0,0,0,0,0,0,6,10,0
106749,50,457932,1,50,9,23,0,10,0,16,4,21,0.033333333,0,0,0,0,0,0,0,0,0,0,20,50,0
106757,43,85576,4,10,3,3,0,2,0,2,2,54,0.033333333,0,0,0,10,0,0,0,0,0,0,5,10,0
106779,121,188602,2,41,7,13,15,0,3,11,0,96,0.033333333,0,0,0,41,0,0,0,0,0,0,14,41,0
106791,114,334927,2,13,5,5,0,1,0,2,2,7,0.066666667,0,0,0,0,7,0,0,0,0,0,6,6,0
106795,6,110497,1,6,2,2,0,1,0,1,1,24,0.033333333,0,0,0,6,0,0,0,0,0,0,5,6,0
106797,29,85576,1,29,3,3,10,1,0,8,1,54,0.033333333,0,0,0,29,0,0,0,0,0,0,10,29,0
106815,142,42723,3,2,2,0,0,0,0,0,0,6,0.066666667,0,0,0,1,0,0,0,0,0,0,1,1,0
106826,888,457932,6,194,7,114,10,36,4,113,19,21,0.033333333,0,0,0,0,0,0,0,0,0,0,23,194,0
106838,483,27035,9,1,1,0,0,0,0,0,0,60,0.033333333,0,0,0,0,0,0,0,0,0,0,1,1,0
106841,22,878119,1,22,2,6,4,5,4,5,1,20,0.033333333,0,0,0,0,0,0,0,0,0,0,10,22,0
106845,1,334927,1,1,1,0,0,0,0,0,0,7,0.033333333,0,0,0,0,0,0,0,0,0,0,1,1,0
106850,12,334927,1,12,3,7,0,1,0,4,0,7,0.033333333,0,0,0,0,0,0,0,0,0,0,7,12,0
106858,23,127749,1,23,9,5,0,3,2,6,1,102,0.066666667,0,0,0,0,0,0,0,0,0,0,12,7,0
106864,16,110497,1,16,4,6,0,3,2,5,0,24,0.033333333,0,0,0,16,0,0,0,0,0,0,8,16,0
106865,888,85576,6,2,2,0,0,0,0,0,0,54,0.033333333,0,0,0,2,0,0,0,0,0,0,1,2,0
106873,72,27035,2,43,18,14,0,5,0,9,3,60,0.033333333,0,0,0,0,0,0,0,0,0,0,9,43,0
106891,1,34988,1,1,1,0,0,0,0,0,0,108,0.033333333,0,0,0,0,0,0,0,0,0,0,1,1,0
106899,218,334927,2,1,1,0,0,0,0,0,0,7,0.033333333,0,0,0,0,0,0,0,0,0,0,1,1,0
106914,38,334927,2,2,2,0,0,0,0,0,0,7,0.033333333,0,0,0,0,0,0,0,0,0,0,2,2,0
106915,4,85576,1,4,4,0,0,0,0,0,0,54,0.033333333,0,0,0,4,0,0,0,0,0,0,2,4,0
106921,12,21560,4,1,1,0,0,0,0,0,0,9,0.033333333,0,0,0,0,0,0,0,0,0,0,1,1,0
106922,1,43183,1,1,1,0,0,0,0,0,0,24,0.033333333,0,0,0,0,0,0,0,0,0,0,1,1,0
106935,193,878119,2,8,2,3,0,2,0,2,1,20,0.033333333,0,0,0,0,0,0,0,0,0,0,6,8,0
106944,144,457932,4,132,6,13,4,11,85,11,8,21,0.1,43,0,0,0,0,0,0,0,0,0,20,89,0
106957,29,457932,3,18,3,11,2,1,0,8,1,21,0.066666667,0,0,0,0,0,0,0,0,0,0,12,18,0
106965,43,127749,5,8,2,4,0,1,0,3,1,102,0.033333333,0,0,0,0,0,0,0,0,0,0,7,8,0
106969,19,43183,2,8,2,3,0,1,0,3,1,24,0.033333333,0,0,0,0,0,0,0,0,0,0,6,8,0
106974,4,346877,1,4,2,2,0,0,0,1,0,9,0.033333333,0,0,0,4,0,0,0,0,0,0,4,4,0
107002,2,250865,1,2,2,0,0,0,0,0,0,34,0.033333333,0,0,0,0,0,0,0,0,0,0,2,2,0
107004,7,878119,2,1,1,0,0,0,0,0,0,20,0.033333333,0,0,0,0,0,0,0,0,0,0,1,1,0
107005,7,110497,2,6,4,0,0,0,0,0,0,24,0.033333333,0,0,0,6,0,0,0,0,0,0,4,6,0
107008,9,878119,1,9,4,2,0,1,1,2,1,20,0.033333333,0,0,0,0,0,0,0,0,0,0,7,9,0
107011,26,334927,1,26,5,10,0,6,0,7,5,7,0.066666667,0,0,0,0,0,0,0,0,0,0,15,26,0
107026,12,878119,2,6,1,4,0,1,0,3,0,20,0.033333333,0,0,0,0,0,0,0,0,0,0,5,6,0
107029,914,457932,3,64,10,20,8,15,0,13,10,21,0.066666667,0,0,0,0,0,0,0,0,0,0,23,55,0
107036,101,346877,3,1,1,0,0,0,0,0,0,9,0.033333333,0,0,0,1,0,0,0,0,0,0,1,1,0
107046,184,878119,2,35,5,16,0,9,0,9,5,20,0.1,0,0,0,0,0,0,0,0,0,0,10,25,5
107068,39,907118,1,39,10,14,0,8,0,9,6,19,0.066666667,0,0,0,0,0,0,0,0,0,0,19,16,23
107071,326,155579,2,246,20,32,84,30,3,73,32,17,0.166666667,175,0,0,0,0,0,0,0,0,0,59,194,0
107085,2,907118,1,2,2,0,0,0,0,0,0,19,0.033333333,0,0,0,0,0,0,0,0,0,0,1,2,0
107086,191,907118,1,191,20,57,31,42,2,48,22,19,0.333333333,0,0,0,0,16,7,0,0,0,9,64,60,68
107094,2,89830,1,2,2,0,0,0,0,0,0,108,0.033333333,0,0,0,0,0,0,0,0,0,0,1,2,0
107095,310,907118,2,295,26,109,38,67,0,98,32,19,0.233333333,0,0,0,0,41,0,0,0,0,53,83,177,73
107110,12,89830,1,12,5,3,0,2,0,2,2,108,0.066666667,0,0,0,0,0,0,0,0,0,0,6,6,0
107114,42,907118,1,42,11,9,0,6,12,4,2,19,0.066666667,0,0,0,0,0,0,0,0,0,0,10,35,0
107122,180,907118,1,180,9,90,7,47,0,81,23,19,0.1,0,0,0,0,0,0,0,0,0,52,50,25,103
107124,20,907118,1,20,1,7,0,6,0,8,4,19,0.033333333,0,0,0,0,0,0,0,0,0,0,11,20,0
107147,5,907118,1,5,5,0,0,0,0,0,0,19,0.033333333,0,0,0,0,0,0,0,0,0,0,5,5,0
107155,7,907118,1,7,7,0,0,0,0,0,0,19,0.033333333,0,0,0,0,0,0,0,0,0,0,3,7,0
107159,136,907118,2,131,6,74,11,20,0,53,16,19,0.133333333,0,36,0,0,0,0,0,8,0,0,47,60,0
107161,34,907118,2,33,8,15,0,1,4,16,0,19,0.066666667,0,0,0,0,0,0,0,0,0,0,13,25,8
107175,6,907118,1,6,2,2,0,1,1,1,0,19,0.033333333,0,0,0,0,0,0,0,0,0,0,4,6,0
107179,527,155579,4,314,22,68,61,49,4,97,41,17,0.2,103,0,0,0,0,43,0,11,0,48,84,116,41
107185,19,907118,2,1,1,0,0,0,0,0,0,19,0.033333333,0,0,0,0,0,0,0,0,0,0,1,1,0
107189,82,907118,1,82,12,28,5,22,3,23,5,19,0.066666667,0,6,0,0,0,0,0,0,0,0,23,76,0
107194,15,907118,1,15,9,2,0,1,1,2,0,19,0.033333333,0,0,0,0,0,0,0,0,0,0,6,15,0
107216,147,907118,1,147,13,62,12,30,0,56,19,19,0.1,109,0,0,0,0,0,0,0,0,0,41,28,10
107223,230,907118,2,168,10,67,25,39,11,60,11,19,0.233333333,4,61,0,0,16,0,0,0,0,0,32,75,2
107228,15,907118,1,15,9,4,0,2,0,1,0,19,0.033333333,0,0,0,0,0,0,0,0,0,0,6,15,0
107231,295,907118,4,51,21,15,0,10,0,7,3,19,0.133333333,0,0,0,0,0,0,0,0,0,0,14,9,0
107233,28,907118,1,28,10,7,0,5,3,4,0,19,0.1,0,0,0,0,0,0,0,0,0,0,10,10,18
107240,39,907118,1,39,8,13,0,10,0,10,8,19,0.133333333,0,0,0,0,0,0,0,0,0,0,17,10,6
107249,78,907118,1,78,19,26,6,21,1,23,0,19,0.066666667,0,0,0,0,0,0,0,0,0,0,21,56,22
107256,42,907118,1,42,8,14,7,11,0,13,0,19,0.066666667,0,0,0,0,0,0,0,0,0,0,12,2,0
107257,59,907118,1,59,5,24,0,17,1,17,11,19,0.033333333,0,0,0,0,0,0,0,0,0,0,19,59,0
107258,668,91935,6,33,11,13,0,6,2,2,1,26,0.133333333,0,16,0,4,0,5,0,0,0,0,8,21,8
107262,134,907118,1,134,4,32,49,25,0,44,4,19,0.1,0,0,0,0,28,0,0,0,0,0,26,67,39
107282,27,89830,2,14,3,4,0,3,1,3,3,108,0.066666667,0,0,0,0,0,0,0,0,0,0,9,2,0
107288,3,907118,1,3,3,0,0,0,0,0,0,19,0.033333333,0,0,0,0,0,0,0,0,0,0,3,3,0
107289,1,907118,1,1,1,0,0,0,0,0,0,19,0.033333333,0,0,0,0,0,0,0,0,0,0,1,1,0
107306,828,907118,7,210,19,72,12,57,9,59,28,19,0.233333333,0,0,19,0,28,0,0,0,0,0,59,67,57
107308,2863,89830,8,254,16,77,4,46,4,96,55,108,0.233333333,0,0,0,0,0,6,0,0,0,0,68,63,58
107315,18,91935,1,18,4,3,0,2,1,5,4,26,0.033333333,0,0,0,0,0,0,0,0,0,0,9,18,0
107316,428,907118,1,428,52,152,24,108,6,125,56,19,0.5,0,8,19,107,59,18,0,0,11,0,80,102,68
107318,2,89830,1,2,2,0,0,0,0,0,0,108,0.033333333,0,0,0,0,0,0,0,0,0,0,2,2,0
107319,11,907118,1,11,2,7,0,2,0,4,0,19,0.033333333,0,0,0,0,0,0,0,0,0,0,5,11,0
107320,13,907118,1,13,12,0,0,0,0,0,0,19,0.033333333,0,0,0,0,0,0,0,0,0,0,5,13,0
107322,28,907118,1,28,8,9,0,6,0,4,3,19,0.033333333,0,0,0,0,0,0,0,0,0,0,13,28,0
107327,68,907118,1,68,6,38,4,17,0,33,0,19,0.1,0,0,0,0,0,0,0,0,0,0,19,57,0
107339,84,907118,2,9,6,2,0,1,0,1,0,19,0.033333333,0,0,0,0,0,0,0,0,0,0,4,9,0
107345,63,907118,1,63,2,21,5,20,0,21,13,19,0.066666667,0,0,0,0,0,0,0,0,0,0,30,33,30
107360,93,907118,1,93,8,42,7,23,0,33,11,19,0.066666667,0,0,0,0,0,0,0,0,0,0,35,20,73
107368,37,907118,1,37,11,11,0,8,2,6,3,19,0.033333333,0,0,0,0,0,0,0,0,0,0,15,37,0
107383,44,155579,1,44,9,12,3,6,3,8,4,17,0.066666667,15,0,0,0,0,0,0,0,0,0,12,29,0
107384,259,907118,1,259,12,70,41,60,9,76,35,19,0.2,0,0,57,0,0,0,0,0,0,0,78,161,94
107400,1,907118,1,1,1,0,0,0,0,0,0,19,0.033333333,0,0,0,0,0,0,0,0,0,0,1,1,0
107422,216,907118,3,173,18,62,9,54,5,56,15,19,0.166666667,0,0,0,0,0,0,0,0,0,30,40,10,0
107427,1,91935,1,1,1,0,0,0,0,0,0,26,0.033333333,0,0,0,0,0,0,0,0,0,0,1,1,0
107437,656,89830,6,1,1,0,0,0,0,0,0,108,0.033333333,0,0,1,0,0,0,0,0,0,0,1,1,0
107447,36,89830,1,36,3,8,6,3,0,15,5,108,0.033333333,0,0,36,0,0,0,0,0,0,0,15,36,0
107451,26,907118,1,26,7,10,0,5,0,7,1,19,0.033333333,0,0,0,0,0,0,0,0,0,0,7,26,0
107462,19,907118,1,19,2,8,0,6,0,8,2,19,0.033333333,0,0,0,0,0,0,0,0,0,0,11,19,0
107463,149,907118,6,28,3,16,0,8,0,11,1,19,0.066666667,0,7,0,0,0,0,0,0,0,0,9,21,0
107465,169,907118,1,169,13,94,7,35,0,72,14,19,0.066666667,0,0,0,0,0,0,0,0,0,0,36,165,4
107473,22,907118,1,22,6,7,0,5,0,4,3,19,0.033333333,0,0,0,0,0,0,0,0,0,0,12,22,0
107480,82,907118,1,82,14,32,6,18,4,23,5,19,0.033333333,0,0,0,0,0,0,0,0,0,0,25,82,0
107485,7,907118,1,7,3,2,0,1,1,1,0,19,0.033333333,0,0,0,0,0,0,0,0,0,0,4,7,0
107494,7,907118,1,7,3,3,0,1,0,2,0,19,0.033333333,0,0,0,0,0,0,0,0,0,0,5,7,0
107496,16,907118,1,16,8,5,0,2,0,2,0,19,0.066666667,0,0,0,11,0,0,0,0,0,0,8,5,11
107497,14,907118,1,14,11,2,0,1,0,1,0,19,0.066666667,0,0,0,0,0,0,0,0,0,0,4,12,0
107514,156,155579,2,1,1,0,0,0,0,0,0,17,0.033333333,0,1,0,0,0,0,0,0,0,0,1,1,0
107519,446,91935,9,82,13,15,17,12,11,13,6,26,0.066666667,0,0,0,0,0,0,0,0,0,0,21,76,0
107524,32,907118,1,32,4,6,0,5,15,5,2,19,0.033333333,0,0,0,0,0,0,0,0,0,0,12,32,0
107534,137,907118,1,137,26,55,0,31,6,37,16,19,0.2,0,0,0,0,0,0,13,0,0,0,36,29,25
107536,66,907118,1,66,38,13,0,7,6,6,1,19,0.066666667,0,0,0,0,0,0,0,0,0,0,10,23,0
107558,13,907118,1,13,6,5,0,2,0,2,0,19,0.033333333,0,0,0,0,0,0,0,0,0,0,5,13,0
107568,72,907118,1,72,10,31,8,19,0,19,0,19,0.1,0,0,0,0,0,0,0,0,0,0,22,62,0
107572,66,907118,1,66,8,25,4,20,0,16,7,19,0.1,0,0,0,0,0,0,0,0,0,0,23,49,0
107573,32,907118,1,32,6,14,0,7,0,9,4,19,0.033333333,0,0,0,0,0,0,0,0,0,0,14,32,0
107576,473,907118,1,473,49,189,39,112,0,140,54,19,0.3,0,9,11,0,0,0,0,0,0,106,92,50,94
107582,1,155579,1,1,1,0,0,0,0,0,0,17,0.033333333,0,1,0,0,0,0,0,0,0,0,1,1,0
107591,18,907118,1,18,3,7,0,5,0,4,3,19,0.033333333,0,0,0,0,0,0,0,0,0,0,9,18,0
107619,225,907118,1,225,23,80,27,64,0,80,6,19,0.166666667,0,0,23,0,0,0,0,0,0,17,41,118,0
107634,5,89830,1,5,1,2,0,1,0,1,1,108,0.033333333,0,0,5,0,0,0,0,0,0,0,4,5,0
107641,68,907118,1,68,20,26,4,14,1,25,0,19,0.033333333,0,0,0,0,0,0,0,0,0,0,17,68,0
107643,16,907118,1,16,5,4,0,3,1,5,1,19,0.033333333,0,0,0,0,0,0,0,0,0,0,7,16,0
107644,23,907118,1,23,7,7,0,5,0,6,2,19,0.033333333,0,0,0,0,0,0,0,0,0,0,10,23,0
107646,5,89830,1,5,1,2,0,1,0,1,1,108,0.033333333,0,0,5,0,0,0,0,0,0,0,4,5,0
107652,15,907118,1,15,1,6,0,5,2,5,1,19,0.033333333,0,0,0,0,0,0,0,0,0,0,8,15,0
107654,14,907118,1,14,8,2,0,1,2,2,0,19,0.033333333,0,0,0,0,0,0,0,0,0,0,5,14,0
107655,6,907118,1,6,1,3,0,2,0,2,0,19,0.033333333,0,0,0,0,0,0,0,0,0,0,4,6,0
107658,165,907118,1,165,16,72,5,45,2,50,23,19,0.1,0,0,0,0,0,0,0,0,0,0,32,68,0
107661,19,907118,1,19,5,7,0,4,0,6,3,19,0.033333333,0,0,0,0,0,0,0,0,0,0,11,19,0
107679,22,907118,1,22,6,8,0,4,0,3,1,19,0.033333333,0,0,0,0,0,0,0,0,0,0,7,22,0
107688,13,155579,1,13,3,3,0,2,0,4,3,17,0.033333333,0,13,0,0,0,0,0,0,0,0,7,13,0
107691,5,89830,1,5,1,3,0,1,0,2,0,108,0.033333333,0,0,5,0,0,0,0,0,0,0,3,5,0
107718,114,907118,1,114,18,62,0,23,3,41,6,19,0.133333333,0,0,0,0,0,0,0,0,0,0,21,43,16
107723,5,907118,1,5,2,2,0,1,0,1,0,19,0.033333333,0,0,0,0,0,0,0,0,0,0,4,5,0
107726,24,907118,1,24,7,7,0,5,2,3,2,19,0.033333333,0,0,0,0,0,0,0,0,0,0,8,24,0
107736,8,907118,1,8,2,3,0,2,0,2,1,19,0.033333333,0,0,0,0,0,0,0,0,0,0,6,8,0
107751,28,907118,1,28,20,3,0,1,4,2,0,19,0.033333333,0,0,0,0,0,0,0,0,0,0,8,28,0
107754,25,907118,1,25,5,11,0,6,0,8,2,19,0.033333333,0,0,0,0,0,0,0,0,0,0,12,25,0
107758,25,907118,1,25,5,10,0,8,0,7,2,19,0.033333333,0,0,0,0,0,0,0,0,0,0,12,25,0
107761,2,907118,1,2,2,0,0,0,0,0,0,19,0.033333333,0,0,0,0,0,0,0,0,0,0,2,2,0
107763,88,89830,2,1,1,0,0,0,0,0,0,108,0.033333333,0,0,1,0,0,0,0,0,0,0,1,1,0
107767,54,907118,2,49,18,19,0,4,1,8,5,19,0.066666667,0,0,0,0,0,0,0,0,0,0,15,42,7
107768,93,907118,2,87,15,23,4,20,3,25,11,19,0.066666667,0,0,0,0,0,0,0,0,0,0,33,48,0
107769,3,907118,1,3,3,0,0,0,0,0,0,19,0.033333333,0,0,0,0,0,0,0,0,0,0,3,3,0
107783,5,907118,1,5,2,3,0,0,0,2,0,19,0.033333333,0,0,0,0,0,0,0,0,0,0,5,5,0
107799,37,907118,1,37,25,6,0,1,3,1,0,19,0.033333333,0,0,0,0,0,0,0,0,0,0,6,37,0
107815,128,907118,1,128,22,40,13,35,1,32,13,19,0.133333333,0,0,0,0,0,0,0,0,0,0,38,91,13
107822,53,907118,1,53,5,30,0,14,0,21,3,19,0.1,0,0,0,0,0,0,0,0,0,0,12,11,15
107824,6,907118,1,6,5,1,0,0,0,0,0,19,0.033333333,0,0,0,0,0,0,0,0,0,0,3,6,0
107830,24,907118,2,23,7,7,0,5,1,4,1,19,0.033333333,0,0,0,0,0,0,0,0,0,0,11,23,0
107840,214,907118,2,148,9,62,8,43,1,47,23,19,0.166666667,6,0,0,0,0,0,0,0,0,0,44,76,66
107854,86,907118,2,17,4,7,0,4,0,2,1,19,0.066666667,0,0,0,0,0,0,0,0,0,0,8,11,0
107857,37,89830,2,9,2,4,0,2,0,3,1,108,0.033333333,0,0,9,0,0,0,0,0,0,0,6,9,0
107901,17,907118,2,5,2,2,0,1,0,1,0,19,0.033333333,0,0,0,0,0,0,0,0,0,0,4,5,0
107903,136,907118,1,136,14,69,7,31,0,51,14,19,0.166666667,0,0,0,0,0,0,0,0,0,5,36,47,8
107916,28,907118,2,19,14,3,0,1,0,1,0,19,0.033333333,0,0,0,0,0,0,0,0,0,0,6,19,0
107918,37,907118,1,37,6,16,0,10,0,13,5,19,0.033333333,0,0,0,0,0,0,0,0,0,0,15,37,0
107926,172,907118,4,117,12,56,8,35,0,33,5,19,0.3,9,0,0,0,0,0,0,0,0,4,28,11,60
107927,39,907118,1,39,6,18,0,9,0,10,3,19,0.066666667,0,0,0,0,0,0,0,0,0,0,12,26,13
107930,17,155579,1,17,6,2,0,1,0,3,2,17,0.033333333,0,17,0,0,0,0,0,0,0,0,7,17,0
107934,77,907118,2,50,9,16,3,13,2,12,4,19,0.1,0,0,0,0,0,0,0,0,0,0,20,24,0
107941,6,89830,1,6,2,2,0,1,0,1,1,108,0.033333333,0,0,6,0,0,0,0,0,0,0,5,6,0
107963,7,907118,1,7,2,4,0,1,0,1,0,19,0.033333333,0,0,0,0,0,0,0,0,0,0,5,7,0
107964,88,907118,1,88,12,34,1,29,0,25,11,19,0.066666667,0,0,0,0,0,0,0,0,0,0,27,69,0
107974,61,346877,2,11,3,6,0,1,0,3,1,9,0.066666667,0,0,0,0,0,0,0,0,0,0,7,9,2
107976,195,27035,4,33,5,9,0,7,3,9,4,60,0.033333333,0,0,0,0,0,0,0,0,0,0,9,33,0
107978,255,110497,2,1,1,0,0,0,0,0,0,24,0.033333333,0,0,0,0,0,0,0,0,0,0,1,1,0
107980,74,346877,2,59,9,18,9,14,0,14,4,9,0.066666667,0,0,0,0,0,0,0,0,0,0,15,9,0
108001,15,247683,3,8,3,3,0,1,0,2,1,23,0.033333333,0,0,0,0,0,0,0,0,0,0,5,8,0
108002,15,502584,1,15,2,5,0,4,0,4,4,143,0.033333333,0,0,0,0,0,0,0,0,0,0,11,15,0
108009,33,457932,1,33,2,12,2,8,0,12,6,21,0.066666667,0,0,0,0,0,0,0,0,0,0,14,13,20
108015,45,457932,2,18,4,8,0,4,0,5,2,21,0.066666667,0,0,0,0,0,0,0,0,0,0,9,3,15
108031,111,260769,2,45,6,15,4,12,1,10,6,0,0.033333333,0,0,0,0,0,0,0,0,0,0,17,45,0
108043,27,346877,2,1,1,0,0,0,0,0,0,9,0.033333333,0,0,0,0,0,0,0,0,0,0,1,1,0
108046,585,457932,18,18,9,5,0,3,0,2,1,21,0.066666667,0,0,0,0,0,0,0,0,0,0,8,8,0
108075,285,127749,2,144,7,19,55,15,29,16,8,102,0.133333333,0,0,9,0,0,0,0,0,0,0,40,103,41
108080,12,85576,1,12,3,4,0,1,0,5,1,54,0.033333333,0,0,0,0,0,0,0,0,0,0,8,12,0
108089,139,261579,2,3,1,0,0,0,2,0,0,5,0.033333333,0,0,0,0,0,0,0,0,0,0,2,3,0
108096,114,457932,3,23,4,7,2,6,0,6,4,21,0.033333333,0,0,0,0,0,0,0,0,0,0,15,23,0
108102,31,346877,5,8,2,6,0,0,0,5,0,9,0.033333333,0,0,0,0,0,0,0,0,0,0,4,8,0
108103,38,346877,2,32,2,6,10,4,1,11,2,9,0.033333333,0,0,0,0,0,0,0,0,0,0,12,32,0
108137,5,85576,4,1,1,0,0,0,0,0,0,54,0.033333333,0,0,0,0,0,0,0,0,0,0,1,1,0
108140,5,127749,4,1,1,0,0,0,0,0,0,102,0.033333333,0,0,0,0,0,0,0,0,0,0,1,1,0
108144,76,457932,1,76,10,22,12,18,2,15,11,21,0.066666667,0,0,0,0,0,0,0,0,0,0,33,72,4
108147,11,140022,2,9,3,2,0,2,0,2,2,232,0.033333333,0,0,0,0,0,0,0,0,0,0,7,9,0
108151,1143,27035,11,1,1,0,0,0,0,0,0,60,0.033333333,0,0,0,0,0,0,0,0,0,0,1,1,0
108153,309,457932,10,14,3,4,0,3,2,3,2,21,0.033333333,0,0,0,0,0,0,0,0,0,0,8,14,0
108154,399,85168,1,399,31,110,101,77,1,96,36,139,0.133333333,0,0,0,0,0,0,0,356,0,0,52,16,19
108163,19,457932,1,19,5,6,2,1,0,5,1,21,0.033333333,0,0,0,0,0,0,0,0,0,0,11,19,0
108172,104,250865,1,104,18,22,0,0,9,44,0,34,0.033333333,0,0,0,0,0,0,0,0,0,0,11,104,0
108173,28,250865,2,20,1,13,3,0,0,11,0,34,0.033333333,0,0,0,0,0,0,0,0,0,0,7,20,0
108175,6,457932,3,2,2,0,0,0,0,0,0,21,0.033333333,0,0,0,0,0,0,0,0,0,0,2,2,0
108193,12,457932,1,12,1,3,4,2,0,2,1,21,0.033333333,0,0,0,0,0,0,0,0,0,0,6,12,0
108195,15,250865,2,5,1,2,0,1,0,1,1,34,0.033333333,0,0,0,0,0,0,0,0,0,0,4,5,0
108206,1345,260769,8,29,10,6,0,4,4,4,1,0,0.033333333,0,0,0,0,0,0,0,0,0,0,9,29,0
108219,32,140022,1,32,8,16,1,0,2,12,0,232,0.066666667,0,0,0,0,0,0,0,0,0,0,13,20,0
108223,190,260769,2,23,3,10,0,3,0,12,3,0,0.033333333,0,0,0,0,0,0,0,0,0,0,8,23,0
108228,24,85576,3,2,2,0,0,0,0,0,0,54,0.033333333,0,0,0,0,0,0,0,0,0,0,2,2,0
108230,1,399092,1,1,1,0,0,0,0,0,0,101,0.033333333,0,0,0,0,0,0,0,0,0,0,1,1,0
108233,85,457932,3,38,1,18,5,8,0,17,5,21,0.033333333,0,0,0,0,0,0,0,0,0,0,17,38,0
108247,7,127749,1,7,3,2,0,0,2,1,0,102,0.066666667,0,0,0,0,0,0,0,0,0,0,4,2,0
108251,16,86829,2,11,1,9,0,1,0,8,0,63,0.033333333,0,0,0,0,0,0,0,0,0,0,8,11,0
108256,1,346877,1,1,1,0,0,0,0,0,0,9,0.033333333,0,0,0,0,0,0,0,0,0,0,1,1,0
108263,60,250865,1,60,11,14,0,11,10,15,4,34,0.066666667,0,0,0,0,0,0,0,0,0,0,13,48,0
108279,1,260769,1,1,1,0,0,0,0,0,0,0,0.033333333,0,0,0,0,0,0,0,0,0,0,1,1,0
108289,6,86829,2,1,1,0,0,0,0,0,0,63,0.033333333,0,0,0,0,0,0,0,0,0,0,1,1,0
108303,1,260769,1,1,1,0,0,0,0,0,0,0,0.033333333,0,0,0,0,0,0,0,0,0,0,1,1,0
108331,29,188602,2,23,6,6,0,5,1,5,5,96,0.033333333,0,0,0,0,0,0,0,0,0,0,9,23,0
108338,1,261579,1,1,1,0,0,0,0,0,0,5,0.033333333,0,0,0,0,0,0,0,0,0,0,1,1,0
108362,2,250865,1,2,2,0,0,0,0,0,0,34,0.033333333,0,0,0,0,0,0,0,0,0,0,2,2,0
108369,2,346877,2,1,1,0,0,0,0,0,0,9,0.033333333,0,0,0,0,0,0,0,0,0,0,1,1,0
108372,13,247683,1,13,2,5,0,2,1,4,2,23,0.033333333,0,0,0,0,0,0,0,0,0,0,7,13,0
108379,20,457932,1,20,6,4,4,1,1,3,1,21,0.033333333,0,0,0,0,0,0,0,0,0,0,12,20,0
108383,569,346877,5,1,1,0,0,0,0,0,0,9,0.033333333,0,0,0,0,0,0,0,0,0,0,1,1,0
108388,16,346877,3,2,2,0,0,0,0,0,0,9,0.033333333,0,0,0,0,0,0,0,0,0,0,1,2,0
108389,168,260769,2,3,1,2,0,0,0,1,0,0,0.033333333,0,0,0,0,0,0,0,0,0,0,3,3,0
108390,28,250865,1,28,6,5,0,3,8,4,1,34,0.033333333,0,0,0,0,0,0,0,0,0,0,10,28,0
108407,55,250865,2,17,2,4,0,3,1,8,0,34,0.033333333,0,0,0,0,0,0,0,0,0,0,6,17,0
108413,5,250865,1,5,1,2,0,1,0,1,1,34,0.033333333,0,0,0,0,0,0,0,0,0,0,4,5,0
108416,32,457932,1,32,6,13,2,1,4,10,0,21,0.033333333,0,0,0,0,0,0,0,0,0,0,14,32,0
108417,55,261579,2,38,2,13,0,11,0,13,10,5,0.033333333,0,0,0,0,0,0,0,0,0,0,24,38,0
108420,15,260769,2,4,1,2,0,1,0,1,0,0,0.033333333,0,0,0,0,0,0,0,0,0,0,3,4,0
108433,14,250865,1,14,3,5,0,3,0,3,1,34,0.066666667,0,0,0,0,0,0,0,0,0,0,6,5,9
108435,10,260769,1,10,5,2,0,1,1,2,1,0,0.033333333,0,0,0,0,0,0,0,0,0,0,7,10,0
108459,21,260769,1,21,7,5,0,3,1,4,2,0,0.033333333,0,0,0,0,0,0,0,0,0,0,7,21,0
108460,32,457932,2,31,25,2,1,0,1,1,0,21,0.166666667,0,0,0,0,0,0,0,0,0,0,9,11,4
108464,440,457932,4,59,2,18,10,16,0,15,12,21,0.066666667,0,0,0,0,0,0,0,0,0,0,26,10,0
108475,326,457932,6,12,1,5,2,3,0,4,1,21,0.033333333,0,0,0,0,0,0,0,0,0,0,7,12,0
108479,338,399092,5,24,4,18,0,1,0,13,1,101,0.1,0,0,0,0,0,0,0,0,0,0,9,4,0
108487,24,457932,1,24,6,9,3,1,2,8,1,21,0.033333333,0,0,0,0,0,0,0,0,0,0,14,24,0
108490,1072,250865,5,45,10,13,0,8,3,7,4,34,0.066666667,0,0,0,0,0,0,0,0,0,0,11,26,0
108491,1,457932,1,1,1,0,0,0,0,0,0,21,0.033333333,0,0,0,0,0,0,0,0,0,0,1,1,0
108496,13,250865,2,3,3,0,0,0,0,0,0,34,0.066666667,0,0,0,0,0,0,0,0,0,0,2,2,0
108497,15,127749,1,15,12,0,0,0,1,0,0,102,0.033333333,0,0,0,0,0,0,0,0,0,0,6,15,0
108498,1,502584,1,1,1,0,0,0,0,0,0,143,0.033333333,0,0,0,0,0,0,0,0,0,0,1,1,0
108501,1,46603,1,1,1,0,0,0,0,0,0,5,0.033333333,0,0,0,0,0,0,0,0,0,0,1,1,0
108510,18,260769,2,17,4,5,0,4,0,4,4,0,0.033333333,0,0,0,0,0,0,0,0,0,0,8,17,0
108544,90,457932,3,63,2,16,14,15,0,16,13,21,0.033333333,0,0,0,0,0,0,0,0,0,0,27,63,0
108547,67,502584,1,67,4,12,29,0,0,19,0,143,0.1,0,0,0,0,0,0,0,0,0,0,9,3,4
108549,6,502584,1,6,2,2,0,1,0,1,1,143,0.033333333,0,0,0,0,0,0,0,0,0,0,5,6,0
108586,48,346877,1,48,10,12,10,8,2,9,0,9,0.066666667,0,0,0,0,0,0,0,0,0,0,14,40,8
108595,17,457932,1,17,2,4,3,3,0,6,2,21,0.033333333,0,0,0,0,0,0,0,0,0,0,9,17,0
108596,3,250865,1,3,1,2,0,0,0,1,0,34,0.033333333,0,0,0,0,0,0,0,0,0,0,3,3,0
108598,8,127749,2,2,2,0,0,0,0,0,0,102,0.033333333,0,0,0,0,0,0,0,0,0,0,2,2,0
108624,75,457932,1,75,12,21,13,14,2,15,6,21,0.066666667,0,0,0,0,0,0,0,0,0,0,23,2,0
108632,6,127749,1,6,6,0,0,0,0,0,0,102,0.033333333,0,0,0,0,0,0,0,0,0,0,1,6,0
108636,159,457932,5,10,2,3,2,2,0,2,1,21,0.033333333,0,0,0,0,0,0,0,0,0,0,7,10,0
108641,297,457932,3,33,9,10,0,7,2,7,4,21,0.033333333,0,0,0,0,0,0,0,0,0,0,11,33,0
108660,1561,188602,13,161,10,19,79,19,0,30,16,96,0.1,0,0,0,0,0,0,0,0,0,0,56,2,0
108663,216,346877,4,10,3,4,0,2,0,1,1,9,0.033333333,0,0,0,0,0,0,0,0,0,0,5,10,0
108670,56,502584,2,55,7,9,8,5,0,18,4,143,0.066666667,0,0,0,0,0,0,0,0,0,0,11,8,0
108674,98,250865,3,5,1,2,0,1,0,1,1,34,0.033333333,0,0,0,0,0,0,0,0,0,0,4,5,0
108694,1394,247683,4,7,2,3,0,1,0,2,1,23,0.033333333,0,0,0,0,0,0,0,0,0,0,4,7,0
108695,23,399092,1,23,13,4,0,3,1,3,1,101,0.033333333,0,0,0,0,0,0,0,0,0,0,9,23,0
108697,94,127749,4,19,3,11,0,1,2,9,1,102,0.066666667,0,0,0,0,0,0,0,0,0,0,11,12,0
108719,6,346877,1,6,2,2,0,1,0,1,1,9,0.033333333,0,0,0,0,0,0,0,0,0,0,5,6,0
108722,52,346877,2,6,3,1,0,1,0,1,1,9,0.033333333,0,0,0,0,0,0,0,0,0,0,6,6,0
108725,9,127749,2,4,4,0,0,0,0,0,0,102,0.033333333,0,0,0,0,0,0,0,0,0,0,2,4,0
108731,1,110497,1,1,1,0,0,0,0,0,0,24,0.033333333,0,0,0,0,0,0,0,0,0,0,1,1,0
108752,6,250865,1,6,1,2,0,1,0,2,0,34,0.033333333,0,0,0,0,0,0,0,0,0,0,3,6,0
108755,35,250865,1,35,6,8,0,5,1,13,3,34,0.033333333,0,0,0,0,0,0,0,0,0,0,11,35,0
108756,206,127749,2,190,14,34,74,27,7,27,19,102,0.033333333,0,0,0,0,0,0,0,0,0,0,45,190,0
108763,6,260769,1,6,2,2,0,1,0,1,1,0,0.033333333,0,0,0,0,0,0,0,0,0,0,5,6,0
108774,41,110497,4,1,1,0,0,0,0,0,0,24,0.033333333,0,0,0,0,0,0,0,0,0,0,1,1,0
108775,37,457932,3,35,6,7,9,5,0,5,3,21,0.033333333,0,0,0,0,0,0,0,0,0,0,10,35,0
108786,171,346877,2,4,2,2,0,0,0,1,0,9,0.033333333,0,0,0,0,0,0,0,0,0,0,3,4,0
108787,1,127749,1,1,1,0,0,0,0,0,0,102,0.033333333,0,0,0,0,0,0,0,0,0,0,1,1,0
108795,19,250865,3,2,2,0,0,0,0,0,0,34,0.033333333,0,0,0,0,0,0,0,0,0,0,1,2,0
108796,2,250865,1,2,2,0,0,0,0,0,0,34,0.033333333,0,0,0,0,0,0,0,0,0,0,1,2,0
108813,164,502584,3,1,1,0,0,0,0,0,0,143,0.033333333,0,0,0,0,0,0,0,0,0,0,1,1,0
108821,671,250865,2,208,12,57,27,50,4,70,21,34,0.066666667,0,0,0,0,0,0,0,8,0,0,24,200,0
108833,42,260769,1,42,8,20,0,3,0,13,4,0,0.033333333,0,0,0,0,0,0,0,0,0,0,10,42,0
108846,97,260769,2,43,3,21,0,11,0,18,8,0,0.066666667,0,0,0,0,0,0,0,0,0,0,22,12,0
108850,30,250865,3,3,3,0,0,0,0,0,0,34,0.033333333,0,0,0,0,0,0,0,0,0,0,2,3,0
108855,33,127749,2,25,3,10,0,7,0,7,5,102,0.033333333,0,0,0,0,0,0,0,0,0,0,12,25,0
108861,26,457932,4,1,1,0,0,0,0,0,0,21,0.033333333,0,0,0,0,0,0,0,0,0,0,1,1,0
108862,72,250865,3,37,5,10,0,7,1,18,2,34,0.033333333,0,0,0,0,0,0,0,0,0,0,8,37,0
108865,64,261579,3,34,4,22,0,5,0,18,2,5,0.066666667,0,0,0,0,0,0,0,0,0,0,22,15,0
108873,828,457932,7,206,5,61,35,56,0,51,45,21,0.133333333,112,0,0,0,0,75,0,0,0,0,76,15,0
108914,66,502584,3,24,4,7,0,1,0,12,1,143,0.033333333,0,0,0,0,0,0,0,0,0,0,9,24,0
108926,66,457932,3,39,5,15,10,2,0,15,2,21,0.066666667,0,0,0,0,0,0,0,0,0,0,18,23,16
108929,33,260769,4,6,2,2,0,1,0,1,1,0,0.033333333,0,0,0,0,0,0,0,0,0,0,4,6,0
108952,236,46603,4,1,1,0,0,0,0,0,0,5,0.033333333,0,0,0,0,0,0,0,0,0,0,1,1,0
108953,20,250865,1,20,1,6,3,5,0,6,3,34,0.033333333,0,0,0,0,0,0,0,0,0,0,9,20,0
108959,11,457932,2,10,3,2,0,1,2,1,0,21,0.033333333,0,0,0,0,0,0,0,0,0,0,4,10,0
108969,214,261579,2,9,2,3,0,2,0,2,2,5,0.033333333,0,0,0,0,0,0,0,0,0,0,7,9,0
108970,225,457932,3,29,1,13,11,1,0,13,1,21,0.033333333,0,0,0,0,0,0,0,0,0,0,13,29,0
108996,510,86829,2,6,2,2,0,1,0,1,1,63,0.033333333,0,0,0,0,0,0,0,0,0,0,5,6,0
109006,534,457932,6,37,5,10,2,1,0,9,1,21,0.033333333,0,0,0,0,0,0,0,0,0,0,13,37,0
109013,16,457932,1,16,1,4,5,3,0,3,2,21,0.033333333,0,0,0,0,0,0,0,0,0,0,8,16,0
109032,624,261579,5,15,5,5,0,3,0,2,2,5,0.1,0,0,0,0,0,0,0,0,0,0,7,7,8
109033,81,188602,2,36,3,14,13,0,0,17,0,96,0.033333333,0,0,0,0,0,0,0,0,0,0,9,36,0
109034,15,140022,2,9,2,3,0,1,0,4,1,232,0.033333333,0,0,0,0,0,0,0,0,0,0,5,9,0
109038,20,261579,2,7,2,3,0,2,0,2,0,5,0.033333333,0,0,0,0,0,0,0,0,0,0,5,7,0
109049,10,502584,2,9,4,2,0,1,1,1,1,143,0.033333333,0,0,0,0,0,0,0,0,0,0,5,9,0
109054,25,346877,1,25,5,9,0,6,1,4,4,9,0.066666667,0,0,0,0,0,0,0,0,0,0,8,14,11
109078,1351,457932,3,21,4,7,3,1,3,5,1,21,0.066666667,0,0,0,0,0,0,0,0,0,0,9,16,0
109084,113,127749,2,1,1,0,0,0,0,0,0,102,0.033333333,0,0,0,0,0,0,0,0,0,0,1,1,0
109100,3790,260769,14,1,1,0,0,0,0,0,0,0,0.033333333,0,0,0,0,0,0,0,0,0,0,1,1,0
109101,6,502584,1,6,2,2,0,1,0,1,1,143,0.033333333,0,0,0,0,0,0,0,0,0,0,5,6,0
109112,15,457932,1,15,5,5,3,0,0,3,1,21,0.066666667,0,0,0,0,0,0,0,0,0,0,8,3,12
109115,28,260769,1,28,1,8,0,7,0,10,7,0,0.033333333,0,0,0,0,0,0,0,0,0,0,16,28,0
109118,33,250865,1,33,2,10,1,9,0,16,3,34,0.066666667,0,0,0,0,0,0,0,0,0,0,7,32,1
109119,40,127749,2,2,2,0,0,0,0,0,0,102,0.033333333,0,0,0,0,0,0,0,0,0,0,2,2,0
109127,434,85576,9,1,1,0,0,0,0,0,0,54,0.033333333,0,0,0,0,0,0,0,0,0,0,1,1,0
109128,8,346877,2,6,2,2,0,1,0,1,1,9,0.033333333,0,0,0,0,0,0,0,0,0,0,5,6,0
109136,28,127749,2,1,1,0,0,0,0,0,0,102,0.033333333,0,0,0,0,0,0,0,0,0,0,1,1,0
109147,7,86829,2,6,2,2,0,1,0,1,1,63,0.033333333,0,0,0,0,0,0,0,0,0,0,5,6,0
109155,6,110497,2,4,4,0,0,0,0,0,0,24,0.066666667,0,0,0,0,0,0,0,0,0,0,2,1,3
109161,1,457932,1,1,1,0,0,0,0,0,0,21,0.033333333,0,0,0,0,0,0,0,0,0,0,1,1,0
109185,3,260769,1,3,3,0,0,0,0,0,0,0,0.033333333,0,0,0,0,0,0,0,0,0,0,1,3,0
109189,6,346877,1,6,2,2,0,1,0,1,1,9,0.033333333,0,0,0,0,0,0,0,0,0,0,5,6,0
109190,45,250865,1,45,6,6,12,6,0,21,0,34,0.1,0,0,0,0,0,0,0,0,0,0,14,4,39
109191,450,127749,8,57,5,35,0,12,0,31,5,102,0.066666667,0,0,0,0,0,0,0,0,0,0,16,6,0
109193,2032,127749,4,553,19,41,395,31,3,35,14,102,0.233333333,0,1,0,0,0,0,0,0,303,0,131,537,0
109195,64,127749,5,16,2,7,0,4,0,4,3,102,0.033333333,0,0,0,0,0,0,0,0,0,0,9,16,0
109203,288,260769,2,18,3,7,0,1,0,8,1,0,0.033333333,0,0,0,0,0,0,0,0,0,0,7,18,0
109217,1,188602,1,1,1,0,0,0,0,0,0,96,0.033333333,0,0,0,0,0,0,0,0,0,0,1,1,0
109222,1,46603,1,1,1,0,0,0,0,0,0,5,0.033333333,0,0,0,0,0,0,0,0,0,0,1,1,0
109223,298,399092,1,298,14,87,48,21,15,132,19,101,0.1,0,0,0,0,0,0,0,0,0,0,36,189,0
109230,135,260769,3,14,2,5,0,4,1,6,0,0,0.033333333,0,0,0,0,0,0,0,0,0,0,6,14,0
109231,2,86829,2,1,1,0,0,0,0,0,0,63,0.033333333,0,0,0,0,0,0,0,0,0,0,1,1,0
109254,11,457932,1,11,1,2,4,1,0,3,0,21,0.033333333,0,0,0,0,0,0,0,0,0,0,4,11,0
109259,23,250865,1,23,1,5,0,4,0,10,3,34,0.033333333,0,0,0,0,0,0,0,0,0,0,8,23,0
109261,2,502584,1,2,2,0,0,0,0,0,0,143,0.033333333,0,0,0,0,0,0,0,0,0,0,2,2,0
109274,29,457932,1,29,4,6,4,5,0,10,4,21,0.033333333,0,0,0,0,0,0,0,0,0,0,15,29,0
109278,127,127749,3,101,12,31,17,17,10,24,9,102,0.066666667,0,0,0,0,0,0,0,0,0,0,24,90,0
109279,676,127749,10,123,13,32,0,21,46,20,9,102,0.033333333,0,0,0,0,0,0,0,0,0,0,26,123,0
109298,73,110497,3,1,1,0,0,0,0,0,0,24,0.033333333,0,0,0,0,0,0,0,0,0,0,1,1,0
109307,224,250865,2,81,2,16,23,14,2,26,8,34,0.066666667,0,0,0,0,0,0,0,0,0,0,14,77,0
109318,127,85576,3,1,1,0,0,0,0,0,0,54,0.033333333,0,0,0,0,0,0,0,0,0,0,1,1,0
109326,13,399092,1,13,5,4,0,3,0,3,0,101,0.033333333,0,0,0,0,0,0,0,0,0,0,9,13,0
109329,45,457932,3,13,2,4,3,2,0,3,1,21,0.033333333,0,0,0,0,0,0,0,0,0,0,8,13,0
109350,17,457932,1,17,4,6,0,3,2,5,2,21,0.033333333,0,0,0,0,0,0,0,0,0,0,10,17,0
109354,8,502584,1,8,4,2,0,1,0,1,1,143,0.033333333,0,0,0,0,0,0,0,0,0,0,6,8,0
109359,761,127749,7,5,1,3,0,1,0,2,0,102,0.033333333,0,0,0,0,0,0,0,0,0,0,3,5,0
109365,197,250865,5,15,1,5,2,2,0,8,1,34,0.033333333,0,0,0,0,0,0,0,0,0,0,6,15,0
109377,44,188602,1,44,2,6,29,1,0,6,0,96,0.033333333,0,0,0,0,0,0,0,0,0,0,14,44,0
109380,45,42723,2,1,1,0,0,0,0,0,0,6,0.033333333,0,0,0,0,0,0,0,0,0,0,1,1,0
109385,215,457932,3,24,1,6,6,5,0,5,3,21,0.033333333,0,0,0,0,0,0,0,0,0,0,8,24,0
109391,127,457932,3,21,3,8,0,6,0,5,4,21,0.066666667,0,0,0,0,0,0,0,0,0,0,13,11,10
109411,440,260769,4,17,3,7,0,4,0,4,3,0,0.033333333,0,0,0,0,0,0,0,0,0,0,9,17,0
109419,33,260769,4,12,3,5,0,1,0,4,1,0,0.033333333,0,0,0,0,0,0,0,0,0,0,6,12,0
109421,33,140022,4,18,1,3,6,1,0,5,1,232,0.033333333,0,0,0,0,0,0,0,0,0,0,7,18,0
109430,4,457932,1,4,2,2,0,0,0,1,0,21,0.033333333,0,0,0,0,0,0,0,0,0,0,3,4,0
109432,72,250865,1,72,9,20,3,12,8,23,4,34,0.033333333,0,0,0,0,0,0,0,0,0,0,12,72,0
109439,419,85168,4,6,2,2,0,1,0,1,1,139,0.033333333,0,0,0,0,0,0,0,0,0,0,5,6,0
109450,14,260769,2,13,3,4,0,3,0,3,3,0,0.033333333,0,0,0,0,0,0,0,0,0,0,9,13,0
109455,25,127749,3,8,4,2,0,1,0,1,1,102,0.066666667,0,0,0,0,0,0,0,0,0,0,5,7,1
109464,113,260769,3,31,7,13,0,8,0,4,3,0,0.066666667,0,0,0,0,0,0,4,0,0,0,11,27,0
109477,163,346877,4,1,1,0,0,0,0,0,0,9,0.033333333,0,0,0,0,0,0,0,0,0,0,1,1,0
109483,41,260769,1,41,5,12,0,10,1,12,6,0,0.033333333,0,0,0,0,0,0,0,0,0,0,16,41,0
109485,327,457932,4,1,1,0,0,0,0,0,0,21,0.033333333,0,0,0,0,0,0,0,0,0,0,1,1,0
109518,107,188602,5,1,1,0,0,0,0,0,0,96,0.033333333,0,0,0,0,0,0,0,0,0,0,1,1,0
109531,22,457932,1,22,7,10,2,0,2,7,0,21,0.066666667,0,0,0,0,0,0,0,0,0,0,11,7,15
109534,82,399092,2,29,9,9,0,4,0,10,0,101,0.033333333,0,0,0,0,0,0,0,0,0,0,8,29,0
109547,9,346877,1,9,3,5,0,0,0,4,1,9,0.033333333,0,0,0,0,0,0,0,0,0,0,8,9,0
109555,1098,85168,11,304,19,10,226,10,0,11,0,139,0.2,0,0,0,0,0,0,12,0,0,0,64,119,0
109556,44,250865,4,7,2,3,0,1,0,2,1,34,0.033333333,0,0,0,0,0,0,0,0,0,0,5,7,0
109565,29,250865,1,29,3,10,0,7,1,10,3,34,0.066666667,0,0,0,0,0,0,0,0,0,0,8,10,0
109573,8,260769,1,8,3,3,0,1,0,2,1,0,0.033333333,0,0,0,0,0,0,0,0,0,0,6,8,0
109589,260,260769,6,148,19,79,23,5,10,59,3,0,0.133333333,0,0,0,0,0,0,0,0,0,0,32,86,0
109595,1,260769,1,1,1,0,0,0,0,0,0,0,0.033333333,0,0,0,0,0,0,0,0,0,0,1,1,0
109601,307,127749,5,10,3,4,0,2,0,1,1,102,0.033333333,0,0,0,0,0,0,0,0,0,0,5,10,0
109603,40,27035,1,40,8,9,3,8,0,17,0,60,0.033333333,0,0,0,0,0,0,0,0,0,0,9,40,0
109608,228,42723,7,25,8,10,0,5,0,3,2,6,0.1,0,0,0,0,0,4,0,0,0,0,8,11,10
109613,12,457932,1,12,2,4,3,2,0,3,0,21,0.033333333,0,0,0,0,0,0,0,0,0,0,6,12,0
109615,21,250865,1,21,3,4,0,1,2,11,1,34,0.033333333,0,0,0,0,0,0,0,0,0,0,5,21,0
109621,21,85576,2,10,7,1,0,1,0,1,1,54,0.033333333,0,0,0,0,0,0,0,0,0,0,7,10,0
109650,56,27035,3,7,2,3,0,2,0,2,0,60,0.033333333,0,0,0,0,0,0,0,0,0,0,3,7,0
109659,1,110497,1,1,1,0,0,0,0,0,0,24,0.033333333,0,0,0,0,0,0,0,0,0,0,1,1,0
109667,20,250865,1,20,4,8,0,4,3,5,0,34,0.033333333,0,0,0,0,0,0,0,0,0,0,10,20,0
109695,1,346877,1,1,1,0,0,0,0,0,0,9,0.033333333,0,0,0,0,0,0,0,0,0,0,1,1,0
109716,143,346877,3,86,6,27,15,15,0,27,9,9,0.133333333,0,0,0,0,0,0,0,0,0,0,19,10,7
109719,8,502584,3,6,6,0,0,0,0,0,0,143,0.033333333,0,0,0,0,0,0,0,0,0,0,2,6,0
109721,813,260769,4,1,1,0,0,0,0,0,0,0,0.033333333,0,0,0,0,0,0,0,0,0,0,1,1,0
109725,8,46603,3,1,1,0,0,0,0,0,0,5,0.033333333,0,0,0,0,0,0,0,0,0,0,1,1,0
109729,648,260769,3,38,11,12,0,7,3,4,2,0,0.133333333,0,0,0,0,0,0,0,0,0,0,9,1,27
109733,155,502584,5,1,1,0,0,0,0,0,0,143,0.033333333,0,0,0,0,0,0,0,0,0,0,1,1,0
109746,21,127749,1,21,5,7,0,5,1,4,3,102,0.033333333,0,0,0,0,0,0,0,0,0,0,10,21,0
109752,80,457932,2,74,7,21,13,15,0,15,6,21,0.033333333,0,0,0,0,0,0,0,0,0,0,19,74,0
109755,17,110497,3,8,1,3,0,2,0,2,2,24,0.033333333,0,0,0,0,0,0,0,0,0,0,6,8,0
109773,96,110497,5,2,2,0,0,0,0,0,0,24,0.033333333,0,0,0,0,0,0,0,0,0,0,2,2,0
109787,17,457932,1,17,4,4,4,1,0,4,1,21,0.033333333,0,0,0,0,0,0,0,0,0,0,8,17,0
109792,23,457932,3,21,4,8,5,1,0,7,1,21,0.033333333,0,0,0,0,0,0,0,0,0,0,8,21,0
109811,329,86829,2,22,1,12,0,6,0,11,3,63,0.033333333,0,0,0,0,0,0,0,0,0,0,9,22,0
109832,98,457932,1,98,13,29,15,17,4,26,14,21,0.1,0,0,0,0,0,0,0,0,0,0,39,48,31
109833,8,250865,1,8,2,4,0,2,0,3,0,34,0.033333333,0,0,0,0,0,0,0,0,0,0,5,8,0
109836,45,457932,2,12,2,4,2,3,0,3,1,21,0.033333333,0,0,0,0,0,0,0,0,0,0,7,12,0
109840,222,85576,3,50,2,7,27,4,0,8,4,54,0.066666667,0,0,0,0,0,0,0,0,0,0,14,8,0
109841,347,127749,1,347,9,42,205,38,1,42,0,102,0.166666667,0,0,0,0,0,24,128,80,5,0,91,115,0
109853,91,502584,2,80,4,14,22,11,11,21,6,143,0.033333333,0,0,0,0,0,0,0,0,0,0,23,80,0
109856,293,346877,3,8,1,3,0,2,0,2,2,9,0.066666667,0,0,0,0,0,0,0,0,0,0,6,6,2
109861,4,140022,1,4,2,2,0,0,0,1,0,232,0.033333333,0,0,0,0,0,0,0,0,0,0,4,4,0
109864,14,250865,1,14,4,5,0,3,0,2,1,34,0.033333333,0,0,0,0,0,0,0,0,0,0,9,14,0
109881,53,42723,2,20,4,2,0,1,12,1,1,6,0.033333333,0,0,0,0,0,0,0,0,0,0,5,20,0
109888,38,346877,2,31,8,9,0,6,1,8,6,9,0.1,0,0,0,0,0,0,0,0,0,0,10,14,0
109893,26,457932,3,10,1,4,0,3,0,3,2,21,0.033333333,0,0,0,0,0,0,0,0,0,0,7,10,0
109900,78,188602,9,3,3,0,0,0,0,0,0,96,0.033333333,0,0,0,0,0,0,0,0,0,0,1,3,0
109903,10,127749,2,5,1,2,0,1,0,1,1,102,0.033333333,0,0,0,0,0,0,0,0,0,0,4,5,0
109907,2,46603,1,2,2,0,0,0,0,0,0,5,0.033333333,0,0,0,0,0,0,0,0,0,0,1,2,0
109925,68,110497,6,1,1,0,0,0,0,0,0,24,0.033333333,0,0,0,0,0,0,0,0,0,0,1,1,0
109928,33,27035,3,1,1,0,0,0,0,0,0,60,0.033333333,0,0,0,0,0,0,0,0,0,0,1,1,0
109939,343,27035,4,1,1,0,0,0,0,0,0,60,0.033333333,0,0,0,0,0,0,0,0,0,0,1,1,0
109948,76,399092,1,76,19,27,6,0,5,30,0,101,0.066666667,0,0,0,0,0,0,0,0,0,0,17,22,0
109969,146,140022,10,7,3,3,0,1,0,2,0,232,0.033333333,0,0,0,0,0,0,0,0,0,0,4,7,0
109970,146,399092,10,47,4,14,0,11,1,21,6,101,0.066666667,0,0,0,0,0,0,0,0,0,0,17,46,0
109972,146,27035,10,6,2,3,0,1,0,2,0,60,0.033333333,0,0,0,0,0,0,0,0,0,0,3,6,0
109981,141,261579,5,24,7,9,0,6,0,10,1,5,0.133333333,0,0,0,0,4,0,0,0,0,0,8,5,0
109984,19,85576,2,6,1,3,0,1,0,2,1,54,0.033333333,0,0,0,0,0,0,0,0,0,0,4,6,0
109991,7,399092,1,7,5,2,0,0,0,1,0,101,0.033333333,0,0,0,0,0,0,0,0,0,0,3,7,0
110013,826,127749,8,2,2,0,0,0,0,0,0,102,0.066666667,0,0,0,0,0,0,0,0,0,0,1,1,1
110032,883,27035,5,26,16,4,0,2,1,1,0,60,0.066666667,0,0,0,0,0,0,0,0,0,0,8,18,0
110053,268,85168,2,263,4,22,137,11,2,54,8,139,0.1,0,0,0,0,0,0,0,0,0,0,66,87,30
110062,25,907118,1,25,11,6,0,4,1,3,1,19,0.033333333,0,0,0,0,0,0,0,0,0,0,10,25,0
110067,28,907118,1,28,11,8,0,6,1,5,2,19,0.066666667,0,0,0,0,0,0,0,0,0,0,12,26,2
110070,54,89830,2,1,1,0,0,0,0,0,0,108,0.033333333,0,0,0,0,0,0,0,0,0,0,1,1,0
110099,258,907118,1,258,20,61,35,44,18,66,25,19,0.333333333,69,0,21,8,4,0,0,0,0,0,75,89,72
110106,158,155579,8,51,12,8,0,4,24,3,2,17,0.1,0,0,0,0,0,0,4,0,0,0,11,39,8
110108,33,907118,1,33,18,8,0,4,1,8,0,19,0.066666667,0,0,0,0,0,0,0,0,0,0,9,16,0
110132,11,907118,1,11,4,4,0,1,0,3,2,19,0.033333333,0,0,0,0,0,0,0,0,0,0,8,11,0
110137,244,907118,1,244,25,107,16,44,0,97,33,19,0.166666667,0,0,0,0,0,0,0,0,0,111,54,51,26
110142,12,907118,1,12,2,5,0,3,0,4,2,19,0.033333333,0,0,0,0,0,0,0,0,0,0,9,12,0
110143,164,907118,2,163,20,63,30,40,1,52,0,19,0.266666667,3,0,3,20,12,0,0,0,0,5,31,120,0
110144,21,907118,2,15,3,6,0,5,0,5,1,19,0.033333333,0,0,0,0,0,0,0,0,0,0,9,15,0
110155,107,91935,1,107,6,28,18,26,2,30,21,26,0.066666667,0,95,0,0,0,0,0,12,0,0,54,95,0
110161,140,91935,3,1,1,0,0,0,0,0,0,26,0.033333333,0,1,0,0,0,0,0,0,0,0,1,1,0
110170,267,155579,2,17,6,5,0,3,2,1,1,17,0.1,0,0,0,0,0,0,13,0,0,2,8,2,0
110173,72,907118,2,66,15,41,3,2,2,32,0,19,0.1,16,0,0,0,0,0,0,0,0,0,23,42,0
110179,8,91935,1,8,4,2,0,1,0,1,1,26,0.033333333,0,8,0,0,0,0,0,0,0,0,5,8,0
110210,55,907118,1,55,9,21,3,0,9,22,8,19,0.033333333,0,0,0,0,0,0,0,0,0,0,23,55,0
110214,4,907118,1,4,1,2,0,1,0,1,0,19,0.033333333,0,0,0,0,0,0,0,0,0,0,3,4,0
110218,68,907118,1,68,22,25,0,15,1,13,4,19,0.133333333,0,0,0,0,0,0,0,0,0,0,16,14,0
110219,10,907118,1,10,5,2,0,1,0,1,0,19,0.033333333,0,0,0,0,0,0,0,0,0,0,5,10,0
110220,28,907118,1,28,11,11,0,5,0,4,0,19,0.1,0,0,0,0,0,0,0,0,22,1,9,5,22
110222,1,155579,1,1,1,0,0,0,0,0,0,17,0.033333333,0,0,0,0,0,0,0,0,0,0,1,1,0
110230,159,91935,8,6,2,2,0,1,0,1,1,26,0.033333333,0,6,0,0,0,0,0,0,0,0,5,6,0
110233,1,155579,1,1,1,0,0,0,0,0,0,17,0.033333333,0,0,0,0,0,0,0,0,0,0,1,1,0
110234,67,907118,1,67,16,25,0,17,5,14,2,19,0.1,0,0,0,0,0,0,0,0,0,0,15,34,16
110251,97,89830,3,1,1,0,0,0,0,0,0,108,0.033333333,0,0,0,0,0,0,0,0,0,0,1,1,0
110257,10,89830,1,10,5,2,0,1,1,1,1,108,0.033333333,0,0,0,0,0,0,0,0,0,0,6,10,0
110263,462,907118,4,80,13,30,4,21,1,19,9,19,0.166666667,0,0,0,15,0,0,0,0,0,0,26,32,0
110266,24,907118,1,24,3,10,0,7,1,7,0,19,0.033333333,0,0,0,0,0,0,0,0,0,0,8,24,0
110274,2,89830,2,1,1,0,0,0,0,0,0,108,0.033333333,0,0,0,0,0,0,0,0,0,0,1,1,0
110280,302,907118,5,5,4,0,0,0,0,0,0,19,0.033333333,0,0,0,0,0,0,0,0,0,0,4,5,0
110281,276,907118,4,73,9,16,4,11,24,13,6,19,0.066666667,0,0,0,0,0,0,0,0,0,0,23,61,0
110282,50,91935,2,5,1,2,0,1,0,1,1,26,0.033333333,0,5,0,0,0,0,0,0,0,0,4,5,0
110287,58,907118,2,43,20,9,0,4,1,9,4,19,0.1,0,0,0,0,0,0,0,0,0,0,16,6,0
110290,13,91935,2,6,2,2,0,1,0,1,1,26,0.033333333,0,6,0,0,0,0,0,0,0,0,5,6,0
110295,279,91935,3,21,4,8,0,5,0,5,4,26,0.066666667,0,8,0,0,0,0,0,13,0,0,14,8,0
110297,479,155579,3,17,3,5,0,4,0,5,4,17,0.033333333,0,0,0,0,0,0,0,0,0,0,8,17,0
110300,6,91935,1,6,6,0,0,0,0,0,0,26,0.033333333,0,6,0,0,0,0,0,0,0,0,2,6,0
110312,1,155579,1,1,1,0,0,0,0,0,0,17,0.033333333,0,0,0,0,0,0,0,0,0,0,1,1,0
110321,11,907118,1,11,2,4,0,1,4,3,0,19,0.033333333,0,0,0,0,0,0,0,0,0,0,5,11,0
110339,354,907118,3,14,4,6,0,3,0,3,1,19,0.066666667,0,0,0,0,0,0,0,0,0,0,7,8,0
110348,205,907118,8,33,3,13,0,11,0,10,6,19,0.066666667,0,0,0,0,0,0,0,0,0,28,18,5,28
110365,70,195289,3,30,1,6,6,4,2,9,6,105,0.066666667,0,0,0,0,0,0,0,0,0,0,14,5,25
110367,458,208752,1,458,32,71,60,59,18,145,104,24,0.366666667,0,70,0,0,0,0,101,0,0,0,101,129,2
110369,36,907118,1,36,11,14,0,9,1,4,0,19,0.033333333,0,0,0,0,0,0,0,0,0,0,10,36,0
110377,11,208752,1,11,2,1,0,1,0,4,4,24,0.033333333,0,0,0,0,0,0,0,0,0,0,8,11,0
110386,19,907118,1,19,4,7,0,5,0,4,3,19,0.033333333,0,0,0,0,0,0,0,0,0,0,9,19,0
110393,667,208752,6,285,25,66,39,38,7,77,45,24,0.5,46,0,4,0,0,13,0,0,4,25,79,123,37
110397,254,208752,3,249,23,46,30,28,14,71,51,24,0.3,7,8,0,0,0,0,0,42,30,0,77,151,5
110401,11,195289,1,11,5,2,0,2,0,2,2,105,0.066666667,0,0,0,0,0,0,0,0,0,0,8,3,0
110406,967,195289,11,95,15,29,7,20,0,25,10,105,0.266666667,13,7,0,1,0,0,0,0,1,0,21,11,36
110441,21,208752,2,15,4,7,0,3,0,4,1,24,0.066666667,0,0,0,0,0,0,0,0,0,0,6,2,0
110452,8,208752,1,8,6,2,0,0,0,2,0,24,0.033333333,0,0,0,0,0,0,0,0,0,0,4,8,0
110465,184,907118,1,184,34,81,18,7,5,61,30,19,0.133333333,0,6,0,0,0,0,0,0,0,0,44,92,42
110479,14,907118,1,14,2,6,0,4,1,3,1,19,0.033333333,0,0,0,0,0,0,0,0,0,0,6,14,0
110492,162,208752,1,162,8,24,36,10,11,53,29,24,0.1,0,0,0,0,0,40,0,0,0,0,55,65,0
110496,9,907118,1,9,2,3,0,2,1,2,1,19,0.033333333,0,0,0,0,0,0,0,0,0,0,6,9,0
110499,20,195289,1,20,3,8,0,5,0,5,4,105,0.066666667,0,0,0,0,0,0,0,0,0,0,8,17,0
110500,272,907118,1,272,26,105,10,65,22,92,18,19,0.166666667,0,0,0,0,4,0,0,0,21,0,47,102,0
110501,1208,208752,4,263,42,25,29,14,40,74,50,24,0.433333333,9,68,0,0,37,0,0,0,0,0,83,24,48
110503,1710,208752,6,425,39,114,49,37,65,134,49,24,0.466666667,123,0,0,0,0,0,6,0,0,2,78,95,2
110506,55,208752,1,55,6,9,4,5,11,10,9,24,0.066666667,0,0,0,0,0,0,0,0,0,0,16,24,31
110519,349,91935,2,1,1,0,0,0,0,0,0,26,0.033333333,0,0,0,0,0,0,0,1,0,0,1,1,0
110535,288,208752,1,288,7,40,33,14,55,102,57,24,0.166666667,0,0,0,0,0,0,0,0,0,83,87,146,83
110540,280,208752,1,280,47,65,23,35,36,65,17,24,0.333333333,0,0,0,0,0,0,0,0,0,0,44,159,44
110543,495,208752,3,1,1,0,0,0,0,0,0,24,0.033333333,0,0,0,0,0,0,0,0,0,0,1,1,0
110547,63,208752,1,63,8,15,5,7,2,20,13,24,0.066666667,0,0,0,0,0,0,0,0,0,0,25,23,0
110553,355,208752,10,35,4,11,0,8,0,10,8,24,0.1,0,0,0,0,0,0,0,0,0,0,7,12,0
110569,101,208752,1,101,14,15,11,10,6,29,19,24,0.133333333,0,0,0,0,0,0,0,0,0,0,38,55,0
110573,27,208752,1,27,2,4,5,3,1,10,5,24,0.033333333,0,0,0,0,0,0,0,0,0,0,13,27,0
110592,1331,208752,7,187,12,57,15,37,1,66,22,24,0.166666667,0,0,0,0,0,0,0,0,0,0,34,51,22
110597,7,907118,1,7,1,3,0,2,0,2,1,19,0.033333333,0,0,0,0,0,0,0,0,0,0,5,7,0
110605,99,208752,1,99,9,21,11,11,2,32,23,24,0.133333333,12,0,0,0,0,0,0,11,0,0,38,39,0
110610,146,907118,1,146,4,52,13,47,0,48,21,19,0.133333333,0,0,0,10,0,19,0,0,0,0,54,99,10
110658,7,91935,2,6,2,2,0,1,0,1,1,26,0.033333333,0,0,0,0,0,0,0,6,0,0,5,6,0
110662,224,208752,2,53,3,7,11,6,0,18,11,24,0.033333333,0,0,0,0,0,0,0,0,0,0,13,53,0
110663,201,907118,1,201,13,75,16,56,0,69,29,19,0.166666667,0,0,53,0,0,0,0,0,0,0,67,64,0
110680,49,208752,3,1,1,0,0,0,0,0,0,24,0.033333333,0,0,0,0,0,0,0,0,0,0,1,1,0
110683,20,907118,2,18,3,14,0,0,1,11,0,19,0.066666667,0,0,0,0,0,0,0,0,0,0,10,16,2
110685,22,208752,1,22,1,3,0,2,0,9,9,24,0.033333333,0,0,0,0,0,0,0,0,0,0,9,22,0
110721,85,907118,1,85,15,49,1,11,0,31,6,19,0.133333333,55,0,0,0,9,0,0,0,0,0,25,18,3
110726,80,907118,1,80,11,31,1,14,11,24,7,19,0.133333333,40,0,0,0,0,0,0,4,0,0,20,26,10
110733,672,907118,3,412,61,133,43,89,23,91,37,19,0.433333333,0,0,52,27,0,0,0,0,0,0,83,70,142
110736,120,208752,1,120,21,26,8,14,13,31,15,24,0.1,0,0,0,0,0,0,0,0,0,0,24,94,0
110743,270,208752,1,270,31,62,21,37,8,92,44,24,0.266666667,0,0,0,61,0,0,4,0,42,0,75,200,3
110745,23,208752,1,23,1,3,6,1,0,7,4,24,0.033333333,0,0,0,0,0,0,0,0,0,0,10,23,0
110758,96,208752,1,96,17,16,7,11,7,28,17,24,0.166666667,0,0,0,0,0,0,0,0,0,0,28,48,42
110760,20,208752,1,20,1,3,4,2,0,6,5,24,0.033333333,0,0,0,0,0,0,0,0,0,0,12,20,0
110761,1,907118,1,1,1,0,0,0,0,0,0,19,0.033333333,0,0,0,0,0,0,0,0,0,0,1,1,0
110771,139,907118,3,1,1,0,0,0,0,0,0,19,0.033333333,0,0,0,0,0,0,0,0,0,0,1,1,0
110794,275,195289,1,275,19,43,65,24,1,85,38,105,0.166666667,0,0,0,0,0,0,0,0,0,0,75,51,90
110795,84,208752,2,70,7,14,8,5,16,19,8,24,0.1,0,0,0,0,0,0,0,0,0,0,13,45,5
110796,180,208752,4,107,8,41,0,9,1,58,24,24,0.166666667,0,0,0,21,33,0,0,0,0,0,30,9,7
110809,47,907118,2,31,9,12,0,7,1,7,1,19,0.033333333,0,0,0,0,0,0,0,0,0,0,13,31,0
110817,40,208752,1,40,6,10,0,8,3,20,0,24,0.033333333,0,0,0,0,0,0,0,0,0,0,7,40,0
110831,8,907118,1,8,2,3,0,2,0,2,1,19,0.033333333,0,0,0,0,0,0,0,0,0,0,6,8,0
110843,260,907118,1,260,24,77,19,63,27,68,32,19,0.2,0,0,2,0,0,0,0,0,0,37,82,129,57
110844,64,208752,1,64,2,9,5,6,0,32,14,24,0.066666667,0,0,0,0,0,0,0,0,0,0,17,33,31
110850,10,155579,1,10,3,5,0,1,0,2,1,17,0.066666667,0,7,0,0,0,3,0,0,0,0,7,10,0
110857,27,155579,2,15,4,4,0,3,0,4,3,17,0.033333333,0,0,0,0,0,15,0,0,0,0,5,15,0
110868,149,208752,1,149,24,28,20,23,1,48,23,24,0.1,0,0,0,0,0,0,0,0,0,0,48,87,0
110881,543,907118,3,242,18,84,6,67,13,72,37,19,0.266666667,0,0,27,4,0,39,12,0,56,17,54,64,4
110890,232,208752,1,232,10,30,53,17,0,90,52,24,0.1,0,0,0,0,0,0,120,0,0,0,90,2,110
110892,58,208752,1,58,7,14,10,4,4,18,8,24,0.066666667,0,0,0,0,0,0,0,0,0,0,20,53,0
110893,55,195289,1,55,4,11,9,8,3,22,5,105,0.033333333,0,0,0,0,0,0,0,0,0,0,23,55,0
110915,180,208752,4,165,19,27,23,17,2,49,33,24,0.233333333,0,0,0,0,0,7,0,0,0,0,52,76,45
110918,28,91935,3,9,2,3,0,2,0,2,2,26,0.033333333,0,0,0,0,0,0,0,9,0,0,7,9,0
110928,118,208752,1,118,8,16,29,8,5,39,23,24,0.1,0,0,0,0,0,0,0,0,0,0,49,49,0
110936,1,155579,1,1,1,0,0,0,0,0,0,17,0.033333333,0,0,0,0,0,1,0,0,0,0,1,1,0
110938,40,208752,2,27,4,8,0,5,0,9,6,24,0.066666667,0,0,0,0,0,0,0,0,0,0,7,17,0
110950,480,208752,1,480,85,133,32,57,16,151,58,24,0.366666667,0,42,4,0,0,17,0,0,0,0,82,133,144
110983,355,208752,1,355,60,54,32,37,3,118,68,24,0.3,60,0,0,0,0,0,0,50,0,0,84,140,17
110987,89,208752,1,89,7,8,17,6,3,26,19,24,0.066666667,0,0,0,0,0,0,0,0,0,0,35,89,0
110991,11,208752,1,11,3,4,0,2,0,1,1,24,0.033333333,0,0,0,0,0,0,0,0,0,0,7,11,0
110993,268,195289,1,268,12,26,107,19,0,67,18,105,0.233333333,0,0,0,0,0,0,0,1,0,0,69,28,0
111002,14,208752,1,14,2,3,0,1,8,2,0,24,0.033333333,0,0,0,0,0,0,0,0,0,0,4,14,0
111005,420,208752,4,409,39,113,36,42,7,161,61,24,0.8,23,37,8,5,11,0,0,54,4,4,89,74,98
111027,9,155579,2,8,3,2,0,1,1,1,1,17,0.033333333,0,0,0,0,0,8,0,0,0,0,5,8,0
111029,9,195289,2,1,1,0,0,0,0,0,0,105,0.033333333,0,0,0,0,0,0,0,0,0,0,1,1,0
111037,233,907118,2,174,28,55,24,39,9,40,3,19,0.166666667,0,22,0,76,0,0,0,0,0,0,35,29,76
111041,232,208752,1,232,9,39,22,30,12,95,50,24,0.133333333,0,0,0,0,63,23,0,0,0,0,74,57,0
111058,5,208752,1,5,1,2,0,1,0,1,1,24,0.033333333,0,0,0,0,0,0,0,0,0,0,4,5,0
111090,76,195289,1,76,8,18,7,7,12,25,8,105,0.066666667,0,0,0,0,0,0,0,0,0,0,20,52,24
111095,230,907118,1,230,31,91,5,66,2,61,33,19,0.366666667,0,16,0,0,9,20,0,4,24,0,48,58,36
111107,795,208752,4,434,61,104,28,57,25,132,76,24,0.566666667,13,45,0,6,35,0,0,9,0,0,89,141,5
111110,255,195289,5,25,7,3,4,3,0,5,4,105,0.033333333,0,0,0,0,0,0,0,0,0,0,12,25,0
111127,172,208752,4,42,1,8,14,5,0,14,5,24,0.033333333,0,0,0,0,0,0,0,0,0,0,13,42,0
111149,192,208752,1,192,20,38,19,10,4,70,47,24,0.433333333,55,0,1,0,7,0,0,10,0,0,81,86,6
111163,37,91935,1,37,8,9,0,6,0,16,7,26,0.1,0,0,0,0,0,0,0,3,21,13,13,3,21
111183,23,907118,1,23,3,10,0,8,0,10,1,19,0.033333333,0,0,0,0,0,0,0,0,0,0,11,23,0
111188,44,155579,1,44,16,14,0,9,1,7,4,17,0.066666667,0,0,0,0,0,25,19,0,0,0,12,25,19
111192,1016,907118,2,40,12,13,0,9,2,6,2,19,0.066666667,0,0,0,0,0,0,0,0,0,0,15,40,0
111206,43,907118,1,43,9,14,1,11,0,11,5,19,0.066666667,0,0,0,0,0,0,0,0,0,0,21,6,37
111237,179,208752,1,179,17,33,30,14,25,49,19,24,0.133333333,0,0,0,0,0,0,0,0,0,0,47,37,0
111257,116,907118,2,93,21,35,1,21,2,23,10,19,0.1,0,19,0,0,0,0,0,0,0,0,22,61,13
111258,51,195289,1,51,3,18,5,7,7,11,4,105,0.066666667,0,0,0,0,0,0,0,0,0,0,13,31,20
111266,635,208752,1,635,85,143,88,100,59,192,0,24,0.466666667,0,44,23,10,156,41,16,22,0,0,50,109,95
111283,263,208752,4,260,40,80,18,37,6,82,32,24,0.5,24,0,0,0,0,0,13,1,0,0,60,76,8
111289,48,208752,1,48,7,3,9,2,9,13,6,24,0.033333333,0,0,0,0,0,0,0,0,0,0,17,48,0
111290,54,208752,1,54,8,12,6,7,1,14,9,24,0.1,0,0,0,0,0,0,0,0,0,0,20,16,29
111292,17,208752,1,17,3,3,0,2,0,6,5,24,0.033333333,0,0,0,0,0,0,0,0,0,0,6,17,0
111297,2899,195289,9,968,60,136,362,67,96,249,49,105,0.433333333,29,44,84,0,0,0,0,0,37,0,128,207,35
111307,48,208752,2,42,4,4,4,2,8,15,4,24,0.066666667,0,0,0,0,0,0,0,0,0,0,13,36,6
111320,209,907118,3,186,16,74,14,59,0,53,19,19,0.266666667,41,0,15,0,0,8,0,0,0,0,48,16,86
111340,117,208752,5,72,9,16,0,11,5,22,16,24,0.133333333,0,0,0,0,0,0,0,0,0,0,13,39,27
111348,66,208752,2,51,8,18,0,12,1,10,10,24,0.1,0,0,0,0,0,0,0,0,0,0,19,21,0
111373,29,208752,1,29,8,4,0,3,5,6,0,24,0.033333333,0,0,0,0,0,0,0,0,0,0,7,29,0
111374,80,208752,1,80,7,11,5,4,6,31,14,24,0.1,0,0,0,0,0,0,0,0,0,21,23,72,0
111388,20,907118,1,20,8,4,0,3,0,8,0,19,0.033333333,0,0,0,0,0,0,0,0,0,0,7,20,0
111413,101,907118,3,84,26,31,0,13,1,14,5,19,0.066666667,0,23,0,0,0,0,0,0,0,0,18,61,0
111415,8,907118,1,8,1,3,0,2,0,3,1,19,0.033333333,0,0,0,0,0,0,0,0,0,0,5,8,0
111438,556,195289,14,116,13,22,21,12,5,38,16,105,0.2,8,0,0,0,0,0,0,0,0,0,46,28,8
111440,12,907118,1,12,3,4,0,3,0,3,2,19,0.066666667,0,0,0,0,0,0,0,0,0,0,8,11,0
111454,442,907118,1,442,67,140,26,94,46,115,29,19,0.266666667,108,78,0,0,0,17,29,22,64,48,60,76,108
111459,162,208752,1,162,22,34,21,19,5,50,24,24,0.3,0,0,0,0,0,0,0,0,0,0,37,26,60
111466,1,195289,1,1,1,0,0,0,0,0,0,105,0.033333333,0,0,0,0,0,0,0,0,0,0,1,1,0
111473,37,155579,1,37,10,9,0,6,3,9,5,17,0.033333333,0,0,0,0,0,0,37,0,0,0,13,37,0
111490,98,208752,1,98,10,26,2,16,0,34,23,24,0.133333333,0,0,0,0,0,0,0,0,0,0,30,27,19
111502,41,907118,1,41,3,20,0,14,1,14,2,19,0.033333333,0,0,0,0,0,0,0,0,0,0,12,41,0
111513,52,907118,2,51,22,15,0,9,1,8,4,19,0.066666667,33,0,0,0,0,0,0,0,0,0,16,18,33
111528,42,907118,1,42,2,16,1,14,0,13,8,19,0.066666667,0,0,0,20,0,0,0,0,0,0,20,42,0
111536,61,907118,1,61,11,19,3,17,0,18,6,19,0.1,0,0,0,0,0,0,0,0,0,13,24,46,15
111545,28,907118,1,28,5,12,0,8,0,5,1,19,0.066666667,0,0,0,0,4,0,0,0,0,0,12,24,4
111552,200,907118,1,200,30,73,18,35,17,65,13,19,0.133333333,1,102,0,0,0,0,0,0,0,0,51,74,102
111563,182,907118,1,182,19,77,15,39,0,73,20,19,0.1,0,21,0,0,47,0,0,0,0,0,53,114,47
111566,31,907118,1,31,2,11,0,8,0,13,7,19,0.033333333,0,0,0,0,0,0,0,0,0,0,15,31,0
111569,567,195289,4,21,1,5,3,3,1,6,4,105,0.033333333,0,0,0,0,0,0,0,0,0,0,12,21,0
111578,35,907118,5,2,2,0,0,0,0,0,0,19,0.033333333,0,0,0,0,0,0,0,0,0,0,1,2,0
111595,266,195289,1,266,11,42,72,22,4,105,25,105,0.266666667,0,6,0,0,0,0,0,0,0,0,56,118,0
111597,436,208752,6,82,8,24,5,5,0,40,19,24,0.166666667,0,0,0,0,0,0,0,0,0,0,19,16,18
111610,16,208752,1,16,2,3,0,1,0,8,3,24,0.033333333,0,0,0,0,0,0,0,0,0,0,5,16,0
111612,133,907118,1,133,20,59,0,30,1,36,21,19,0.233333333,19,12,6,0,0,0,0,38,0,0,57,22,19
111614,1221,208752,6,312,41,43,43,30,8,91,64,24,0.3,0,0,0,0,0,16,121,0,0,0,100,142,5
111624,7,91935,2,5,2,2,0,1,0,1,0,26,0.033333333,0,0,0,0,0,0,0,0,5,0,4,5,0
111628,24,907118,1,24,4,15,0,1,0,14,0,19,0.066666667,0,0,0,0,0,0,0,0,0,0,8,5,19
111631,50,195289,1,50,3,19,1,13,0,19,9,105,0.066666667,0,0,0,0,0,0,0,0,0,0,23,5,0
111634,12,907118,1,12,1,5,0,4,0,4,2,19,0.033333333,0,0,0,0,0,0,0,0,0,0,8,12,0
111660,1795,907118,8,184,22,62,23,46,0,51,13,19,0.2,0,5,0,0,0,0,80,0,0,0,56,10,57
111665,11,907118,1,11,3,4,0,3,0,3,1,19,0.033333333,0,0,0,0,0,0,0,0,0,0,7,11,0
111684,21,907118,1,21,4,8,0,6,0,6,2,19,0.033333333,0,0,0,0,0,0,0,0,0,0,11,21,0
111685,26,907118,1,26,8,9,0,5,1,4,1,19,0.033333333,0,0,0,0,0,0,0,0,0,0,13,26,0
111692,1,907118,1,1,1,0,0,0,0,0,0,19,0.033333333,0,0,0,0,0,0,0,0,0,0,1,1,0
111696,829,208752,7,155,17,27,42,0,0,48,27,24,0.166666667,0,0,0,0,0,0,55,0,0,0,65,67,0
111702,263,907118,1,263,33,102,14,67,0,77,27,19,0.433333333,44,26,4,0,0,0,0,7,0,20,64,44,79
111710,370,907118,2,302,86,91,23,54,0,66,29,19,0.233333333,0,0,0,0,5,0,17,0,30,50,57,53,30
111713,315,208752,4,229,12,34,11,22,2,114,43,24,0.166666667,0,0,0,0,0,0,0,0,0,0,32,68,13
111715,254,208752,2,253,24,37,40,22,2,87,52,24,0.233333333,0,61,2,0,0,0,5,0,0,0,79,86,101
111717,1,907118,1,1,1,0,0,0,0,0,0,19,0.033333333,0,0,0,0,0,0,0,0,0,0,1,1,0
111728,24,907118,2,17,3,8,0,4,0,5,2,19,0.033333333,0,0,0,0,0,0,0,0,0,0,10,17,0
111729,289,208752,2,284,27,58,17,44,4,97,66,24,0.333333333,0,0,0,0,0,6,0,0,39,0,79,116,36
111758,79,195289,5,48,8,17,0,5,1,22,8,105,0.066666667,0,0,0,0,0,0,0,0,0,46,16,2,0
111764,24,195289,2,7,2,3,0,1,0,2,1,105,0.033333333,0,0,0,0,0,0,0,0,0,0,6,7,0
111782,355,195289,1,355,32,51,63,36,7,129,40,105,0.266666667,0,40,35,0,0,0,0,0,0,21,75,41,0
111789,121,208752,5,13,2,6,0,3,0,3,2,24,0.066666667,0,0,0,0,0,0,0,0,0,0,7,3,0
111798,46,208752,1,46,6,7,9,5,0,15,8,24,0.1,0,0,0,0,0,0,0,0,0,2,16,41,0
111801,785,195289,7,133,16,27,12,12,41,17,6,105,0.2,0,0,0,0,0,0,0,0,0,0,18,13,47
111803,53,195289,1,53,14,18,0,11,3,8,2,105,0.066666667,0,0,0,0,0,0,0,0,0,0,12,47,0
111807,98,907118,1,98,10,33,2,26,0,34,14,19,0.166666667,29,0,25,14,0,0,0,0,0,0,39,31,29
111812,121,155579,1,121,12,30,7,19,15,40,13,17,0.1,0,0,0,0,0,0,4,48,0,69,18,4,48
111817,8,907118,1,8,2,3,0,2,0,2,1,19,0.033333333,0,0,0,0,0,0,0,0,0,0,6,8,0
111835,21,907118,1,21,5,7,0,5,0,7,3,19,0.033333333,0,0,0,0,0,0,0,0,0,0,12,21,0
111844,519,208752,2,186,13,55,30,16,4,79,24,24,0.2,0,0,26,0,0,0,0,0,48,0,43,84,0
111853,1898,208752,9,626,50,226,82,73,12,165,88,24,0.366666667,0,0,0,4,61,0,67,0,29,0,101,122,199
111856,1785,195289,8,14,2,4,0,3,0,5,3,105,0.033333333,0,0,0,0,0,0,0,0,0,0,9,14,0
111859,133,907118,1,133,22,46,5,31,8,27,17,19,0.2,0,0,0,0,4,0,0,0,0,0,35,57,33
111862,240,907118,1,240,24,113,2,49,3,84,38,19,0.2,0,79,0,0,9,0,0,0,0,0,63,67,9
111882,198,907118,5,35,10,17,0,8,0,9,0,19,0.133333333,0,0,0,0,0,0,6,0,5,0,11,24,0
111892,50,155579,1,50,2,11,9,4,9,15,3,17,0.033333333,0,0,0,0,0,0,50,0,0,0,9,50,0
111894,2,21216,1,2,2,0,0,0,0,0,0,19,0.033333333,0,2,0,0,0,0,0,0,0,0,2,2,0
111896,6,21216,1,6,2,2,0,1,0,1,1,19,0.033333333,0,6,0,0,0,0,0,0,0,0,5,6,0
111901,8,21216,1,8,8,0,0,0,0,0,0,19,0.033333333,0,8,0,0,0,0,0,0,0,0,3,8,0
111903,1,21216,1,1,1,0,0,0,0,0,0,19,0.033333333,0,1,0,0,0,0,0,0,0,0,1,1,0
111905,33,21216,2,4,2,2,0,0,0,1,0,19,0.033333333,0,4,0,0,0,0,0,0,0,0,3,4,0
111915,2,21216,1,2,2,0,0,0,0,0,0,19,0.033333333,0,2,0,0,0,0,0,0,0,0,1,2,0
111918,8,21216,1,8,3,3,0,1,0,2,1,19,0.066666667,7,1,0,0,0,0,0,0,0,0,4,7,1
111922,1,21216,1,1,1,0,0,0,0,0,0,19,0.033333333,0,1,0,0,0,0,0,0,0,0,1,1,0
111927,69,155579,1,69,5,16,12,12,1,22,6,17,0.033333333,0,0,0,0,0,0,0,0,0,0,16,69,0
111933,1,155579,1,1,1,0,0,0,0,0,0,17,0.033333333,0,0,0,0,0,0,0,0,0,0,1,1,0
111956,384,89830,4,27,4,8,1,5,0,7,5,108,0.066666667,0,0,0,0,0,0,0,0,0,0,10,5,0
111963,35,155579,1,35,3,11,5,4,7,9,1,17,0.066666667,0,0,0,0,0,0,0,0,0,4,7,35,0
111965,6,89830,1,6,2,2,0,1,0,1,1,108,0.033333333,0,0,0,0,0,0,0,0,0,0,5,6,0
111969,1770,89830,11,1,1,0,0,0,0,0,0,108,0.033333333,0,0,0,0,0,0,0,0,0,0,1,1,0
111970,225,91935,2,7,1,2,0,1,0,2,2,26,0.033333333,0,0,0,0,0,0,0,0,0,0,5,7,0
111976,33,155579,1,33,7,11,2,0,6,10,3,17,0.033333333,0,0,0,0,0,0,0,0,0,0,11,33,0
111988,71,155579,4,12,3,5,0,2,0,4,2,17,0.066666667,0,0,0,0,0,0,0,0,0,0,6,1,0
111995,1,155579,1,1,1,0,0,0,0,0,0,17,0.033333333,0,0,0,0,0,0,0,0,0,0,1,1,0
112006,1,91935,1,1,1,0,0,0,0,0,0,26,0.033333333,0,0,0,0,0,0,0,0,0,0,1,1,0
112029,84,155579,4,13,3,6,0,3,0,1,1,17,0.066666667,0,0,0,0,0,0,0,0,0,7,5,13,0
112044,792,155579,4,186,18,57,28,38,1,60,14,17,0.233333333,0,0,0,0,0,0,68,0,0,20,28,90,23
112055,5,907118,1,5,2,2,0,1,0,1,0,19,0.033333333,0,0,0,0,0,0,0,0,0,0,3,5,0
112076,398,155579,4,28,8,11,0,4,1,5,2,17,0.133333333,8,0,0,0,0,0,8,0,0,0,8,14,0
112082,621,91935,3,1,1,0,0,0,0,0,0,26,0.033333333,0,0,1,0,0,0,0,0,0,0,1,1,0
112083,13,907118,1,13,2,4,0,3,0,6,1,19,0.033333333,0,0,0,0,0,0,0,0,0,0,6,13,0
112108,5,155579,1,5,1,3,0,1,0,2,0,17,0.033333333,0,0,0,0,0,0,0,0,0,0,3,5,0
112116,16,155579,1,16,6,7,0,2,0,3,1,17,0.033333333,0,0,0,0,0,0,0,0,0,0,6,16,0
112121,28,907118,1,28,4,12,0,7,1,7,3,19,0.1,0,0,0,0,0,0,0,0,0,0,14,5,0
112135,1,907118,1,1,1,0,0,0,0,0,0,19,0.033333333,0,0,0,0,0,0,0,0,0,0,1,1,0
112137,46,907118,1,46,6,26,0,13,0,15,0,19,0.033333333,0,0,0,0,0,0,0,0,0,0,13,46,0
112139,87,907118,1,87,9,28,1,20,14,25,9,19,0.1,0,45,0,0,0,0,0,0,0,0,23,37,45
112141,1,91935,1,1,1,0,0,0,0,0,0,26,0.033333333,0,0,1,0,0,0,0,0,0,0,1,1,0
112147,5,907118,1,5,5,0,0,0,0,0,0,19,0.033333333,0,0,0,0,0,0,0,0,0,0,3,5,0
112159,6,155579,1,6,3,3,0,0,0,2,0,17,0.033333333,0,0,0,0,0,0,0,0,0,0,4,6,0
112175,12,91935,1,12,4,3,1,2,0,2,1,26,0.033333333,0,0,12,0,0,0,0,0,0,0,9,12,0
112179,64,907118,1,64,9,19,3,15,6,15,9,19,0.066666667,0,0,0,0,0,0,0,0,0,0,24,50,0
112190,1,907118,1,1,1,0,0,0,0,0,0,19,0.033333333,0,0,0,0,0,0,0,0,0,0,1,1,0
112202,220,89830,4,1,1,0,0,0,0,0,0,108,0.033333333,0,0,0,0,1,0,0,0,0,0,1,1,0
112214,40,907118,1,40,6,15,5,9,0,6,3,19,0.1,0,0,5,0,21,0,0,0,0,0,13,35,0
112216,1,89830,1,1,1,0,0,0,0,0,0,108,0.033333333,0,0,0,0,1,0,0,0,0,0,1,1,0
112227,66,907118,1,66,8,27,1,18,1,20,7,19,0.1,0,0,0,0,0,0,0,0,0,23,25,32,0
112229,40,89830,2,3,3,0,0,0,0,0,0,108,0.033333333,0,0,0,0,3,0,0,0,0,0,2,3,0
112239,1012,907118,3,254,20,75,55,53,3,70,26,19,0.266666667,0,0,18,0,0,0,0,52,85,11,69,46,8
112249,1,89830,1,1,1,0,0,0,0,0,0,108,0.033333333,0,0,0,0,1,0,0,0,0,0,1,1,0
112260,3,907118,1,3,3,0,0,0,0,0,0,19,0.033333333,0,0,0,0,0,0,0,0,0,0,3,3,0
112263,38,907118,2,4,1,2,0,1,0,1,0,19,0.033333333,0,0,0,0,0,0,0,0,0,0,3,4,0
112267,11,155579,2,10,10,0,0,0,0,0,0,17,0.033333333,0,0,0,0,0,0,0,0,0,0,2,10,0
112268,11,91935,2,1,1,0,0,0,0,0,0,26,0.033333333,0,0,1,0,0,0,0,0,0,0,1,1,0
112274,1,907118,1,1,1,0,0,0,0,0,0,19,0.033333333,0,0,0,0,0,0,0,0,0,0,1,1,0
112276,182,907118,1,182,15,81,6,47,0,66,20,19,0.233333333,28,0,10,0,0,0,0,0,0,0,31,35,78
112283,245,907118,1,245,21,91,14,67,4,79,34,19,0.133333333,0,0,0,0,0,0,0,0,0,0,56,32,0
112290,183,907118,1,183,35,78,16,37,0,43,11,19,0.233333333,0,0,0,0,0,0,0,0,0,0,31,23,7
112312,20,907118,1,20,1,9,6,3,0,8,0,19,0.033333333,0,0,0,0,0,0,0,0,0,0,8,20,0
112314,8,907118,1,8,4,2,0,0,0,2,0,19,0.033333333,0,0,0,0,0,0,0,0,0,0,5,8,0
112330,27,907118,1,27,11,5,0,4,2,6,1,19,0.033333333,0,0,0,0,0,0,0,0,0,0,11,27,0
112335,5,907118,1,5,1,3,0,1,0,2,0,19,0.033333333,0,0,0,0,0,0,0,0,0,0,4,5,0
112344,30,907118,1,30,14,8,0,5,1,3,1,19,0.033333333,0,0,0,0,0,0,0,0,0,0,12,30,0
112353,597,221833,1,597,39,101,92,62,76,189,37,58,0.3,0,0,0,0,0,0,0,0,0,0,91,254,123
112356,50,156596,3,30,2,12,0,8,0,11,8,224,0.066666667,0,0,29,0,0,0,0,0,0,0,9,1,29
112363,401,221833,2,265,15,39,79,28,10,69,14,58,0.266666667,0,0,0,31,0,0,0,0,0,0,55,46,104
112367,1860,148039,3,619,51,157,65,95,123,161,24,18,0.433333333,0,1,0,131,1,0,0,13,0,28,70,251,128
112368,383,208752,2,381,43,83,40,42,22,132,52,24,0.333333333,0,10,0,0,18,46,0,0,0,15,86,125,0
112370,15,652701,1,15,6,2,0,1,1,0,0,3,0.033333333,0,0,0,0,0,0,0,0,0,0,7,15,0
112385,52,652701,1,52,6,24,0,9,1,0,0,3,0.066666667,0,0,0,0,0,0,0,0,0,0,7,44,8
112392,45,221833,1,45,5,21,0,13,0,16,4,58,0.1,0,0,0,0,0,0,0,0,0,0,18,9,0
112398,236,652701,5,205,43,94,16,14,21,28,1,3,0.5,0,0,0,0,0,0,53,3,9,0,19,25,84
112406,193,652701,1,193,32,39,51,29,5,0,0,3,0.233333333,0,0,0,0,0,0,0,0,0,0,12,151,7
112417,16,221833,2,7,2,3,0,1,0,2,1,58,0.033333333,0,0,0,0,0,0,0,0,0,0,5,7,0
112435,516,221833,4,11,2,5,0,3,0,2,1,58,0.066666667,0,0,0,0,0,0,0,0,0,0,5,7,4
112439,1,41550,1,1,1,0,0,0,0,0,0,21,0.033333333,0,0,0,0,0,0,0,0,0,0,1,1,0
112440,188,652701,4,46,10,14,6,7,1,0,0,3,0.1,0,0,0,0,0,0,0,0,0,0,9,39,0
112441,75,652701,1,75,14,26,6,14,1,4,3,3,0.2,0,0,4,0,0,15,0,0,0,0,16,37,15
112446,62,652701,1,62,18,12,14,1,3,0,0,3,0.066666667,0,0,0,0,0,0,0,0,0,0,10,29,0
112462,2,652701,1,2,2,0,0,0,0,0,0,3,0.033333333,0,0,0,0,0,0,0,0,0,0,2,2,0
112475,35,652701,1,35,7,6,3,4,10,0,0,3,0.033333333,0,0,0,0,0,0,0,0,0,0,9,35,0
112481,44,652701,1,44,4,6,1,4,22,0,0,3,0.033333333,0,0,0,0,0,0,0,0,0,0,7,44,0
112486,14,208752,5,1,1,0,0,0,0,0,0,24,0.033333333,0,0,0,0,0,0,0,0,0,1,1,1,0
112490,1069,156596,4,249,32,58,38,39,13,65,21,224,0.333333333,0,4,5,0,0,0,0,0,0,0,42,84,5
112522,250,208752,1,250,17,47,32,26,38,78,39,24,0.266666667,0,0,0,0,0,39,0,0,0,11,63,68,0
112528,2,221833,1,2,2,0,0,0,0,0,0,58,0.033333333,0,0,0,0,0,0,0,0,0,0,2,2,0
112541,4,41550,2,3,3,0,0,0,0,0,0,21,0.033333333,0,0,0,0,0,0,0,0,0,0,2,3,0
112544,224,148039,3,83,11,24,0,19,9,20,16,18,0.1,0,0,0,0,0,0,0,0,0,0,30,9,3
112549,122,652701,1,122,35,29,5,15,9,0,0,3,0.133333333,0,0,0,0,0,0,0,0,0,0,10,39,0
112551,44,156596,1,44,4,10,7,3,0,19,3,224,0.1,0,0,27,0,0,0,0,0,0,0,13,28,16
112556,18,652701,1,18,9,4,0,2,0,0,0,3,0.066666667,0,0,0,0,0,0,0,0,0,0,8,8,0
112573,14,148039,1,14,2,4,0,3,0,5,3,18,0.033333333,0,0,0,0,0,0,0,0,0,0,7,14,0
112599,1,41550,1,1,1,0,0,0,0,0,0,21,0.033333333,0,0,0,0,0,0,0,0,0,0,1,1,0
112600,230,652701,4,43,8,11,6,1,12,0,0,3,0.1,0,0,0,0,0,0,0,0,0,0,7,35,0
112616,1345,208752,8,652,171,139,29,80,67,96,60,24,0.733333333,160,16,7,4,15,9,0,13,0,17,88,146,234
112625,1,221833,1,1,1,0,0,0,0,0,0,58,0.033333333,0,0,0,0,0,0,0,0,0,0,1,1,0
112645,773,208752,2,614,105,124,32,88,44,176,81,24,0.466666667,7,3,0,0,9,0,8,0,4,119,80,191,16
112656,110,148039,3,9,8,0,0,0,1,0,0,18,0.066666667,0,0,0,0,0,0,0,0,0,0,5,6,3
112658,1,652701,1,1,1,0,0,0,0,0,0,3,0.033333333,0,0,0,0,0,0,0,0,0,0,1,1,0
112683,2,221833,1,2,2,0,0,0,0,0,0,58,0.033333333,0,0,0,0,0,0,0,0,0,0,2,2,0
112699,143,148039,2,142,22,42,4,27,35,22,2,18,0.2,0,0,0,0,0,0,0,0,0,0,13,34,26
112705,1,652701,1,1,1,0,0,0,0,0,0,3,0.033333333,0,0,0,0,0,0,0,0,0,0,1,1,0
112706,12,148039,4,1,1,0,0,0,0,0,0,18,0.033333333,0,0,0,0,0,0,0,0,0,0,1,1,0
112709,56,41550,5,12,2,5,0,4,0,4,1,21,0.033333333,0,0,0,0,0,0,0,0,0,0,8,12,0
112713,2,41550,1,2,2,0,0,0,0,0,0,21,0.033333333,0,0,0,0,0,0,0,0,0,0,2,2,0
112717,48,652701,2,29,7,3,13,1,0,0,0,3,0.066666667,0,0,0,0,0,0,0,0,0,0,8,25,4
112721,33,652701,1,33,17,3,0,0,6,0,0,3,0.033333333,0,0,0,0,0,0,0,0,0,0,6,33,0
112727,13,652701,1,13,10,3,0,0,0,0,0,3,0.033333333,0,0,0,0,0,0,0,0,0,0,3,13,0
112728,14,652701,2,6,3,1,0,0,2,0,0,3,0.033333333,0,0,0,0,0,0,0,0,0,0,3,6,0
112738,21,652701,1,21,6,6,0,3,1,0,0,3,0.066666667,0,0,0,0,0,0,0,0,0,0,7,17,0
112739,4,221833,1,4,2,0,0,0,2,0,0,58,0.033333333,0,0,0,0,0,0,0,0,0,0,3,4,0
112744,1,148039,1,1,1,0,0,0,0,0,0,18,0.033333333,0,0,0,0,0,0,0,0,0,0,1,1,0
112747,8,208752,1,8,2,2,0,1,0,2,1,24,0.033333333,0,0,0,0,0,0,0,0,0,8,5,8,0
112751,18,652701,1,18,5,0,0,0,13,0,0,3,0.033333333,0,0,0,0,0,0,0,0,0,0,5,18,0
112766,36,148039,1,36,11,8,2,5,0,12,0,18,0.066666667,0,0,0,0,0,0,0,0,0,0,12,11,0
112769,7,652701,1,7,6,0,0,0,0,0,0,3,0.033333333,0,0,0,0,0,0,0,0,0,0,6,7,0
112770,24,652701,1,24,4,8,0,5,0,0,0,3,0.066666667,0,0,0,4,0,0,0,0,0,0,7,20,0
112775,10,652701,1,10,7,2,0,0,0,0,0,3,0.033333333,0,0,0,0,0,0,0,0,0,0,7,10,0
112780,317,148039,4,35,8,12,2,0,1,13,0,18,0.033333333,0,0,0,0,0,0,0,0,0,0,14,35,0
112783,389,652701,4,22,7,6,0,3,4,0,0,3,0.133333333,0,0,0,0,0,0,0,0,0,0,7,17,5
112800,24,208752,2,6,2,2,0,1,0,1,1,24,0.033333333,0,0,0,0,0,0,0,0,0,6,5,6,0
112805,234,156596,2,13,1,3,3,1,0,3,2,224,0.033333333,0,0,0,13,0,0,0,0,0,0,7,13,0
112823,2,221833,1,2,2,0,0,0,0,0,0,58,0.033333333,0,0,0,0,0,0,0,0,0,0,2,2,0
112830,24,148039,2,14,2,5,0,3,0,6,2,18,0.033333333,0,0,0,0,0,0,0,0,0,0,8,14,0
112837,9,41550,2,8,4,0,0,0,4,0,0,21,0.066666667,0,0,0,0,0,0,0,0,0,0,3,2,0
112843,10,652701,1,10,2,2,0,1,0,0,0,3,0.033333333,0,0,0,0,0,0,0,0,0,0,5,10,0
112844,24,652701,2,10,3,5,0,1,0,0,0,3,0.033333333,0,0,0,0,0,0,0,0,0,0,4,10,0
112854,24,208752,5,1,1,0,0,0,0,0,0,24,0.033333333,0,0,0,0,0,0,0,0,0,1,1,1,0
112859,45,652701,1,45,9,8,0,5,13,0,0,3,0.066666667,0,0,0,0,0,0,0,0,0,0,8,37,0
112866,2820,38356,8,989,42,238,84,212,25,411,139,65,0.7,0,5,0,47,140,5,0,4,0,0,166,120,299
112871,59,652701,1,59,15,11,0,4,16,0,0,3,0.1,0,0,0,0,0,0,0,0,0,0,9,32,5
112875,62,652701,1,62,11,28,0,16,0,11,6,3,0.2,0,0,0,0,0,22,0,0,13,0,16,15,13
112879,29,41550,2,11,1,3,0,2,0,4,1,21,0.033333333,0,0,0,0,0,0,0,0,0,0,5,11,0
112881,29,652701,2,18,3,4,2,3,0,0,0,3,0.033333333,0,0,0,0,0,0,0,0,0,0,5,18,0
112896,147,652701,1,147,25,58,5,5,19,25,1,3,0.3,0,18,0,0,0,0,54,0,0,0,24,3,37
112906,256,652701,2,134,27,26,7,19,24,7,6,3,0.1,0,0,0,0,59,0,0,0,0,0,25,102,0
112916,590,156596,3,502,57,84,132,62,27,114,48,224,0.3,33,0,24,18,0,0,0,0,0,0,132,153,29
112925,181,652701,3,93,16,33,0,24,3,5,4,3,0.166666667,10,14,0,0,0,0,17,0,0,0,22,41,0
112928,99,148039,2,39,2,11,4,8,1,10,4,18,0.033333333,0,0,0,0,0,0,0,0,0,0,16,39,0
112936,42,41550,5,5,2,2,0,1,0,1,0,21,0.033333333,0,0,0,0,0,0,0,0,0,0,4,5,0
112951,162,208752,2,16,6,6,0,0,0,4,1,24,0.066666667,0,0,0,0,0,0,0,0,0,9,8,7,0
112952,1,148039,1,1,1,0,0,0,0,0,0,18,0.033333333,0,0,0,0,0,0,0,0,0,0,1,1,0
112959,35,652701,3,18,12,1,0,0,4,0,0,3,0.033333333,0,0,0,0,0,0,0,0,0,0,6,18,0
112975,2,652701,2,1,1,0,0,0,0,0,0,3,0.033333333,0,0,0,0,0,0,0,0,0,0,1,1,0
112985,27,148039,1,27,8,6,1,3,4,4,2,18,0.066666667,0,0,0,0,0,0,0,0,0,15,12,12,15
113001,9,652701,1,9,3,2,1,1,0,0,0,3,0.033333333,0,0,0,0,0,0,0,0,0,0,6,9,0
113008,2,148039,2,1,1,0,0,0,0,0,0,18,0.033333333,0,0,0,0,0,0,0,0,0,0,1,1,0
113025,41,41550,2,4,1,2,0,1,0,1,0,21,0.033333333,0,0,0,0,0,0,0,0,0,0,3,4,0
113028,160,221833,2,1,1,0,0,0,0,0,0,58,0.033333333,0,0,0,0,0,0,0,0,0,0,1,1,0
113031,63,148039,2,9,2,3,0,2,0,2,2,18,0.066666667,0,0,0,0,0,0,8,0,0,0,7,1,0
113048,15,652701,1,15,5,5,0,3,0,0,0,3,0.066666667,0,0,0,0,0,0,0,0,0,0,7,8,0
113076,7,652701,2,4,2,2,0,0,0,0,0,3,0.033333333,0,0,0,0,0,0,0,0,0,0,4,4,0
113078,17,221833,1,17,4,5,0,4,0,4,3,58,0.033333333,0,0,0,0,0,0,0,0,0,0,11,17,0
113087,26,208752,1,26,3,9,0,4,2,6,3,24,0.033333333,0,0,0,0,0,0,0,0,0,26,8,26,0
113093,481,208752,9,8,4,2,0,1,0,1,1,24,0.033333333,0,0,0,0,0,0,0,0,0,8,5,8,0
113112,12,41550,1,12,5,3,0,2,1,2,0,21,0.033333333,0,0,0,0,0,0,0,0,0,0,7,12,0
113135,53,652701,3,42,10,8,10,4,2,0,0,3,0.166666667,0,0,0,0,0,0,0,0,0,0,9,2,37
113154,1,652701,1,1,1,0,0,0,0,0,0,3,0.033333333,0,0,0,0,0,0,0,0,0,0,1,1,0
113156,46,652701,1,46,13,2,0,1,19,0,0,3,0.033333333,0,0,0,0,0,0,0,0,0,0,8,46,0
113162,70,208752,1,70,4,24,6,8,0,34,14,24,0.066666667,0,0,0,0,0,0,0,16,54,0,29,16,54
113174,145,652701,2,138,23,25,37,18,6,7,4,3,0.133333333,0,0,0,0,0,0,36,0,0,0,28,128,0
113209,435,21560,5,6,2,2,0,1,0,1,1,9,0.033333333,0,0,0,0,0,0,0,6,0,0,5,6,0
113212,8,21216,1,8,4,2,0,1,0,1,1,19,0.033333333,0,0,0,0,0,0,0,0,0,0,6,8,0
113220,2,21216,1,2,2,0,0,0,0,0,0,19,0.033333333,0,0,0,0,0,0,0,0,0,0,1,2,0
113223,6,21216,2,1,1,0,0,0,0,0,0,19,0.033333333,0,0,0,0,0,0,0,0,0,0,1,1,0
113225,3,148500,2,1,1,0,0,0,0,0,0,29,0.033333333,0,0,0,0,1,0,0,0,0,0,1,1,0
113242,119,21216,4,9,3,2,0,1,2,1,0,19,0.033333333,0,0,0,0,0,0,0,0,0,0,5,9,0
113250,122,21216,3,2,2,0,0,0,0,0,0,19,0.033333333,0,0,0,0,0,0,0,0,0,0,2,2,0
113259,11,21560,3,2,2,0,0,0,0,0,0,9,0.033333333,0,0,0,0,0,0,0,2,0,0,1,2,0
113261,332,21560,4,131,10,44,9,21,19,53,15,9,0.033333333,0,0,0,0,0,0,0,131,0,0,27,131,0
113263,1,21216,1,1,1,0,0,0,0,0,0,19,0.033333333,0,0,0,0,0,0,0,0,0,0,1,1,0
113274,2,21216,1,2,2,0,0,0,0,0,0,19,0.033333333,0,0,0,0,0,0,0,0,0,0,2,2,0
113275,206,21560,3,1,1,0,0,0,0,0,0,9,0.033333333,0,0,0,0,0,0,0,1,0,0,1,1,0
113277,1,21560,1,1,1,0,0,0,0,0,0,9,0.033333333,0,0,0,0,0,0,0,1,0,0,1,1,0
113289,8,208752,1,8,3,1,0,1,1,1,1,24,0.033333333,0,0,0,0,0,0,0,0,0,0,6,8,0
113295,132,907118,2,93,9,52,4,17,0,40,1,19,0.266666667,3,22,0,0,0,13,0,0,6,8,19,33,13
113303,24,907118,2,4,1,2,0,1,0,1,0,19,0.033333333,4,0,0,0,0,0,0,0,0,0,3,4,0
113307,2,195289,2,1,1,0,0,0,0,0,0,105,0.033333333,0,0,0,0,0,0,0,0,0,0,1,1,0
113314,8,38356,1,8,4,2,0,0,0,2,1,65,0.033333333,0,0,0,0,0,0,0,0,0,0,6,8,0
113316,275,38356,1,275,81,59,51,16,3,67,30,65,0.1,0,0,0,0,0,0,0,0,0,0,55,161,0
113319,3,91935,2,2,2,0,0,0,0,0,0,26,0.033333333,0,0,0,0,0,0,0,0,0,2,1,2,0
113353,13,38356,1,13,3,4,0,3,0,3,3,65,0.1,0,0,0,0,0,0,0,0,0,0,9,2,0
113356,1,155579,1,1,1,0,0,0,0,0,0,17,0.033333333,0,0,0,0,0,0,0,1,0,0,1,1,0
113361,546,38356,2,1,1,0,0,0,0,0,0,65,0.033333333,0,0,0,0,0,0,0,0,0,0,1,1,0
113368,43,38356,1,43,4,15,2,3,0,21,7,65,0.033333333,0,0,0,0,0,0,0,0,0,0,11,43,0
113370,130,38356,1,130,30,40,2,20,4,33,15,65,0.2,0,0,0,0,0,0,0,0,0,0,22,50,38
113375,100,38356,4,4,1,2,0,0,0,1,1,65,0.033333333,0,0,0,0,0,0,0,0,0,0,4,4,0
113384,26,907118,1,26,9,8,0,5,1,7,1,19,0.033333333,26,0,0,0,0,0,0,0,0,0,11,26,0
113386,147,907118,2,53,4,27,3,12,0,17,4,19,0.1,15,0,0,0,19,0,0,0,0,0,20,19,34
113414,584,907118,1,584,53,198,42,129,57,198,55,19,0.266666667,69,131,54,0,91,9,0,0,37,0,86,160,140
113415,250,91935,11,25,9,12,0,3,0,4,1,26,0.166666667,0,0,0,0,0,0,6,0,0,5,6,10,5
113419,250,208752,11,13,2,3,0,1,6,2,1,24,0.066666667,0,0,0,0,0,0,0,0,0,0,4,7,6
113426,4,208752,1,4,1,3,0,0,0,2,0,24,0.033333333,0,0,0,0,0,0,0,0,0,0,3,4,0
113437,204,208752,1,204,21,60,23,11,0,107,40,24,0.266666667,0,0,0,0,0,0,0,0,13,0,73,63,52
113439,403,208752,2,299,17,99,39,17,6,148,52,24,0.366666667,0,0,0,35,42,57,0,0,0,9,86,58,95
113444,185,208752,1,185,13,23,27,15,7,62,40,24,0.133333333,0,0,0,0,0,0,0,0,0,0,49,78,61
113452,1,208752,1,1,1,0,0,0,0,0,0,24,0.033333333,0,0,0,0,0,0,0,0,0,0,1,1,0
113469,32,907118,1,32,6,15,0,6,2,8,3,19,0.066666667,14,18,0,0,0,0,0,0,0,0,9,14,18
113471,131,907118,2,118,4,50,8,27,0,50,16,19,0.1,73,35,0,10,0,0,0,0,0,0,40,73,35
113473,1,907118,1,1,1,0,0,0,0,0,0,19,0.033333333,1,0,0,0,0,0,0,0,0,0,1,1,0
113482,107,208752,1,107,4,6,19,5,0,51,28,24,0.066666667,0,0,0,0,0,0,0,0,0,0,38,2,0
113486,81,38356,5,7,2,2,0,1,1,1,1,65,0.033333333,0,0,0,0,0,0,0,0,0,0,5,7,0
113488,482,38356,5,95,5,19,17,14,1,28,15,65,0.166666667,0,0,0,0,0,22,0,0,0,0,34,10,35
113492,19,208752,1,19,4,9,0,4,0,6,2,24,0.1,0,0,12,0,0,0,0,0,0,0,8,6,0
113494,381,38356,3,1,1,0,0,0,0,0,0,65,0.033333333,0,0,0,0,0,0,0,0,0,0,1,1,0
113509,103,907118,1,103,11,40,0,32,0,33,18,19,0.1,24,0,0,68,11,0,0,0,0,0,35,35,0
113521,35,907118,1,35,6,18,0,7,0,15,2,19,0.033333333,35,0,0,0,0,0,0,0,0,0,12,35,0
113523,292,208752,1,292,18,54,30,40,14,105,56,24,0.333333333,0,14,0,0,0,0,0,0,42,0,71,94,0
113542,159,208752,1,159,17,33,13,24,6,52,30,24,0.233333333,0,0,0,0,0,0,0,0,0,0,44,57,39
113543,127,38356,3,18,2,8,0,2,0,7,3,65,0.033333333,0,0,0,0,0,0,0,0,0,0,7,18,0
113549,1,155579,1,1,1,0,0,0,0,0,0,17,0.033333333,0,0,0,0,0,0,0,1,0,0,1,1,0
113551,398,38356,3,6,2,2,0,1,0,1,1,65,0.066666667,0,0,0,0,0,0,0,0,0,0,5,1,0
113577,38,208752,2,34,2,5,10,3,0,16,0,24,0.066666667,0,0,0,4,0,0,0,0,0,0,10,34,0
113578,65,195289,1,65,5,15,8,11,0,20,13,105,0.133333333,0,0,0,0,0,0,0,0,0,0,22,2,6
113580,271,907118,5,236,29,69,36,50,0,78,33,19,0.333333333,36,0,20,0,0,0,39,9,0,0,66,67,18
113592,32,907118,1,32,3,22,0,4,0,16,3,19,0.033333333,32,0,0,0,0,0,0,0,0,0,10,32,0
113594,34,208752,1,34,2,6,0,4,0,14,13,24,0.033333333,0,0,0,0,0,0,0,0,0,0,12,34,0
113609,334,208752,1,334,46,56,36,36,23,94,57,24,0.233333333,88,0,0,0,0,67,0,0,0,0,97,122,0
113618,241,208752,2,236,16,79,22,29,6,100,34,24,0.3,0,0,0,0,0,15,29,0,0,0,62,26,0
113619,1,155579,1,1,1,0,0,0,0,0,0,17,0.033333333,0,0,0,0,0,0,0,1,0,0,1,1,0
113675,9633,208752,11,15,1,6,0,2,2,7,2,24,0.033333333,0,0,0,0,0,0,0,0,0,0,6,15,0
113676,9633,38356,11,29,2,7,9,1,5,8,2,65,0.033333333,0,0,0,0,0,0,0,0,0,0,6,29,0
113680,9,907118,1,9,5,2,0,1,0,1,0,19,0.033333333,9,0,0,0,0,0,0,0,0,0,6,9,0
113681,8,38356,1,8,3,3,0,0,2,1,0,65,0.033333333,0,0,0,0,0,0,0,0,0,0,4,8,0
113686,20,195289,1,20,3,8,0,4,0,5,5,105,0.066666667,0,0,0,0,0,0,0,0,0,0,8,10,0
113689,3,907118,1,3,3,0,0,0,0,0,0,19,0.033333333,3,0,0,0,0,0,0,0,0,0,1,3,0
113690,4,38356,1,4,2,2,0,0,0,1,0,65,0.033333333,0,0,0,0,0,0,0,0,0,0,3,4,0
113695,1423,208752,10,2,2,0,0,0,0,0,0,24,0.066666667,0,0,0,0,0,0,0,0,0,0,1,1,0
113705,1854,38356,15,1,1,0,0,0,0,0,0,65,0.033333333,0,0,0,0,0,0,0,0,0,0,1,1,0
113716,1854,195289,15,1196,55,271,201,158,99,389,176,105,0.566666667,13,0,4,0,11,4,29,139,11,6,136,35,4
113717,165,38356,2,162,5,28,36,25,1,53,31,65,0.133333333,0,0,0,0,0,0,0,0,0,0,53,1,46
113732,213,907118,2,91,7,38,16,23,0,26,1,19,0.2,32,0,0,0,0,0,0,0,11,14,26,10,24
113754,140,195289,1,140,12,30,14,15,46,32,9,105,0.133333333,0,0,0,9,0,0,0,0,0,0,31,35,0
113755,13,195289,2,2,2,0,0,0,0,0,0,105,0.033333333,0,0,0,0,0,0,0,0,0,0,1,2,0
113760,23,907118,1,23,6,6,1,4,0,7,1,19,0.066666667,15,0,0,0,0,0,0,0,0,0,9,23,0
113766,254,155579,3,1,1,0,0,0,0,0,0,17,0.033333333,0,0,0,0,0,0,0,1,0,0,1,1,0
113773,2,41550,2,1,1,0,0,0,0,0,0,21,0.033333333,0,0,0,0,0,0,0,1,0,0,1,1,0
113779,25,41550,2,22,5,8,0,6,2,7,0,21,0.033333333,0,0,0,0,0,0,0,22,0,0,10,22,0
113797,1,21216,1,1,1,0,0,0,0,0,0,19,0.033333333,0,0,0,0,0,0,0,0,0,0,1,1,0
113800,1,21216,1,1,1,0,0,0,0,0,0,19,0.033333333,0,0,0,0,0,0,0,0,0,0,1,1,0
113802,12,21216,2,1,1,0,0,0,0,0,0,19,0.033333333,0,0,0,0,0,0,0,0,0,0,1,1,0
113806,5,21216,1,5,2,2,0,1,0,1,0,19,0.033333333,0,0,0,0,0,0,0,0,0,0,4,5,0
113816,1,21216,1,1,1,0,0,0,0,0,0,19,0.033333333,0,0,0,0,0,0,0,0,0,0,1,1,0
113820,7,43183,3,2,2,0,0,0,0,0,0,24,0.066666667,0,0,0,0,0,0,0,0,0,0,1,1,0
113821,127,878119,1,127,17,47,7,36,0,29,15,20,0.266666667,0,0,0,0,27,0,0,0,0,0,44,38,21
113823,1040,334927,3,313,50,105,18,59,51,59,27,7,0.366666667,0,0,0,8,0,0,7,75,10,43,53,36,133
113835,536,878119,2,214,33,124,31,14,2,81,3,20,0.466666667,0,0,37,0,0,4,0,4,32,0,60,127,37
113836,14,878119,1,14,4,5,0,4,0,4,1,20,0.033333333,0,0,0,0,0,0,0,0,0,0,10,14,0
113840,331,878119,2,322,41,103,39,66,19,73,27,20,0.466666667,19,54,0,0,34,0,0,0,0,0,62,53,4
113849,224,334927,1,224,41,26,19,14,113,20,4,7,0.166666667,91,25,0,0,0,0,0,13,93,0,24,2,91
113851,236,334927,2,44,4,13,14,10,0,13,1,7,0.166666667,0,0,0,0,0,0,0,5,5,0,16,19,20
113861,128,878119,1,128,13,100,5,4,0,79,3,20,0.133333333,42,0,0,0,56,0,0,0,0,0,38,4,0
113894,188,878119,2,187,17,73,13,50,0,53,28,20,0.2,11,0,0,0,0,0,53,0,0,0,62,7,0
113900,368,878119,2,242,52,46,47,42,6,64,19,20,0.333333333,0,17,0,0,0,0,0,3,0,0,50,52,90
113901,368,334927,2,126,17,41,12,35,0,37,20,7,0.166666667,0,0,0,0,0,3,0,12,4,0,39,89,34
113919,15,878119,1,15,3,7,0,3,0,4,2,20,0.066666667,0,0,0,0,0,0,0,0,0,0,8,8,0
113944,1,334927,1,1,1,0,0,0,0,0,0,7,0.033333333,0,0,0,0,0,0,0,0,1,0,1,1,0
113948,18,878119,1,18,6,5,0,1,0,6,1,20,0.033333333,0,0,0,0,0,0,0,0,0,0,9,18,0
113949,58,878119,1,58,2,20,2,18,0,19,14,20,0.133333333,0,0,0,0,0,0,0,0,9,0,22,11,16
113950,190,878119,1,190,23,73,9,56,1,50,25,20,0.3,0,27,0,0,25,0,0,0,0,0,64,69,27
113951,221,34988,17,7,3,2,0,1,0,1,1,108,0.066666667,0,0,0,6,0,0,0,0,0,0,5,1,0
113953,1,878119,1,1,1,0,0,0,0,0,0,20,0.033333333,0,0,0,0,0,0,0,0,0,0,1,1,0
113967,3,34988,1,3,3,0,0,0,0,0,0,108,0.033333333,0,0,0,3,0,0,0,0,0,0,2,3,0
113974,456,878119,3,426,36,140,23,94,61,94,49,20,0.633333333,0,0,119,1,0,0,0,0,16,6,75,175,171
113983,24,334927,1,24,4,7,0,6,1,8,4,7,0.033333333,0,0,0,0,0,0,0,0,24,0,12,24,0
113984,10,878119,1,10,7,2,0,0,1,2,0,20,0.1,0,0,0,0,0,0,0,0,0,0,6,8,0
113986,1434,878119,6,80,8,31,4,26,6,22,4,20,0.166666667,0,10,0,0,0,0,0,0,0,0,23,37,15
113989,1258,43183,5,1,1,0,0,0,0,0,0,24,0.033333333,0,0,0,0,0,0,0,0,0,0,1,1,0
114022,1239,878119,3,694,58,358,53,124,17,228,58,20,0.3,0,0,126,0,0,0,0,0,0,0,73,292,18
114027,1,334927,1,1,1,0,0,0,0,0,0,7,0.033333333,0,0,0,0,0,0,0,0,1,0,1,1,0
114033,149,878119,1,149,22,71,1,32,2,53,17,20,0.133333333,0,0,0,0,0,33,0,19,0,0,23,45,0
114035,828,878119,8,308,19,117,26,89,1,109,35,20,0.233333333,0,0,0,0,0,0,0,3,129,0,59,25,0
114041,984,878119,8,10,1,9,0,0,0,7,0,20,0.033333333,0,0,0,0,0,0,0,0,0,0,5,10,0
114045,20,148500,2,19,3,8,0,5,0,3,2,29,0.1,0,0,0,0,0,0,0,0,0,0,7,5,0
114050,1003,334927,3,354,47,125,33,76,33,66,31,7,0.3,16,28,5,70,86,0,0,0,6,0,55,102,28
114075,1,878119,1,1,1,0,0,0,0,0,0,20,0.033333333,0,0,0,0,0,0,0,0,0,0,1,1,0
114077,50,334927,2,13,3,6,0,2,0,3,2,7,0.066666667,0,0,0,9,0,0,0,0,4,0,8,9,0
114078,137,878119,1,137,12,87,8,3,15,70,3,20,0.2,60,11,0,0,0,0,0,4,41,0,42,54,0
114100,16,878119,1,16,8,4,0,0,1,3,0,20,0.033333333,0,0,0,0,0,0,0,0,0,0,9,16,0
114124,242,878119,5,132,26,42,20,10,17,30,4,20,0.233333333,0,0,0,0,0,0,0,44,0,0,35,38,0
114126,3,43183,2,2,2,0,0,0,0,0,0,24,0.033333333,0,0,0,0,0,0,0,0,0,0,2,2,0
114129,2,878119,1,2,2,0,0,0,0,0,0,20,0.033333333,0,0,0,0,0,0,0,0,0,0,2,2,0
114134,207,334927,2,206,50,52,21,38,18,31,18,7,0.433333333,0,59,0,3,18,1,14,11,13,0,44,21,18
114140,480,148500,1,480,27,94,40,78,41,199,52,29,0.166666667,0,0,0,0,0,0,0,163,0,0,63,104,57
114141,125,878119,2,124,7,48,3,38,4,40,18,20,0.133333333,0,34,0,0,0,0,0,0,0,0,33,117,7
114152,904,878119,3,816,65,67,68,57,482,90,40,20,0.5,14,124,0,11,109,0,49,0,0,0,74,242,27
114170,1,878119,1,1,1,0,0,0,0,0,0,20,0.033333333,0,0,0,0,0,0,0,0,0,0,1,1,0
114175,145,334927,1,145,11,44,19,39,1,36,27,7,0.133333333,0,0,0,0,0,0,0,0,37,29,53,88,0
114179,579,148500,2,578,40,119,138,55,9,241,57,29,0.2,0,223,0,0,0,0,0,0,70,0,110,99,138
114185,12,334927,1,12,8,1,0,1,0,1,1,7,0.033333333,0,0,0,0,0,0,0,0,12,0,7,12,0
114191,7,878119,1,7,2,3,0,2,0,2,0,20,0.033333333,0,0,0,0,0,0,0,0,0,0,5,7,0
114197,1,43183,1,1,1,0,0,0,0,0,0,24,0.033333333,0,0,0,0,0,0,0,0,0,0,1,1,0
114205,63,334927,2,33,7,20,2,2,1,11,1,7,0.066666667,0,0,0,0,0,0,0,24,9,0,15,24,9
114243,112,334927,1,112,19,40,12,22,8,17,6,7,0.233333333,14,0,0,5,0,0,0,0,13,0,25,83,0
114247,14,334927,1,14,1,11,0,1,0,10,1,7,0.033333333,0,0,0,0,0,0,0,0,14,0,10,14,0
114254,422,334927,5,82,6,25,22,18,0,16,9,7,0.166666667,0,0,0,0,0,4,0,0,43,0,23,59,0
114255,3,148500,1,3,3,0,0,0,0,0,0,29,0.033333333,0,0,0,0,0,0,0,0,0,0,2,3,0
114266,9,334927,1,9,2,3,0,2,0,2,2,7,0.033333333,0,0,0,0,0,0,0,0,9,0,7,9,0
114268,15,878119,1,15,3,10,0,1,0,9,1,20,0.033333333,0,0,0,0,0,0,0,0,0,0,11,15,0
114281,258,34988,2,3,3,0,0,0,0,0,0,108,0.033333333,0,0,0,3,0,0,0,0,0,0,2,3,0
114283,80,334927,1,80,13,46,8,3,1,42,4,7,0.133333333,0,0,0,0,0,12,32,32,4,0,25,12,32
114296,195,878119,1,195,27,81,27,34,0,65,12,20,0.333333333,0,27,0,0,1,24,0,0,3,0,59,66,0
114300,24,334927,4,1,1,0,0,0,0,0,0,7,0.033333333,0,0,0,0,0,0,0,0,1,0,1,1,0
114304,470,34988,1,470,24,109,0,88,2,185,138,108,0.233333333,70,229,35,10,0,0,0,64,0,0,76,70,229
114316,40,334927,1,40,7,9,5,8,1,9,7,7,0.033333333,0,0,0,0,0,0,0,0,40,0,22,40,0
114330,832,878119,3,376,26,95,54,69,50,107,36,20,0.233333333,0,0,97,110,0,0,0,0,0,0,82,130,110
114343,1,334927,1,1,1,0,0,0,0,0,0,7,0.033333333,0,0,0,0,0,0,0,0,1,0,1,1,0
114345,590,334927,5,241,35,71,17,48,38,26,13,7,0.333333333,0,0,0,4,0,0,0,6,41,0,34,101,0
114348,1,334927,1,1,1,0,0,0,0,0,0,7,0.033333333,0,0,0,0,0,0,0,0,1,0,1,1,0
114365,1,334927,1,1,1,0,0,0,0,0,0,7,0.033333333,0,0,0,0,0,0,0,0,1,0,1,1,0
114376,1,334927,1,1,1,0,0,0,0,0,0,7,0.033333333,0,0,0,0,0,0,0,0,1,0,1,1,0
114379,264,878119,1,264,33,117,10,63,10,86,26,20,0.3,0,14,0,0,0,0,0,13,9,0,55,92,47
114380,1,334927,1,1,1,0,0,0,0,0,0,7,0.033333333,0,0,0,0,0,0,0,0,1,0,1,1,0
114395,1,334927,1,1,1,0,0,0,0,0,0,7,0.033333333,0,0,0,0,0,0,0,0,1,0,1,1,0
114402,16,334927,1,16,7,3,0,2,2,2,2,7,0.033333333,0,0,0,0,0,0,0,0,16,0,7,16,0
114403,245,878119,1,245,22,76,19,57,7,81,28,20,0.333333333,0,39,47,0,0,0,0,0,90,2,61,61,12
114410,327,43183,3,302,25,60,69,4,5,111,30,24,0.3,0,0,0,43,0,0,43,0,0,27,71,68,35
114416,1,334927,1,1,1,0,0,0,0,0,0,7,0.033333333,0,0,0,0,0,0,0,0,1,0,1,1,0
114432,11,43183,1,11,7,1,0,1,0,1,1,24,0.033333333,0,0,0,0,0,0,0,0,0,0,7,11,0
114443,19,878119,1,19,2,14,1,1,0,10,0,20,0.033333333,0,0,0,0,0,0,0,0,0,0,9,19,0
114447,37,878119,1,37,4,14,0,11,0,10,7,20,0.1,0,5,0,0,0,0,0,0,0,0,15,5,19
114450,192,334927,2,62,7,21,6,16,1,19,7,7,0.033333333,0,0,0,0,0,0,0,0,62,0,24,62,0
114462,127,334927,4,93,18,40,9,1,13,25,2,7,0.2,0,0,0,0,0,0,0,0,5,0,23,6,9
114469,28,878119,2,22,8,10,0,1,1,7,1,20,0.066666667,0,0,0,0,0,0,6,0,0,0,13,22,0
114472,2,334927,1,2,2,0,0,0,0,0,0,7,0.066666667,0,0,0,0,0,0,0,0,1,0,1,1,0
114477,1,334927,1,1,1,0,0,0,0,0,0,7,0.033333333,0,0,0,0,0,0,0,0,1,0,1,1,0
114487,28,334927,2,6,4,2,0,0,0,1,0,7,0.033333333,0,0,0,0,0,0,0,0,6,0,6,6,0
114507,2,334927,1,2,2,0,0,0,0,0,0,7,0.033333333,0,0,0,0,0,0,0,0,2,0,2,2,0
114519,634,878119,2,369,25,120,59,75,30,82,31,20,0.6,8,0,37,0,3,0,0,7,6,50,95,185,11
114521,32,34988,2,22,2,6,5,2,0,7,1,108,0.066666667,0,0,0,4,0,0,0,0,0,0,8,18,4
114526,817,334927,6,2,2,0,0,0,0,0,0,7,0.033333333,0,0,0,0,0,0,0,0,2,0,1,2,0
114552,5,878119,1,5,4,1,0,0,0,1,0,20,0.033333333,0,0,0,0,0,0,0,0,0,0,3,5,0
114585,1,334927,1,1,1,0,0,0,0,0,0,7,0.033333333,0,0,0,0,0,0,0,0,1,0,1,1,0
114594,1,878119,1,1,1,0,0,0,0,0,0,20,0.033333333,0,0,0,0,0,0,0,0,0,0,1,1,0
114605,32,334927,1,32,4,17,0,7,0,10,4,7,0.066666667,0,0,0,0,0,0,27,0,5,0,13,27,0
114610,6,74042,1,6,2,2,0,1,0,1,1,27,0.033333333,0,0,0,0,6,0,0,0,0,0,5,6,0
114626,13,74042,1,13,5,4,0,3,0,4,0,27,0.066666667,0,1,0,0,0,12,0,0,0,0,7,13,0
114634,32,74042,1,32,9,7,0,5,4,6,3,27,0.066666667,0,0,0,0,0,15,0,0,0,0,10,17,15
114637,52,74042,2,6,2,0,0,0,4,0,0,27,0.033333333,0,0,0,0,0,6,0,0,0,0,3,6,0
114656,1870,502584,3,1300,67,315,259,173,74,450,67,143,0.566666667,0,0,62,0,0,0,0,0,0,105,183,434,244
114661,399,502584,2,387,23,79,116,21,65,99,11,143,0.166666667,0,0,0,0,0,0,0,0,0,0,55,246,47
114679,656,502584,3,598,19,98,36,46,81,267,31,143,0.2,0,0,0,0,0,0,155,0,0,0,36,83,35
114692,2,502584,1,2,2,0,0,0,0,0,0,143,0.066666667,0,0,0,0,0,0,0,0,0,0,1,1,0
114703,1,399092,1,1,1,0,0,0,0,0,0,101,0.033333333,0,0,0,0,0,0,0,0,0,0,1,1,0
114715,27,399092,1,27,10,9,0,7,0,8,0,101,0.1,0,0,0,0,0,0,0,0,0,21,7,2,0
114752,12,261579,1,12,2,4,0,1,0,6,1,5,0.033333333,0,0,0,0,0,0,0,0,0,0,6,12,0
114769,19,261579,3,12,3,7,0,0,0,7,0,5,0.033333333,0,0,0,0,0,0,0,0,0,0,10,12,0
114783,537,24979,7,54,10,14,0,11,10,9,9,25,0.1,0,0,0,0,0,0,0,0,0,0,20,30,0
114794,634,261579,3,1,1,0,0,0,0,0,0,5,0.033333333,0,0,0,0,0,0,0,0,0,0,1,1,0
114797,1,261579,1,1,1,0,0,0,0,0,0,5,0.033333333,0,0,0,0,0,0,0,0,0,0,1,1,0
114840,1101,399092,1,1101,70,193,212,123,136,274,50,101,0.766666667,47,47,0,10,40,17,0,0,0,0,136,380,138
114841,533,261579,4,121,20,75,7,9,0,55,3,5,0.433333333,5,5,0,0,0,0,0,0,19,4,52,37,16
114842,6,399092,1,6,6,0,0,0,0,0,0,101,0.066666667,0,0,0,0,0,0,0,0,0,0,2,2,0
114845,4,502584,1,4,4,0,0,0,0,0,0,143,0.033333333,0,0,0,0,0,0,0,0,0,0,1,4,0
114847,96,399092,1,96,15,28,4,11,0,38,6,101,0.133333333,0,0,0,0,0,0,0,0,0,0,19,33,0
114853,51,261579,3,6,2,2,0,1,0,1,1,5,0.033333333,0,0,0,0,0,0,0,0,0,0,5,6,0
114879,1018,399092,5,98,17,32,13,22,4,18,3,101,0.166666667,0,0,0,0,0,1,0,0,0,0,27,18,1
114894,132,261579,2,115,8,30,5,23,31,21,17,5,0.166666667,0,0,0,0,0,0,0,0,0,0,42,97,11
114898,52,399092,3,18,11,3,0,1,0,3,1,101,0.066666667,0,0,2,0,0,0,0,0,0,0,7,16,0
114899,46,261579,2,34,11,10,0,7,1,5,4,5,0.1,0,0,0,0,0,0,0,0,0,0,12,21,0
114917,1278,502584,1,1278,54,181,191,142,112,528,64,143,0.433333333,0,0,13,0,0,0,0,0,0,0,101,43,321
114929,10,261579,2,1,1,0,0,0,0,0,0,5,0.033333333,0,0,0,0,0,0,0,0,0,0,1,1,0
114932,6,261579,1,6,2,2,0,0,0,3,0,5,0.033333333,0,0,0,0,0,0,0,0,0,0,4,6,0
114939,82,502584,2,42,9,13,0,10,0,16,0,143,0.133333333,0,0,0,0,0,0,0,0,0,0,12,8,32
114940,39,24979,4,1,1,0,0,0,0,0,0,25,0.033333333,0,0,0,0,0,0,0,0,0,0,1,1,0
114949,61,399092,1,61,20,10,1,7,0,26,2,101,0.2,0,0,0,0,0,0,0,0,0,0,10,7,27
114951,7,399092,2,1,1,0,0,0,0,0,0,101,0.033333333,0,0,0,0,0,0,0,0,0,0,1,1,0
114953,45,24979,1,45,17,19,0,1,6,7,1,25,0.133333333,0,0,0,0,0,0,0,0,5,0,14,31,9
114996,611,399092,1,611,35,62,137,51,95,158,32,101,0.433333333,0,6,5,0,0,0,0,0,25,12,102,146,271
114997,1,399092,1,1,1,0,0,0,0,0,0,101,0.033333333,0,0,0,0,0,0,0,0,0,0,1,1,0
114998,2,399092,1,2,2,0,0,0,0,0,0,101,0.033333333,0,0,0,0,0,0,0,0,0,0,2,2,0
115015,5,399092,1,5,5,0,0,0,0,0,0,101,0.066666667,0,0,0,0,0,0,0,0,0,0,2,2,0
115020,1212,502584,13,680,84,219,180,8,5,314,8,143,0.5,0,0,0,81,0,16,0,0,0,0,102,2,205
115023,105,502584,2,86,23,26,0,8,4,25,0,143,0.166666667,0,0,0,0,0,0,26,0,0,0,10,35,0
115037,2058,261579,13,468,39,245,8,80,51,135,39,5,0.5,15,0,0,0,30,1,55,30,39,0,74,180,86
115089,1,399092,1,1,1,0,0,0,0,0,0,101,0.033333333,0,0,0,0,0,0,0,0,0,0,1,1,0
115090,77,24979,1,77,18,21,0,12,18,12,7,25,0.166666667,0,0,0,0,0,0,0,0,0,0,21,50,0
115099,1541,261579,15,28,10,9,0,4,3,2,1,5,0.1,0,0,0,0,0,0,1,0,0,0,10,20,0
115102,14,261579,1,14,2,7,0,3,0,6,2,5,0.066666667,0,0,0,0,0,0,0,0,0,0,7,12,0
115104,2,24979,1,2,2,0,0,0,0,0,0,25,0.033333333,0,0,0,0,0,0,0,0,0,0,1,2,0
115106,8,502584,1,8,2,2,0,1,0,1,1,143,0.033333333,0,0,0,0,0,0,0,0,0,0,5,8,0
115108,281,261579,2,1,1,0,0,0,0,0,0,5,0.033333333,0,0,0,0,0,0,0,0,0,0,1,1,0
115120,211,502584,6,1,1,0,0,0,0,0,0,143,0.033333333,0,0,0,0,0,0,0,0,0,0,1,1,0
115126,1,502584,1,1,1,0,0,0,0,0,0,143,0.033333333,0,0,0,0,0,0,0,0,0,0,1,1,0
115150,485,907118,2,471,49,191,50,97,21,150,28,19,0.633333333,15,17,17,0,49,0,0,0,28,0,77,132,111
115152,106,907118,1,106,9,45,11,22,2,38,13,19,0.133333333,0,0,0,0,0,0,0,0,11,0,36,63,0
115160,279,155579,2,259,13,50,35,30,41,98,31,17,0.266666667,0,0,0,0,0,1,58,123,0,0,53,8,0
115174,41,155579,2,29,5,12,0,7,0,7,5,17,0.066666667,0,0,0,0,0,5,24,0,0,0,12,5,24
115178,656,907118,6,60,6,21,12,13,0,17,1,19,0.166666667,0,0,15,0,0,0,0,0,0,8,21,45,0
115181,313,208752,2,302,10,62,31,40,13,138,48,24,0.266666667,43,0,0,0,24,6,0,0,0,0,80,143,0
115193,361,907118,6,154,15,59,13,41,0,41,14,19,0.366666667,0,24,4,25,0,12,0,0,0,0,40,53,0
115197,17,208752,1,17,4,3,0,2,0,5,5,24,0.033333333,0,0,0,0,0,0,0,0,0,0,10,17,0
115222,208,907118,1,208,18,90,13,71,0,76,0,19,0.4,28,0,0,0,16,10,0,0,0,0,42,92,18
115223,253,155579,1,253,7,33,88,23,20,71,26,17,0.1,0,0,0,0,0,117,125,11,0,0,64,117,125
115245,321,907118,1,321,45,133,12,84,0,98,32,19,0.3,0,0,46,0,0,0,0,0,0,33,59,84,186
115249,344,907118,1,344,24,85,91,51,7,78,6,19,0.2,0,0,0,0,0,0,0,0,0,0,51,26,0
115255,461,208752,2,115,11,40,10,19,2,39,16,24,0.166666667,0,0,0,0,0,0,0,0,0,0,21,80,23
115256,486,907118,2,203,16,72,21,49,0,63,29,19,0.333333333,0,0,0,0,31,0,0,0,0,0,74,42,15
115264,258,208752,5,164,9,26,19,19,0,58,44,24,0.233333333,0,0,0,0,0,0,0,21,0,0,75,22,29
115271,68,208752,1,68,9,6,22,4,1,18,11,24,0.066666667,0,0,0,0,0,0,0,0,0,0,29,41,27
115280,161,907118,1,161,8,61,12,44,0,56,28,19,0.233333333,0,0,0,0,0,0,0,21,44,0,71,44,13
115284,7,907118,1,7,7,0,0,0,0,0,0,19,0.033333333,0,0,0,0,0,0,0,0,0,0,3,7,0
115289,524,155579,6,351,43,76,48,64,3,114,58,17,0.333333333,0,0,2,0,0,0,19,76,0,21,87,57,22
115295,219,907118,1,219,22,79,13,62,0,67,25,19,0.233333333,15,30,0,0,79,0,0,0,0,0,49,59,5
115296,1930,195289,11,216,16,32,98,24,0,52,12,105,0.166666667,0,0,0,0,0,5,0,0,0,0,63,7,0
115297,32,208752,1,32,3,15,0,2,4,15,3,24,0.033333333,0,0,0,0,0,0,0,0,0,0,8,32,0
115306,347,907118,1,347,27,115,39,77,8,129,40,19,0.366666667,0,0,0,0,0,0,68,0,63,0,97,57,0
115333,267,208752,3,156,16,30,20,22,7,51,28,24,0.3,2,0,0,0,0,2,0,0,0,0,49,66,31
115344,63,907118,1,63,9,22,3,17,0,16,6,19,0.066666667,0,0,0,0,0,0,0,0,0,0,20,23,0
115351,380,907118,1,380,38,143,29,84,1,142,51,19,0.266666667,35,0,113,0,0,0,0,0,0,47,86,84,21
115354,52,907118,1,52,9,17,1,13,3,12,5,19,0.1,0,0,0,0,0,0,0,0,0,0,22,13,4
115355,1955,208752,6,811,56,170,26,122,100,275,149,24,0.466666667,69,69,12,0,7,0,111,0,88,0,101,291,82
115356,50,208752,1,50,6,12,10,5,0,16,7,24,0.066666667,0,0,0,0,0,0,0,0,0,0,14,6,0
115368,173,195289,6,48,7,19,2,11,0,10,5,105,0.166666667,0,0,0,0,0,0,0,0,0,0,15,9,15
115395,63,208752,2,62,11,14,6,10,0,13,6,24,0.033333333,0,0,0,0,0,0,0,0,0,0,14,62,0
115398,277,208752,2,268,31,44,32,32,15,84,51,24,0.266666667,0,0,0,0,12,0,0,0,57,0,93,87,36
115409,160,208752,2,159,28,20,20,15,17,45,22,24,0.2,0,0,0,0,0,0,0,0,0,15,41,44,47
115428,397,907118,2,388,38,262,16,41,1,256,15,19,0.133333333,271,0,0,0,0,0,0,0,0,0,43,11,43
115429,221,195289,6,191,9,35,31,18,8,80,13,105,0.1,0,0,0,0,0,0,0,0,0,0,35,174,5
115434,9,208752,1,9,3,2,0,1,0,2,2,24,0.033333333,0,0,0,0,0,0,0,0,0,0,6,9,0
115440,644,907118,1,644,350,179,27,45,1,208,2,19,0.4,75,0,0,0,0,0,0,0,40,0,62,476,41
115454,2,155579,2,1,1,0,0,0,0,0,0,17,0.033333333,0,0,0,0,0,0,1,0,0,0,1,1,0
115456,278,907118,1,278,28,96,20,74,36,72,4,19,0.533333333,0,0,6,64,0,10,0,0,0,9,35,64,72
115459,624,208752,5,451,29,152,57,50,14,196,66,24,0.333333333,58,42,0,51,51,50,0,0,0,0,100,133,53
115468,59,208752,1,59,4,13,7,9,0,20,14,24,0.1,0,0,0,0,0,0,0,0,0,0,25,22,0
115472,105,195289,5,26,5,10,0,5,1,5,2,105,0.1,0,0,0,0,0,0,0,0,0,0,10,10,0
115477,700,208752,6,248,17,52,26,34,2,87,56,24,0.266666667,60,0,0,4,0,0,48,0,0,0,92,47,44
115478,63,907118,1,63,9,24,0,17,3,11,10,19,0.2,17,5,0,0,0,5,0,0,0,5,16,25,17
115481,7,907118,1,7,1,3,0,2,0,2,0,19,0.033333333,0,0,0,0,0,0,0,0,0,0,4,7,0
115488,64,907118,1,64,9,17,11,13,9,12,0,19,0.066666667,0,0,0,0,0,0,0,0,0,0,20,64,0
115494,696,195289,1,696,36,129,226,65,42,174,54,105,0.4,0,0,94,64,0,0,0,0,0,0,118,258,237
115498,233,907118,2,189,25,91,1,39,6,77,23,19,0.2,66,16,33,2,0,0,0,0,0,0,59,63,66
115502,2,208752,1,2,2,0,0,0,0,0,0,24,0.033333333,0,0,0,0,0,0,0,0,0,0,2,2,0
115505,412,907118,2,406,41,113,58,73,28,109,60,19,0.333333333,32,76,0,84,8,0,0,4,16,0,88,97,78
115508,2298,195289,5,1477,60,257,411,165,186,389,68,105,0.666666667,0,44,0,0,0,103,67,75,4,0,168,204,397
115512,13,907118,1,13,8,0,0,0,1,0,0,19,0.033333333,0,0,0,0,0,0,0,0,0,0,5,13,0
115515,154,907118,1,154,13,53,8,39,5,53,31,19,0.2,43,21,0,21,0,0,0,0,0,0,46,13,54
115522,92,907118,3,87,15,28,5,21,7,17,8,19,0.1,0,0,0,0,0,0,0,0,0,0,31,38,49
115526,28,91935,1,28,7,7,0,5,4,4,3,26,0.033333333,0,0,0,0,0,0,0,0,28,0,12,28,0
115527,22,208752,1,22,6,3,0,2,7,5,0,24,0.033333333,0,0,0,0,0,0,0,0,0,0,8,22,0
115534,9,907118,1,9,4,4,0,1,0,1,0,19,0.066666667,0,0,0,0,0,0,0,0,0,0,5,6,3
115539,169,155579,4,104,8,54,0,24,3,38,14,17,0.133333333,0,0,0,0,30,0,11,0,0,0,36,54,0
115540,19,907118,1,19,5,6,0,4,1,5,1,19,0.033333333,0,0,0,0,0,0,0,0,0,0,8,19,0
115546,20,195289,2,19,3,2,5,2,0,4,3,105,0.033333333,0,0,0,0,0,0,0,0,0,0,10,19,0
115556,181,208752,3,131,18,15,23,10,6,38,26,24,0.2,0,0,0,0,0,0,0,0,0,0,49,56,41
115557,451,195289,7,282,18,77,46,34,19,93,27,105,0.133333333,0,0,0,0,0,0,0,0,0,0,42,154,0
115583,524,195289,3,27,9,9,0,5,0,5,2,105,0.133333333,0,0,0,0,0,0,0,0,0,0,11,10,0
115588,173,208752,1,173,28,30,34,23,8,50,16,24,0.2,0,0,0,0,0,0,37,0,0,0,54,53,4
115594,1385,195289,9,10,3,4,0,2,0,1,1,105,0.066666667,0,0,0,0,0,0,0,0,0,0,6,5,0
115601,276,195289,6,155,13,36,28,24,0,45,20,105,0.233333333,0,0,0,0,4,0,0,0,0,0,27,10,68
115602,1215,195289,3,839,47,56,326,54,41,218,79,105,0.5,0,0,230,0,2,9,0,7,19,59,199,504,70
115611,37,208752,1,37,3,4,9,3,0,12,8,24,0.033333333,0,0,0,0,0,0,0,0,0,0,17,37,0
115612,1085,195289,2,992,46,166,330,99,84,294,18,105,0.433333333,0,38,46,122,0,0,0,0,0,0,107,175,10
115628,150,907118,2,146,19,93,9,21,3,64,0,19,0.233333333,0,0,0,0,0,0,3,0,0,0,36,4,103
115631,230,208752,7,47,7,17,0,9,0,11,9,24,0.2,0,0,0,0,0,0,0,0,0,0,15,9,7
115633,810,208752,4,202,11,89,28,6,0,122,12,24,0.266666667,0,54,0,0,0,0,0,0,0,0,46,52,31
115641,53,907118,1,53,11,17,1,12,0,11,7,19,0.1,0,21,0,0,0,0,0,0,0,0,18,19,21
115651,83,195289,2,75,22,16,0,11,14,8,0,105,0.133333333,0,0,0,0,0,0,0,0,0,0,8,44,21
115657,98,907118,3,62,16,19,2,12,3,15,6,19,0.066666667,0,0,0,0,0,0,0,0,0,0,22,12,0
115675,2,155579,1,2,2,0,0,0,0,0,0,17,0.033333333,0,0,0,0,0,0,2,0,0,0,2,2,0
115694,74,208752,2,68,23,11,5,8,0,14,12,24,0.233333333,0,0,0,0,0,0,0,0,0,0,17,23,24
115695,535,907118,2,436,39,127,10,83,96,96,36,19,0.466666667,0,0,0,0,0,0,7,0,27,0,52,21,49
115699,186,208752,1,186,14,29,27,21,11,56,39,24,0.166666667,74,0,0,0,23,0,44,0,0,0,73,19,26
115750,154,907118,2,147,11,55,2,44,8,47,18,19,0.2,0,0,0,22,0,0,0,0,0,0,35,11,34
115774,27,907118,1,27,11,6,0,4,0,7,3,19,0.033333333,0,0,0,0,0,0,0,0,0,0,11,27,0
115778,252,907118,1,252,39,91,33,42,0,72,18,19,0.266666667,64,0,64,0,0,0,0,0,0,0,52,78,71
115784,381,907118,4,152,27,65,2,41,0,34,9,19,0.266666667,40,21,0,0,0,0,0,0,0,0,26,23,16
115785,64,907118,1,64,16,21,0,13,1,19,9,19,0.166666667,0,0,0,0,8,7,0,21,0,0,20,19,7
115793,829,208752,9,18,3,7,0,3,0,5,4,24,0.066666667,0,0,0,0,0,0,0,0,0,1,9,18,0
115826,309,208752,2,260,38,57,29,36,26,56,37,24,0.366666667,0,10,0,0,0,0,0,0,0,0,54,17,140
115851,161,907118,2,133,20,49,4,29,9,31,16,19,0.233333333,0,0,0,0,22,14,0,3,30,3,34,32,22
115853,26,208752,1,26,4,11,0,5,1,9,4,24,0.066666667,0,0,0,0,0,0,0,0,0,0,8,13,13
115885,294,907118,3,275,36,94,41,55,3,80,23,19,0.333333333,0,0,32,13,0,0,0,0,0,7,72,99,46
115896,1,195289,1,1,1,0,0,0,0,0,0,105,0.033333333,0,0,0,0,0,0,0,0,0,0,1,1,0
115897,127,907118,5,24,8,10,0,5,1,7,0,19,0.033333333,0,0,0,0,0,0,0,0,0,0,10,24,0
115900,127,91935,5,1,1,0,0,0,0,0,0,26,0.033333333,0,0,0,0,0,0,0,0,1,0,1,1,0
115904,251,208752,1,251,23,37,32,27,53,54,29,24,0.233333333,0,8,0,0,0,0,0,0,0,0,51,110,17
115905,210,907118,1,210,15,59,39,46,2,59,35,19,0.166666667,0,0,54,69,0,0,0,0,0,0,70,89,0
115918,208,907118,1,208,23,75,17,59,2,61,17,19,0.2,0,0,9,0,0,0,0,0,0,0,55,79,4
115921,166,907118,1,166,13,51,14,45,18,46,15,19,0.166666667,0,0,0,0,0,0,0,0,0,0,39,72,72
115926,42,195289,1,42,13,6,0,4,14,4,2,105,0.033333333,0,0,0,0,0,0,0,0,0,0,11,42,0
115955,96,907118,1,96,16,45,0,24,0,29,10,19,0.2,0,0,0,0,0,0,0,0,11,0,30,15,0
115969,109,907118,2,96,11,47,3,19,0,36,11,19,0.133333333,0,0,0,0,0,10,0,0,0,11,27,71,10
115979,66,195289,2,48,5,8,6,6,7,10,7,105,0.066666667,0,0,0,0,0,0,0,0,0,0,15,16,0
115981,75,907118,1,75,8,34,2,21,0,26,7,19,0.133333333,7,15,47,0,0,0,0,0,0,0,19,7,15
115982,10,907118,1,10,2,3,0,2,2,2,1,19,0.033333333,10,0,0,0,0,0,0,0,0,0,6,10,0
115994,8,907118,3,1,1,0,0,0,0,0,0,19,0.033333333,1,0,0,0,0,0,0,0,0,0,1,1,0
115995,4198,155579,27,502,108,187,0,88,89,120,23,17,0.6,5,5,0,0,6,1,0,25,94,0,48,256,0
116023,8,38356,2,7,4,2,0,1,0,1,0,65,0.033333333,0,0,0,0,0,0,0,0,0,0,5,7,0
116028,11,38356,1,11,3,5,0,1,0,4,0,65,0.033333333,0,0,0,0,0,0,0,0,0,0,5,11,0
116051,1221,155579,2,817,47,257,129,157,91,349,0,17,0.5,133,0,0,0,9,88,0,74,66,0,55,184,147
116053,171,907118,3,139,9,52,12,39,0,45,16,19,0.233333333,11,0,0,0,35,0,0,0,0,0,35,16,57
116054,479,907118,10,321,33,99,20,74,23,95,42,19,0.3,27,0,2,0,0,0,0,0,84,0,84,68,10
116058,166,38356,4,20,2,7,0,5,2,5,3,65,0.066666667,0,0,0,0,0,0,0,0,0,0,9,8,0
116059,238,907118,2,224,29,66,33,47,2,63,26,19,0.2,42,32,4,61,0,0,0,0,0,0,75,42,32
116061,24,907118,1,24,5,13,0,4,0,4,2,19,0.066666667,15,0,0,0,0,0,0,0,0,0,7,9,0
116063,584,208752,4,273,20,42,23,35,23,90,65,24,0.266666667,0,106,0,0,1,0,0,0,10,0,78,13,106
116065,552,155579,1,552,63,83,103,56,47,169,68,17,0.433333333,0,0,0,0,0,0,0,4,0,0,65,105,192
116067,7,155579,1,7,1,2,0,1,2,1,1,17,0.033333333,0,0,0,0,0,0,0,7,0,0,4,7,0
116070,107,155579,2,76,19,26,0,14,5,12,8,17,0.066666667,0,0,0,0,0,0,0,54,22,0,21,54,22
116083,11,91935,4,1,1,0,0,0,0,0,0,26,0.033333333,0,0,0,0,0,0,0,0,0,1,1,1,0
116092,929,38356,7,18,5,7,0,2,0,5,2,65,0.033333333,0,0,0,0,0,0,0,0,0,0,9,18,0
116110,601,38356,3,96,17,26,0,15,20,20,10,65,0.2,0,0,0,0,0,0,0,0,0,0,16,40,20
116120,2012,38356,12,47,4,8,15,4,3,8,7,65,0.066666667,0,0,0,0,0,0,0,0,0,0,12,40,0
116121,109,208752,1,109,10,21,25,14,1,34,17,24,0.166666667,0,0,0,0,0,0,0,0,0,0,34,40,0
116130,82,907118,1,82,9,41,0,19,3,24,9,19,0.1,13,0,0,0,0,17,0,0,0,0,17,65,17
116133,251,907118,3,181,28,63,18,23,31,59,8,19,0.166666667,57,0,0,0,0,0,0,0,0,0,48,49,63
116137,135,907118,3,118,22,39,2,18,1,47,7,19,0.2,45,0,0,0,0,0,0,0,0,0,23,41,0
116166,228,208752,5,49,4,11,0,6,2,19,13,24,0.1,0,0,0,0,0,0,0,0,0,0,17,23,15
116196,21,907118,2,4,3,0,0,0,1,0,0,19,0.066666667,3,0,0,0,0,0,0,0,0,0,3,1,0
116202,39,907118,1,39,3,14,2,9,0,21,1,19,0.033333333,39,0,0,0,0,0,0,0,0,0,11,39,0
116203,43,907118,1,43,3,35,0,3,0,22,2,19,0.033333333,43,0,0,0,0,0,0,0,0,0,9,43,0
116206,27,38356,2,5,4,1,0,0,0,0,0,65,0.033333333,0,0,0,0,0,0,0,0,0,0,3,5,0
116213,123,907118,1,123,14,36,13,25,9,33,7,19,0.166666667,59,0,0,8,4,0,0,12,0,0,29,63,0
116224,68,38356,6,8,2,4,0,1,0,1,1,65,0.033333333,0,0,0,0,0,0,0,0,0,0,4,8,0
116231,226,38356,4,24,3,4,0,2,9,4,3,65,0.066666667,0,0,0,0,0,0,0,0,0,0,8,10,14
116233,45,907118,1,45,15,22,4,4,0,14,0,19,0.066666667,24,0,0,0,0,0,0,0,0,0,8,21,0
116237,5,195289,1,5,3,2,0,0,0,0,0,105,0.033333333,0,0,0,0,0,0,0,0,0,0,3,5,0
116249,43,208752,1,43,3,23,0,2,2,30,5,24,0.033333333,0,0,0,0,0,0,0,0,0,0,10,43,0
116267,499,195289,5,9,5,2,0,1,0,1,1,105,0.033333333,0,0,0,0,0,0,0,0,0,0,4,9,0
116270,164,195289,6,72,8,38,0,17,0,31,9,105,0.133333333,0,0,0,0,0,0,0,0,0,0,22,36,0
116282,14,155579,2,8,8,0,0,0,0,0,0,17,0.133333333,0,0,0,0,0,0,0,2,0,0,2,1,1
116298,6,907118,1,6,1,3,0,1,1,1,0,19,0.033333333,6,0,0,0,0,0,0,0,0,0,3,6,0
116319,1,907118,1,1,1,0,0,0,0,0,0,19,0.033333333,1,0,0,0,0,0,0,0,0,0,1,1,0
116331,62,38356,2,24,2,14,0,5,0,8,3,65,0.066666667,0,0,0,0,0,0,0,0,0,0,9,24,0
116332,72,38356,4,68,20,20,2,9,1,19,11,65,0.166666667,9,0,0,0,0,0,0,0,0,0,15,25,4
116362,169,91935,1,169,29,48,20,33,0,43,27,26,0.2,0,0,42,13,0,35,0,0,0,14,54,12,53
116375,144,907118,1,144,8,59,4,31,2,71,21,19,0.133333333,17,0,0,0,0,0,0,0,0,0,49,17,0
116415,14,652701,1,14,4,7,0,1,1,6,1,3,0.033333333,0,0,0,0,0,0,14,0,0,0,10,14,0
116418,7,221833,1,7,3,2,0,1,0,1,1,58,0.033333333,0,0,0,0,0,0,7,0,0,0,6,7,0
116442,408,221833,1,408,12,97,125,36,0,165,20,58,0.166666667,139,0,0,0,0,0,117,0,0,0,71,243,0
116449,32,652701,1,32,4,12,0,9,0,10,6,3,0.066666667,0,0,0,0,0,0,29,3,0,0,11,29,3
116455,152,652701,1,152,19,33,44,22,3,15,8,3,0.133333333,0,0,0,0,61,0,7,0,0,0,27,86,5
116478,162,652701,1,162,17,33,13,24,48,7,1,3,0.233333333,7,0,21,0,0,0,40,0,0,0,23,41,0
116491,118,652701,2,117,14,28,9,23,8,13,8,3,0.1,0,0,0,0,0,0,65,1,0,0,34,51,0
116506,24,652701,1,24,5,8,0,6,0,5,5,3,0.066666667,0,0,0,11,0,0,13,0,0,0,9,11,0
116508,55,652701,1,55,5,20,1,11,8,19,9,3,0.033333333,0,0,0,0,0,0,55,0,0,0,21,55,0
116522,400,221833,6,173,10,39,4,33,33,64,16,58,0.1,0,0,0,0,0,0,33,0,0,0,47,93,47
116526,1,652701,1,1,1,0,0,0,0,0,0,3,0.033333333,0,0,0,0,0,0,1,0,0,0,1,1,0
116531,183,652701,2,23,6,10,0,5,0,2,1,3,0.066666667,0,0,0,0,0,0,18,0,0,0,8,5,18
116533,25,652701,1,25,5,17,0,2,0,12,1,3,0.033333333,0,0,0,0,0,0,25,0,0,0,12,25,0
116539,30,652701,1,30,6,11,0,7,1,6,4,3,0.066666667,0,0,0,0,0,0,6,24,0,0,16,6,24
116547,436,652701,2,182,26,57,1,41,1,6,6,3,0.366666667,0,33,0,0,10,1,17,0,0,0,27,3,23
116560,392,652701,3,45,10,19,0,9,0,1,1,3,0.166666667,12,4,0,0,4,0,8,0,0,0,11,25,0
116562,33,652701,1,33,3,11,4,8,0,8,6,3,0.066666667,0,0,0,0,0,7,26,0,0,0,19,7,26
116583,155,148039,1,155,13,34,18,24,34,27,10,18,0.1,0,0,0,0,0,0,0,4,0,0,25,155,0
116584,26,652701,1,26,4,9,0,6,3,6,4,3,0.033333333,0,0,0,0,0,0,26,0,0,0,12,26,0
116601,86,148039,1,86,8,18,4,17,1,37,4,18,0.066666667,0,0,0,0,0,0,0,85,0,0,18,1,0
116615,2,652701,1,2,2,0,0,0,0,0,0,3,0.033333333,0,0,0,0,0,0,2,0,0,0,1,2,0
116616,36,652701,1,36,5,12,7,9,0,2,0,3,0.1,0,0,0,0,0,0,12,0,0,0,11,16,12
116629,14,652701,1,14,2,5,0,4,0,4,3,3,0.033333333,0,0,0,0,0,0,14,0,0,0,10,14,0
116656,65,148039,1,65,4,15,8,10,0,24,6,18,0.133333333,0,0,0,0,39,11,12,3,0,0,19,39,11
116670,16,221833,3,6,2,2,0,0,2,1,0,58,0.033333333,0,0,0,0,0,0,6,0,0,0,4,6,0
116673,1913,652701,6,151,17,57,10,32,6,18,2,3,0.166666667,0,55,0,0,0,0,44,0,13,0,30,19,0
116679,34,652701,2,17,4,8,0,3,0,5,2,3,0.033333333,0,0,0,0,0,0,17,0,0,0,9,17,0
116686,175,652701,2,29,3,11,0,8,1,5,5,3,0.1,0,0,0,0,0,0,19,4,0,0,11,25,4
116692,64,652701,1,64,12,23,0,15,0,5,3,3,0.333333333,0,0,0,0,0,0,4,0,17,0,19,23,20
116698,155,652701,5,72,6,22,15,19,0,18,8,3,0.066666667,0,0,0,0,0,0,66,0,0,0,27,6,0
116731,543,652701,8,68,3,37,12,5,0,4,0,3,0.166666667,0,0,1,0,11,0,2,0,0,0,13,10,0
116733,11,652701,1,11,4,4,0,1,2,1,0,3,0.033333333,0,0,0,0,0,0,11,0,0,0,7,11,0
116734,172,148039,2,1,1,0,0,0,0,0,0,18,0.033333333,0,0,0,0,0,0,0,1,0,0,1,1,0
116740,183,652701,1,183,34,56,16,29,22,12,2,3,0.433333333,0,0,0,0,20,0,21,0,0,0,30,18,53
116742,209,652701,1,209,16,48,44,32,22,15,13,3,0.166666667,0,7,0,0,0,0,71,0,0,0,38,53,78
116747,2,221833,1,2,2,0,0,0,0,0,0,58,0.033333333,0,0,0,0,0,0,2,0,0,0,2,2,0
116748,30,652701,2,20,2,12,0,4,0,7,2,3,0.033333333,0,0,0,0,0,0,20,0,0,0,6,20,0
116755,116,652701,2,115,17,28,3,20,21,7,5,3,0.1,0,0,0,0,0,0,29,0,0,0,21,80,0
116765,100,652701,1,100,9,21,22,13,7,9,5,3,0.1,0,0,0,0,0,0,40,0,0,0,24,18,40
116766,9,652701,1,9,2,3,0,2,0,2,2,3,0.033333333,0,0,0,0,0,0,9,0,0,0,7,9,0
116771,8,652701,1,8,3,2,0,1,0,1,1,3,0.033333333,0,0,0,0,0,0,8,0,0,0,6,8,0
116788,2,41550,1,2,2,0,0,0,0,0,0,21,0.033333333,0,0,0,0,0,0,0,0,0,0,2,2,0
116790,17,652701,1,17,5,7,0,3,0,8,0,3,0.033333333,0,0,0,0,0,0,17,0,0,0,6,17,0
116794,47,221833,3,16,2,6,0,4,0,5,4,58,0.033333333,0,0,0,0,0,0,16,0,0,0,9,16,0
116804,966,148039,6,54,7,19,1,5,11,21,1,18,0.066666667,0,0,0,0,0,0,0,5,0,0,10,49,0
116813,108,652701,3,31,8,12,0,8,0,1,1,3,0.133333333,0,0,0,0,0,0,7,0,0,0,9,5,0
116828,2,652701,1,2,2,0,0,0,0,0,0,3,0.066666667,0,0,0,0,0,0,1,0,0,0,1,1,0
116831,166,652701,1,166,20,50,17,20,37,9,1,3,0.133333333,0,0,18,0,0,0,5,0,0,0,25,109,34
116835,2,41550,1,2,2,0,0,0,0,0,0,21,0.033333333,0,0,0,0,0,0,0,0,0,0,1,2,0
116850,98,652701,1,98,10,33,8,19,12,26,12,3,0.066666667,0,0,0,0,0,0,66,32,0,0,27,66,32
116851,97,221833,2,93,2,13,16,9,0,41,5,58,0.066666667,0,0,0,0,0,28,65,0,0,0,24,28,65
116860,2,148039,1,2,2,0,0,0,0,0,0,18,0.033333333,0,0,0,0,0,0,0,2,0,0,2,2,0
116862,694,652701,2,682,81,159,27,95,250,17,7,3,0.6,15,25,0,0,66,0,31,0,0,0,31,169,174
116881,68,652701,1,68,11,26,4,16,1,17,8,3,0.1,0,0,0,0,0,6,2,60,0,0,27,6,2
116885,1,148039,1,1,1,0,0,0,0,0,0,18,0.033333333,0,0,0,0,0,0,0,1,0,0,1,1,0
116900,1,652701,1,1,1,0,0,0,0,0,0,3,0.033333333,0,0,0,0,0,0,0,1,0,0,1,1,0
116902,6,652701,1,6,2,2,0,1,0,1,1,3,0.033333333,0,0,0,0,0,0,0,6,0,0,5,6,0
116924,265,652701,4,149,18,40,6,29,2,8,7,3,0.2,0,0,0,25,13,0,0,1,0,0,33,41,15
116935,25,221833,1,25,7,10,0,0,1,10,4,58,0.066666667,0,0,0,0,0,0,0,1,0,0,18,24,0
116936,56,652701,1,56,6,11,5,9,13,11,7,3,0.033333333,0,0,0,0,0,0,0,56,0,0,23,56,0
116942,39,652701,1,39,4,13,0,11,2,10,8,3,0.033333333,0,0,0,0,0,0,0,39,0,0,24,39,0
116955,856,652701,11,300,51,74,55,42,25,10,2,3,0.366666667,66,0,0,64,3,0,0,8,0,0,29,152,73
116960,2,652701,1,2,2,0,0,0,0,0,0,3,0.033333333,0,0,0,0,0,0,0,2,0,0,2,2,0
116972,36,652701,1,36,15,17,0,1,1,5,0,3,0.1,0,0,17,0,0,0,0,5,0,0,11,14,17
116974,117,652701,3,35,4,11,2,10,0,11,8,3,0.033333333,0,0,0,0,0,0,0,35,0,0,22,35,0
116979,35,652701,1,35,9,18,0,5,0,7,0,3,0.033333333,0,0,0,0,0,0,0,35,0,0,8,35,0
116982,23,652701,1,23,7,9,0,5,0,1,1,3,0.066666667,0,0,0,0,0,0,0,7,0,0,10,16,0
116988,38,652701,2,18,2,7,0,5,0,4,4,3,0.066666667,0,0,0,0,0,5,0,13,0,0,11,5,0
116991,339,652701,2,307,53,61,20,36,122,10,0,3,0.4,0,0,0,0,0,16,0,45,0,0,23,27,165
116993,14,41550,1,14,4,5,0,4,0,4,1,21,0.033333333,0,0,14,0,0,0,0,0,0,0,8,14,0
116998,40,652701,1,40,3,12,4,10,0,11,8,3,0.033333333,0,0,0,0,0,0,0,40,0,0,22,40,0
117001,92,652701,2,48,6,20,6,10,0,3,2,3,0.166666667,0,0,0,0,0,0,0,12,0,0,14,23,9
117014,55,652701,1,55,13,29,0,3,7,24,1,3,0.066666667,0,0,0,0,0,0,0,45,10,0,17,45,10
117018,127,652701,1,127,20,41,15,23,15,31,8,3,0.033333333,0,0,0,0,0,0,0,127,0,0,28,127,0
117026,55,652701,2,44,15,13,0,8,0,13,8,3,0.066666667,0,0,0,0,0,0,0,41,0,0,18,3,0
117027,271,652701,2,75,14,10,19,6,21,1,1,3,0.133333333,0,0,0,0,0,0,0,7,0,0,13,57,0
117028,341,221833,2,335,26,73,122,53,1,68,12,58,0.366666667,6,0,0,0,0,0,0,9,0,0,56,102,15
117037,52,652701,1,52,6,21,0,10,5,15,7,3,0.066666667,0,0,0,0,0,0,0,39,0,0,16,52,0
117040,20,652701,1,20,8,4,0,4,0,4,4,3,0.033333333,0,0,0,0,0,0,0,20,0,0,10,20,0
117047,54,652701,1,54,8,14,11,11,0,3,2,3,0.1,0,0,0,0,0,0,0,14,0,0,19,40,14
117050,184,652701,2,9,2,3,0,2,0,2,2,3,0.033333333,0,0,0,0,0,0,0,9,0,0,5,9,0
117068,84,652701,1,84,10,17,10,13,5,3,2,3,0.066666667,0,0,0,0,0,0,0,26,0,0,23,84,0
117070,1,652701,1,1,1,0,0,0,0,0,0,3,0.033333333,0,0,0,0,0,0,0,1,0,0,1,1,0
117072,4,41550,2,1,1,0,0,0,0,0,0,21,0.033333333,0,0,1,0,0,0,0,0,0,0,1,1,0
117074,177,652701,1,177,42,50,6,27,33,19,5,3,0.233333333,0,0,0,0,0,0,0,42,22,0,30,65,22
117077,47,41550,2,1,1,0,0,0,0,0,0,21,0.033333333,0,0,1,0,0,0,0,0,0,0,1,1,0
117085,22,652701,1,22,6,7,0,4,1,4,3,3,0.033333333,0,0,0,0,0,0,0,22,0,0,12,22,0
117094,5,221833,3,1,1,0,0,0,0,0,0,58,0.033333333,0,0,0,0,0,0,0,1,0,0,1,1,0
117114,8,652701,2,7,3,2,0,1,0,2,1,3,0.033333333,0,0,0,0,0,0,0,7,0,0,6,7,0
117115,32,652701,1,32,10,9,0,6,0,2,2,3,0.066666667,0,0,0,0,0,0,0,14,0,0,14,18,0
117125,1,652701,1,1,1,0,0,0,0,0,0,3,0.033333333,0,0,0,0,0,0,0,1,0,0,1,1,0
117128,105,652701,4,28,2,10,0,8,0,9,8,3,0.033333333,0,0,0,0,0,0,0,28,0,0,18,28,0
117145,15,652701,1,15,5,5,0,3,0,2,1,3,0.033333333,0,0,0,0,0,0,0,15,0,0,8,15,0
117146,59,652701,1,59,12,24,0,11,2,18,7,3,0.1,0,0,0,0,3,0,0,44,0,0,24,12,0
117157,1,221833,1,1,1,0,0,0,0,0,0,58,0.033333333,0,0,0,0,0,0,0,1,0,0,1,1,0
117159,3,41550,2,1,1,0,0,0,0,0,0,21,0.033333333,0,0,1,0,0,0,0,0,0,0,1,1,0
117165,657,148039,2,22,8,5,0,3,2,3,3,18,0.1,0,0,0,0,0,0,0,0,1,0,10,8,13
117172,45,652701,1,45,9,15,2,10,0,3,2,3,0.133333333,0,0,0,0,0,0,0,11,0,0,18,2,11
117180,1,148039,1,1,1,0,0,0,0,0,0,18,0.033333333,0,0,0,0,0,0,0,0,1,0,1,1,0
117183,12,652701,1,12,3,3,0,1,4,1,1,3,0.033333333,0,0,0,0,0,0,0,12,0,0,6,12,0
117191,1,652701,1,1,1,0,0,0,0,0,0,3,0.033333333,0,0,0,0,0,0,0,1,0,0,1,1,0
117200,45,652701,1,45,8,15,0,11,1,8,7,3,0.133333333,0,0,0,0,0,0,0,30,0,0,21,13,1
117222,428,148039,10,1,1,0,0,0,0,0,0,18,0.033333333,0,0,0,0,0,0,0,0,1,0,1,1,0
117228,4,652701,3,2,2,0,0,0,0,0,0,3,0.066666667,0,0,0,0,0,0,0,1,0,0,1,1,0
117230,10,652701,1,10,4,2,0,1,1,1,1,3,0.033333333,0,0,0,0,0,0,0,10,0,0,6,10,0
117232,278,41550,3,258,2,24,0,22,0,119,19,21,0.066666667,0,0,254,0,0,0,0,0,0,0,40,4,0
117239,7,652701,1,7,5,0,0,0,2,0,0,3,0.033333333,0,0,0,0,0,0,0,7,0,0,3,7,0
117254,147,652701,1,147,25,46,8,19,21,0,0,3,0.366666667,0,0,0,0,0,0,0,4,0,0,18,26,76
117263,135,652701,1,135,16,36,17,26,7,11,1,3,0.1,0,94,24,0,0,0,0,17,0,0,28,94,0
117264,12,652701,2,8,8,0,0,0,0,0,0,3,0.066666667,0,0,0,0,0,0,0,2,0,0,2,8,0
117277,25,652701,2,21,3,8,0,6,0,3,3,3,0.066666667,0,0,0,0,0,0,0,14,0,0,11,7,0
117301,1239,652701,8,38,5,16,0,8,2,11,5,3,0.1,0,0,14,0,0,0,0,10,0,0,9,14,14
117306,113,148039,3,1,1,0,0,0,0,0,0,18,0.033333333,0,0,0,0,0,0,0,0,1,0,1,1,0
117311,1,652701,1,1,1,0,0,0,0,0,0,3,0.033333333,0,0,0,0,0,0,0,1,0,0,1,1,0
117313,757,148039,4,17,4,6,0,4,0,3,3,18,0.066666667,0,0,0,0,7,0,0,0,10,0,8,7,0
117317,3,652701,1,3,3,0,0,0,0,0,0,3,0.033333333,0,0,0,0,0,0,0,3,0,0,1,3,0
117320,2028,652701,5,162,32,55,13,35,8,21,0,3,0.266666667,0,18,0,0,0,39,2,28,7,0,26,78,14
117329,289,652701,1,289,41,113,9,52,5,11,4,3,0.333333333,84,0,21,1,0,0,0,16,0,0,27,33,16
117331,13,652701,1,13,2,4,0,3,1,3,3,3,0.066666667,0,0,0,0,0,0,0,8,5,0,7,8,5
117334,161,652701,3,87,14,32,3,18,4,24,10,3,0.1,0,0,0,0,0,0,0,17,46,24,24,17,46
117347,11,74042,1,11,4,3,0,2,0,2,2,27,0.033333333,0,0,0,0,0,0,0,0,0,0,7,11,0
117349,2,74042,1,2,2,0,0,0,0,0,0,27,0.033333333,0,0,0,0,0,0,0,0,0,0,2,2,0
117351,39,74042,5,8,4,2,0,1,0,1,1,27,0.033333333,0,0,0,0,0,0,0,0,0,0,5,8,0
117353,4,74042,1,4,4,0,0,0,0,0,0,27,0.066666667,0,0,0,0,0,0,0,0,0,0,2,3,1
117356,675,74042,1,675,65,217,67,115,128,180,28,27,0.566666667,26,18,17,0,0,0,0,0,110,10,76,204,79
117373,9,74042,1,9,5,2,0,1,0,1,1,27,0.033333333,0,0,0,0,0,0,0,0,0,0,5,9,0
117375,70,74042,1,70,16,25,0,12,12,8,4,27,0.133333333,0,1,0,0,0,0,0,0,0,0,12,28,1
117383,2,74042,1,2,2,0,0,0,0,0,0,27,0.033333333,0,0,0,0,0,0,0,0,0,0,2,2,0
117400,11,74042,1,11,4,3,0,2,0,2,2,27,0.033333333,0,0,0,0,0,0,0,0,0,0,7,11,0
117402,459,74042,2,202,10,58,10,34,37,72,17,27,0.1,0,0,0,0,0,0,0,0,0,0,25,18,0
117412,276,74042,2,28,2,15,0,6,0,12,2,27,0.066666667,0,0,0,0,0,0,0,0,0,0,8,3,0
117414,11,74042,1,11,4,3,0,2,0,2,2,27,0.033333333,0,0,0,0,0,0,0,0,0,0,7,11,0
117417,51,74042,1,51,12,7,0,2,21,4,2,27,0.066666667,0,0,0,0,0,0,0,0,0,0,10,33,0
117427,14,74042,1,14,7,3,0,1,1,1,1,27,0.033333333,0,0,0,0,0,0,0,0,0,0,7,14,0
117428,13,74042,1,13,4,4,0,3,0,3,2,27,0.033333333,0,0,0,0,0,0,0,0,0,0,7,13,0
117438,8,74042,1,8,1,3,0,2,0,2,2,27,0.033333333,0,0,0,0,0,0,0,0,0,0,6,8,0
117449,115,74042,2,14,3,5,0,3,0,4,3,27,0.066666667,0,0,0,0,0,0,0,0,0,0,9,13,0
117456,1,74042,1,1,1,0,0,0,0,0,0,27,0.033333333,0,0,0,0,0,0,0,0,0,0,1,1,0
117464,7,74042,1,7,1,3,0,2,0,2,1,27,0.033333333,0,0,0,0,0,0,0,0,0,0,5,7,0
117469,3,74042,2,1,1,0,0,0,0,0,0,27,0.033333333,0,0,0,0,0,0,0,0,0,0,1,1,0
117471,4,74042,1,4,4,0,0,0,0,0,0,27,0.033333333,0,0,0,0,0,0,0,0,0,0,2,4,0
117473,6,74042,1,6,2,2,0,1,0,1,1,27,0.033333333,0,0,0,0,0,0,0,0,0,0,5,6,0
117480,202,74042,3,18,5,6,0,4,0,3,3,27,0.066666667,0,0,0,0,0,0,0,0,0,0,8,11,0
117482,40,74042,2,1,1,0,0,0,0,0,0,27,0.033333333,0,0,0,0,0,0,0,0,0,0,1,1,0
117486,51,74042,2,9,1,4,0,2,0,3,2,27,0.033333333,0,0,0,0,0,0,0,0,0,0,4,9,0
117488,29,74042,1,29,6,9,0,6,1,4,4,27,0.033333333,0,0,0,0,0,0,0,0,0,0,11,29,0
117489,2028,74042,5,1,1,0,0,0,0,0,0,27,0.033333333,0,0,0,0,0,0,0,0,0,0,1,1,0
117492,33,74042,1,33,4,10,4,7,0,6,5,27,0.066666667,0,0,0,0,0,0,0,0,0,0,11,16,17
117493,29,74042,1,29,8,10,0,5,0,5,3,27,0.1,0,0,0,0,0,0,0,0,0,0,11,7,0
117501,1622,127749,9,1,1,0,0,0,0,0,0,102,0.033333333,0,0,0,0,0,0,0,0,0,0,1,1,0
117502,3787,502584,2,3689,260,543,227,358,1603,684,100,143,0.5,286,639,184,77,65,302,65,82,48,70,163,187,389
117507,761,110497,7,250,57,80,26,41,0,48,12,24,0.466666667,0,10,0,5,0,0,0,9,0,0,32,48,17
117508,291,457932,4,108,11,33,15,27,0,22,19,21,0.133333333,0,0,0,0,0,0,0,0,0,0,35,14,23
117513,410,399092,1,410,20,65,126,38,3,104,17,101,0.3,29,14,0,47,0,0,0,0,0,0,53,11,69
117515,1622,86829,9,2,2,0,0,0,0,0,0,63,0.033333333,0,0,0,0,0,0,0,0,0,0,1,2,0
117540,832,399092,4,1,1,0,0,0,0,0,0,101,0.033333333,0,0,0,0,0,0,0,0,0,0,1,1,0
117560,569,502584,2,559,35,89,151,52,70,148,22,143,0.333333333,0,0,0,30,0,38,0,169,1,0,100,63,0
117575,239,247683,4,24,3,13,0,5,0,5,3,23,0.066666667,0,0,0,0,0,0,0,0,0,0,7,24,0
117584,281,334927,2,1,1,0,0,0,0,0,0,7,0.033333333,0,0,0,0,0,0,0,0,0,0,1,1,0
117585,1109,250865,2,972,20,309,126,140,129,390,64,34,0.533333333,0,0,0,124,180,14,2,3,135,20,91,192,57
117618,469,334927,4,15,1,6,0,5,0,5,3,7,0.033333333,0,0,0,0,0,0,0,0,0,0,8,15,0
117630,7,334927,1,7,2,3,0,1,0,2,1,7,0.033333333,0,0,0,0,0,0,0,0,0,0,6,7,0
117631,11,261579,2,4,4,0,0,0,0,0,0,5,0.033333333,0,0,0,0,0,0,0,4,0,0,2,4,0
117637,1665,250865,3,654,33,104,119,69,44,268,28,34,0.233333333,0,0,0,0,0,0,0,0,0,0,41,153,70
117638,22,334927,1,22,5,8,0,6,0,3,3,7,0.033333333,0,0,0,0,0,0,0,0,0,0,10,22,0
117641,494,188602,1,494,28,87,183,66,37,85,35,96,0.5,0,0,22,0,0,0,0,43,4,0,108,162,111
117642,438,42723,3,7,2,3,0,1,0,2,1,6,0.033333333,0,0,0,0,0,0,0,0,0,0,4,7,0
117650,324,247683,5,2,2,0,0,0,0,0,0,23,0.033333333,0,0,0,0,0,0,0,0,0,0,2,2,0
117653,290,127749,3,55,7,21,0,16,0,12,11,102,0.133333333,0,0,0,0,0,0,0,0,0,0,25,9,0
117657,485,502584,2,76,14,13,24,10,3,18,0,143,0.1,0,0,0,0,50,0,0,0,0,0,13,18,8
117660,907,399092,1,907,125,143,174,104,40,245,68,101,0.6,15,227,0,0,0,0,0,0,0,0,118,84,17
117669,305,346877,1,305,55,71,32,32,76,71,2,9,0.233333333,12,0,0,0,0,0,16,57,0,0,26,94,0
117674,27,85576,2,1,1,0,0,0,0,0,0,54,0.033333333,0,0,0,0,0,0,0,0,0,0,1,1,0
117678,601,261579,5,466,44,238,11,29,117,204,23,5,0.433333333,0,45,8,30,19,2,28,45,10,27,56,103,57
117702,848,247683,7,19,5,9,0,2,1,6,2,23,0.033333333,0,0,0,0,0,0,0,0,0,0,13,19,0
117709,133,247683,3,121,9,43,24,35,0,39,8,23,0.166666667,0,0,0,0,0,0,0,0,43,0,37,23,0
117712,321,399092,5,10,4,2,0,0,4,1,0,101,0.1,0,0,0,1,0,0,0,0,0,0,4,1,0
117714,174,399092,3,134,16,28,8,24,20,39,7,101,0.1,0,132,0,0,0,0,0,0,0,0,29,2,0
117730,1777,127749,4,276,15,69,125,36,0,56,2,102,0.166666667,0,0,15,99,0,0,0,0,0,0,65,107,25
117732,1417,127749,8,110,3,34,16,32,0,31,23,102,0.166666667,0,0,0,0,0,0,0,0,0,0,41,27,13
117738,10,334927,1,10,1,7,0,1,0,4,1,7,0.033333333,0,0,0,0,0,0,0,0,0,0,6,10,0
117739,30,250865,2,14,1,4,0,2,0,6,1,34,0.033333333,0,0,0,0,0,0,0,0,0,0,5,14,0
117744,30,346877,2,16,2,5,0,4,0,7,2,9,0.033333333,0,0,0,0,0,0,0,0,0,0,9,16,0
117747,201,250865,3,94,5,27,0,2,43,33,2,34,0.133333333,0,0,0,0,0,0,0,0,0,0,10,16,15
117749,553,85168,4,57,6,21,3,15,0,17,2,139,0.133333333,0,0,0,0,0,0,0,0,0,0,11,4,41
117753,4,334927,1,4,2,2,0,0,0,1,0,7,0.033333333,0,0,0,0,0,0,0,0,0,0,4,4,0
117757,43,140022,3,11,3,2,0,1,4,1,1,232,0.033333333,0,0,0,0,0,0,0,0,0,0,5,11,0
117765,848,334927,7,2,2,0,0,0,0,0,0,7,0.033333333,0,0,0,0,0,0,0,0,0,0,1,2,0
117766,6,334927,1,6,2,2,0,1,0,1,1,7,0.033333333,0,0,0,0,0,0,0,0,0,0,5,6,0
117770,248,250865,2,100,5,26,31,11,0,33,5,34,0.033333333,0,0,0,0,0,0,0,0,0,0,14,100,0
117773,147,399092,3,2,2,0,0,0,0,0,0,101,0.033333333,0,0,0,0,0,0,0,0,0,0,2,2,0
117777,49,457932,1,49,8,18,5,9,0,13,8,21,0.066666667,0,0,0,0,0,0,0,0,0,0,18,24,0
117783,5,502584,2,4,4,0,0,0,0,0,0,143,0.033333333,0,0,0,0,0,0,0,0,0,0,2,4,0
117794,43,85576,3,39,13,10,0,7,2,5,5,54,0.033333333,0,0,0,0,0,0,0,0,0,0,10,39,0
117797,450,42723,2,230,11,73,12,55,14,111,4,6,0.4,36,60,0,1,0,0,0,55,0,0,32,10,29
117810,81,334927,1,81,13,23,3,1,36,14,1,7,0.066666667,0,0,0,0,0,0,0,0,0,0,18,76,0
117829,13,502584,1,13,2,5,0,3,0,4,3,143,0.033333333,0,0,0,0,0,0,0,0,0,0,7,13,0
117830,24,346877,3,17,6,5,0,3,0,4,1,9,0.033333333,0,0,0,0,0,0,0,0,0,0,8,17,0
117837,84,260769,4,9,2,3,0,2,0,2,2,0,0.033333333,0,0,0,0,0,0,0,0,0,0,6,9,0
117838,140,346877,2,29,7,14,0,6,0,7,2,9,0.166666667,5,0,0,0,0,8,0,0,0,0,8,1,5
117857,24,334927,3,6,3,1,0,1,0,1,1,7,0.033333333,0,0,0,0,0,0,0,0,0,0,6,6,0
117870,314,261579,5,7,3,4,0,0,0,1,0,5,0.066666667,0,0,0,0,0,0,6,1,0,0,4,6,1
117872,22,247683,1,22,3,9,0,6,0,6,2,23,0.033333333,0,0,0,0,0,0,0,0,0,0,10,22,0
117878,1685,188602,4,262,13,73,80,36,4,84,12,96,0.133333333,0,0,0,0,0,0,0,0,0,0,56,155,0
117895,75,46603,1,75,18,38,8,3,3,39,1,5,0.133333333,24,0,0,0,0,0,0,0,0,0,20,1,0
117898,453,260769,7,116,16,44,50,2,0,23,0,0,0.4,0,0,0,0,0,4,4,0,0,5,39,79,5
117903,90,334927,3,67,2,24,0,19,9,17,13,7,0.033333333,0,0,0,0,0,0,0,0,0,0,18,67,0
117908,135,34988,2,38,2,12,9,4,0,18,1,108,0.033333333,0,0,0,0,0,0,0,0,0,0,9,38,0
117923,191,110497,5,33,3,25,0,4,0,20,1,24,0.2,0,0,0,0,0,0,0,0,0,0,7,13,0
117946,492,86829,3,159,15,52,68,7,0,50,6,63,0.2,50,2,0,0,0,0,0,0,0,0,35,3,0
117952,105,346877,2,1,1,0,0,0,0,0,0,9,0.033333333,0,0,0,0,0,0,0,0,0,0,1,1,0
117964,1687,250865,6,438,34,190,27,87,25,211,1,34,0.3,0,48,147,0,34,11,0,0,0,0,28,213,47
117970,33,457932,3,31,5,21,0,1,4,14,0,21,0.033333333,0,0,0,0,0,0,0,0,0,0,11,31,0
117974,151,250865,1,151,8,31,32,28,13,54,4,34,0.066666667,0,0,0,0,0,0,0,0,0,0,25,10,0
117976,33,260769,3,1,1,0,0,0,0,0,0,0,0.033333333,0,0,0,0,0,0,0,0,0,0,1,1,0
117977,68,250865,2,42,2,10,9,8,5,15,2,34,0.033333333,0,0,0,0,0,0,0,0,0,0,11,42,0
117988,26,457932,2,17,3,6,3,4,0,3,1,21,0.033333333,0,0,0,0,0,0,0,0,0,0,9,17,0
118005,64,110497,6,36,6,13,0,9,0,12,2,24,0.1,0,0,0,0,0,0,0,0,0,0,10,31,0
118008,708,46603,3,104,13,42,7,30,1,25,11,5,0.233333333,0,0,0,6,0,0,0,0,0,0,20,19,31
118010,708,24979,3,199,16,122,0,58,1,103,1,25,0.166666667,0,0,0,37,78,0,63,0,0,0,30,16,5
118016,901,250865,6,228,10,39,65,29,3,79,9,34,0.166666667,0,0,0,0,58,52,0,0,0,0,52,4,0
118028,27,334927,1,27,4,8,0,7,0,8,6,7,0.033333333,0,0,0,0,0,0,0,0,0,0,16,27,0
118031,443,188602,5,289,29,66,70,54,7,58,36,96,0.2,0,0,0,0,0,0,0,0,0,0,61,14,0
118036,1,502584,1,1,1,0,0,0,0,0,0,143,0.033333333,0,0,0,0,0,0,0,0,0,0,1,1,0
118064,740,502584,1,740,42,113,257,39,68,231,30,143,0.233333333,0,0,0,0,0,0,0,0,74,0,128,1,1
118068,9,34988,2,2,2,0,0,0,0,0,0,108,0.033333333,0,0,0,0,0,0,0,0,0,0,2,2,0
118076,34,260769,3,1,1,0,0,0,0,0,0,0,0.033333333,0,0,0,0,0,0,0,0,0,0,1,1,0
118078,41,334927,1,41,3,23,0,8,0,22,7,7,0.033333333,0,0,0,0,0,0,0,0,0,0,17,41,0
118082,20,399092,1,20,5,7,0,5,0,4,3,101,0.033333333,0,0,0,0,0,0,0,0,0,0,10,20,0
118090,361,140022,7,237,66,19,65,9,4,54,7,232,0.4,0,0,0,0,0,0,0,0,0,0,36,19,2
118094,105,46603,5,93,10,58,11,1,1,49,1,5,0.166666667,0,0,16,0,0,0,0,0,0,0,31,53,0
118099,72,457932,5,2,2,0,0,0,0,0,0,21,0.033333333,0,0,0,0,0,0,0,0,0,0,2,2,0
118101,72,346877,5,67,10,21,26,0,0,26,0,9,0.1,0,0,0,0,0,0,0,0,13,0,30,66,1
118112,20,110497,2,13,3,4,0,3,0,4,2,24,0.066666667,0,0,0,0,0,0,0,0,0,0,8,1,12
118124,391,346877,3,94,8,22,27,19,0,23,12,9,0.166666667,1,0,0,0,0,32,0,0,0,0,43,32,0
118135,25,85576,2,16,6,4,0,3,0,3,3,54,0.033333333,0,0,0,0,0,0,0,0,0,0,8,16,0
118142,199,457932,3,37,4,16,3,10,0,9,3,21,0.1,0,0,9,0,0,0,0,9,0,0,13,19,9
118146,14,261579,2,13,4,6,0,2,0,3,1,5,0.133333333,0,0,0,0,0,0,1,1,9,2,6,1,1
118147,50,457932,1,50,1,16,10,10,0,15,8,21,0.033333333,0,0,0,0,0,0,0,0,0,0,22,50,0
118163,25,110497,2,9,2,3,0,2,0,2,2,24,0.033333333,0,0,0,0,0,0,0,0,0,0,7,9,0
118165,1417,86829,8,60,3,17,15,15,0,18,7,63,0.166666667,2,0,0,0,0,0,0,0,2,0,19,11,40
118166,970,188602,10,39,6,15,0,12,0,13,3,96,0.1,0,0,0,0,0,0,0,0,0,0,14,19,0
118175,24,140022,1,24,5,7,0,6,1,6,5,232,0.033333333,0,0,0,0,0,0,0,0,0,0,16,24,0
118176,357,110497,10,26,7,12,0,6,0,1,1,24,0.2,4,0,0,0,0,0,0,0,0,0,6,10,4
118181,187,502584,7,141,17,40,3,31,7,43,24,143,0.133333333,0,0,81,0,19,0,0,27,0,0,52,14,81
118185,1091,42723,2,456,48,130,18,40,86,134,22,6,0.666666667,0,114,3,54,3,3,5,4,4,0,44,78,11
118186,106,334927,1,106,9,35,5,30,0,33,21,7,0.066666667,0,0,0,0,0,0,0,0,0,0,21,87,0
118191,18,334927,1,18,4,12,0,2,0,5,0,7,0.033333333,0,0,0,0,0,0,0,0,0,0,6,18,0
118193,116,260769,5,20,8,6,0,3,2,1,0,0,0.1,0,0,0,0,0,11,1,0,0,0,8,19,1
118205,27,399092,1,27,3,12,0,11,0,11,1,101,0.033333333,0,0,0,0,0,0,0,0,0,0,12,27,0
118219,1177,250865,6,478,47,120,81,90,6,124,43,34,0.633333333,5,5,24,0,0,5,0,0,6,0,68,152,229
118227,371,260769,6,5,5,0,0,0,0,0,0,0,0.166666667,0,0,0,0,0,0,0,0,0,0,1,1,2
118229,371,250865,6,348,32,103,81,28,7,117,12,34,0.3,0,0,0,0,0,0,0,0,0,0,35,157,92
118233,2,399092,1,2,2,0,0,0,0,0,0,101,0.033333333,0,0,0,0,0,0,0,0,0,0,1,2,0
118240,13,24979,1,13,5,7,0,0,1,6,0,25,0.033333333,0,0,0,0,0,0,0,0,0,0,9,13,0
118259,60,502584,3,1,1,0,0,0,0,0,0,143,0.033333333,0,0,0,0,0,0,0,0,0,0,1,1,0
118268,299,110497,4,84,30,20,4,12,3,27,3,24,0.233333333,0,0,0,1,15,0,0,10,6,0,13,17,29
118270,54,457932,1,54,6,17,9,8,3,19,2,21,0.1,0,0,0,0,0,0,0,0,0,0,16,38,11
118280,1,457932,1,1,1,0,0,0,0,0,0,21,0.033333333,0,0,0,0,0,0,0,0,0,0,1,1,0
118311,365,250865,2,12,7,3,0,1,0,2,1,34,0.1,0,0,0,0,6,0,0,0,0,0,5,9,3
118316,16,46603,1,16,3,6,0,4,0,3,3,5,0.033333333,0,0,0,0,0,0,0,0,0,0,8,16,0
118323,12,334927,1,12,7,1,0,1,1,1,1,7,0.033333333,0,0,0,0,0,0,0,0,0,0,8,12,0
118324,95,346877,4,17,4,12,0,1,0,1,0,9,0.133333333,0,1,0,0,0,0,0,0,0,0,4,11,0
118340,138,457932,3,48,5,16,5,13,1,10,7,21,0.066666667,0,0,0,0,0,0,0,0,0,0,15,2,0
118345,509,261579,3,7,1,4,0,0,0,4,0,5,0.033333333,0,0,0,0,0,0,0,7,0,0,4,7,0
118349,151,247683,4,69,6,51,10,1,0,44,1,23,0.133333333,0,0,0,0,0,0,14,0,0,0,38,2,14
118366,7,399092,1,7,7,0,0,0,0,0,0,101,0.033333333,0,0,0,0,0,0,0,0,0,0,2,7,0
118396,52,250865,2,1,1,0,0,0,0,0,0,34,0.033333333,0,0,0,0,0,0,0,0,0,0,1,1,0
118423,952,85576,9,18,4,8,0,4,0,2,2,54,0.1,0,0,0,0,0,0,0,0,0,0,6,9,5
118427,74,85168,1,74,18,14,14,9,0,25,5,139,0.1,0,0,0,0,0,0,0,0,0,0,22,70,0
118440,9,110497,2,8,4,2,0,1,0,1,1,24,0.033333333,0,0,0,0,0,0,0,0,0,0,5,8,0
118442,136,334927,3,67,14,26,0,18,0,14,9,7,0.066666667,0,0,0,0,0,0,0,0,0,0,19,19,48
118449,130,260769,2,92,14,50,17,3,2,39,2,0,0.2,0,0,0,0,0,0,0,0,3,0,26,15,71
118450,130,334927,2,38,7,24,4,1,1,15,0,7,0.133333333,0,0,9,0,0,0,5,0,0,0,13,6,0
118451,60,334927,1,60,4,19,3,16,1,22,12,7,0.066666667,0,0,0,0,0,0,0,0,0,0,20,58,2
118461,59,334927,2,9,2,3,0,2,0,2,2,7,0.033333333,0,0,0,0,0,0,0,0,0,0,7,9,0
118469,17,85168,3,15,6,4,0,3,1,4,0,139,0.066666667,0,0,0,0,0,0,0,0,0,0,7,3,0
118483,13,457932,1,13,3,6,0,2,0,3,2,21,0.066666667,0,0,0,0,0,0,0,0,0,0,7,7,6
118488,87,457932,6,42,4,13,4,12,0,13,8,21,0.066666667,0,0,0,0,0,0,0,0,0,0,15,22,20
118489,30,250865,1,30,4,11,2,7,0,13,1,34,0.066666667,0,0,0,0,0,0,0,0,0,0,9,9,21
118494,577,260769,3,567,22,245,93,131,1,223,55,0,0.233333333,16,0,29,0,149,0,0,0,0,0,81,13,364
118503,19,85576,2,3,3,0,0,0,0,0,0,54,0.033333333,0,0,0,0,0,0,0,0,0,0,2,3,0
118525,21,346877,1,21,10,3,0,2,3,1,1,9,0.033333333,0,0,0,0,0,0,0,0,0,0,9,21,0
118552,46,127749,2,2,2,0,0,0,0,0,0,102,0.033333333,0,0,0,0,0,0,0,0,0,0,2,2,0
118560,38,334927,1,38,6,17,0,8,0,14,4,7,0.033333333,0,0,0,0,0,0,0,0,0,0,14,38,0
118561,6,127749,1,6,1,3,0,2,0,2,0,102,0.033333333,0,0,0,0,0,0,0,0,0,0,4,6,0
118568,3,334927,1,3,3,0,0,0,0,0,0,7,0.033333333,0,0,0,0,0,0,0,0,0,0,1,3,0
118586,1058,502584,1,1058,38,159,248,128,229,222,56,143,0.466666667,2,0,0,2,0,0,66,101,30,80,161,32,213
118587,38,457932,3,15,3,6,0,4,0,3,2,21,0.033333333,0,0,0,0,0,0,0,0,0,0,9,15,0
118592,512,346877,6,262,42,79,43,5,40,81,3,9,0.4,0,0,4,4,0,0,0,3,0,0,37,127,9
118596,14,110497,2,12,7,1,0,1,2,1,1,24,0.066666667,10,0,0,0,0,0,0,0,0,0,6,2,0
118608,7,250865,1,7,3,2,0,1,0,1,1,34,0.033333333,0,0,0,0,0,0,0,0,0,0,6,7,0
118627,26,85576,3,6,4,0,0,0,1,0,0,54,0.033333333,0,0,0,0,0,0,0,0,0,0,5,6,0
118629,100,346877,2,58,7,10,17,9,3,14,4,9,0.066666667,0,0,0,0,0,0,0,0,0,0,17,54,4
118647,279,457932,1,279,42,61,36,53,42,47,36,21,0.133333333,4,0,81,0,0,0,85,0,0,0,77,194,0
118660,1027,457932,6,9,3,4,0,2,0,1,0,21,0.1,0,0,0,0,4,0,0,0,0,0,4,1,4
118669,271,457932,4,22,4,11,5,1,0,7,1,21,0.066666667,0,0,0,0,0,0,0,0,0,0,12,9,0
118682,19,140022,1,19,8,5,0,2,0,4,1,232,0.066666667,0,0,0,0,0,0,0,0,0,0,8,10,0
118690,1085,110497,14,25,7,10,0,5,2,1,1,24,0.2,0,0,0,0,0,3,0,0,0,0,6,10,0
118691,419,127749,3,7,1,3,0,2,0,2,1,102,0.033333333,0,0,0,0,0,0,0,0,0,0,5,7,0
118693,16,334927,1,16,7,3,0,2,2,2,1,7,0.033333333,0,0,0,0,0,0,0,0,0,0,9,16,0
118694,400,250865,1,400,6,83,53,76,13,172,37,34,0.233333333,0,0,0,0,0,0,0,0,0,0,35,9,97
118703,156,502584,2,155,4,32,40,24,0,49,16,143,0.1,0,0,0,0,0,0,0,0,0,0,46,5,0
118722,5,127749,3,1,1,0,0,0,0,0,0,102,0.033333333,0,0,0,0,0,0,0,0,0,0,1,1,0
118736,123,399092,2,53,6,22,4,2,0,29,1,101,0.1,0,0,0,0,0,0,0,0,0,0,17,2,0
118741,550,334927,6,30,6,9,2,7,1,6,4,7,0.066666667,0,0,0,0,0,0,0,0,0,0,14,30,0
118743,248,188602,3,30,5,13,5,2,1,12,1,96,0.066666667,0,0,0,0,0,0,0,0,0,0,14,21,0
118750,16,247683,1,16,4,7,0,2,0,5,2,23,0.066666667,0,0,0,0,0,0,0,0,0,0,10,6,10
118755,127,247683,3,16,4,6,0,4,0,2,2,23,0.066666667,0,0,0,0,0,0,0,0,0,0,7,16,0
118758,237,247683,5,1,1,0,0,0,0,0,0,23,0.033333333,0,0,0,0,0,0,0,0,0,0,1,1,0
118765,23,346877,2,1,1,0,0,0,0,0,0,9,0.033333333,0,0,0,0,0,0,0,0,0,0,1,1,0
118766,316,247683,2,128,12,96,15,2,2,76,1,23,0.133333333,0,0,0,0,0,0,0,0,0,0,29,67,6
118777,228,250865,4,5,2,3,0,0,0,2,0,34,0.066666667,0,0,0,0,0,0,0,0,0,0,4,4,0
118802,25,260769,1,25,5,8,0,7,0,5,5,0,0.066666667,0,0,0,0,0,0,0,0,0,0,11,21,4
118816,124,85576,1,124,11,4,97,2,0,10,2,54,0.033333333,0,0,0,0,0,0,0,0,0,0,8,124,0
118825,107,85576,3,11,1,4,0,3,0,3,3,54,0.033333333,0,0,0,0,0,0,0,0,0,0,6,11,0
118828,9,346877,1,9,2,5,0,1,0,4,0,9,0.033333333,0,0,0,0,0,0,0,0,0,0,6,9,0
118829,26,127749,1,26,6,18,0,2,0,13,0,102,0.066666667,0,0,0,0,8,0,0,0,0,0,10,18,0
118830,33,399092,4,5,2,2,0,1,0,1,0,101,0.033333333,0,0,0,0,0,0,0,0,0,0,4,5,0
118837,578,46603,7,32,9,7,2,1,13,4,0,5,0.1,0,0,0,0,0,0,3,0,0,0,8,27,3
118838,809,502584,5,577,30,38,109,31,133,216,12,143,0.1,0,0,0,0,0,0,0,0,0,0,67,18,557
118845,44,502584,2,29,7,11,1,7,0,4,2,143,0.066666667,0,0,0,0,0,0,0,0,0,0,12,10,19
118848,28,399092,1,28,2,10,0,8,0,9,4,101,0.066666667,0,0,0,0,0,0,0,0,0,0,10,14,0
118859,18,247683,8,1,1,0,0,0,0,0,0,23,0.033333333,0,0,0,0,0,0,0,0,0,0,1,1,0
118867,3018,188602,5,759,41,200,163,162,74,169,77,96,0.6,0,14,119,0,35,1,0,6,0,0,144,179,4
118881,3018,399092,5,1127,43,209,264,157,119,302,61,101,0.533333333,0,75,67,0,0,63,53,0,0,0,159,270,290
118889,18,85576,2,5,3,2,0,0,0,1,0,54,0.033333333,0,0,0,0,0,0,0,0,0,0,5,5,0
118890,43,250865,1,43,13,11,0,1,6,8,1,34,0.1,0,0,0,0,9,0,0,0,0,0,9,10,0
118923,861,127749,9,36,2,14,0,12,0,11,8,102,0.066666667,0,0,0,0,0,0,0,0,0,0,15,25,0
118925,64,261579,2,46,3,15,0,15,0,15,13,5,0.1,0,0,0,0,0,0,0,23,22,0,24,24,22
118940,6,260769,3,1,1,0,0,0,0,0,0,0,0.033333333,0,0,0,0,0,0,0,0,0,0,1,1,0
118957,565,86829,5,3,3,0,0,0,0,0,0,63,0.033333333,0,0,0,0,0,0,0,0,0,0,1,3,0
118959,12,250865,1,12,1,6,0,1,0,8,0,34,0.033333333,0,0,0,0,0,0,0,0,0,0,3,12,0
118962,12,85168,1,12,2,5,0,4,0,4,1,139,0.033333333,0,0,0,0,0,0,0,0,0,0,8,12,0
118966,185,85576,3,41,7,14,7,7,1,6,3,54,0.133333333,0,0,0,0,0,0,0,0,0,0,9,16,18
118987,184,346877,2,84,8,9,0,7,32,29,3,9,0.1,0,0,0,0,0,0,0,0,0,0,13,44,0
118988,15,457932,1,15,2,3,4,2,0,4,1,21,0.033333333,0,0,0,0,0,0,0,0,0,0,7,15,0
118990,1,261579,1,1,1,0,0,0,0,0,0,5,0.033333333,0,0,0,0,0,0,0,0,0,0,1,1,0
119001,339,346877,4,194,12,83,37,8,18,97,5,9,0.333333333,1,0,0,0,0,33,0,0,34,1,48,51,69
119003,173,27035,6,8,1,7,0,0,0,4,0,60,0.033333333,0,0,0,0,0,0,0,0,0,0,5,8,0
119012,12,346877,1,12,9,2,0,0,0,1,0,9,0.033333333,0,0,0,0,0,0,0,0,0,0,7,12,0
119017,7,260769,2,1,1,0,0,0,0,0,0,0,0.033333333,0,0,0,0,0,0,0,0,0,0,1,1,0
119033,1,457932,1,1,1,0,0,0,0,0,0,21,0.033333333,0,0,0,0,0,0,0,0,0,0,1,1,0
119037,2,261579,1,2,2,0,0,0,0,0,0,5,0.033333333,0,0,0,0,0,0,0,0,0,0,2,2,0
119038,108,261579,4,44,2,37,0,2,0,37,1,5,0.033333333,0,0,0,0,0,0,0,0,0,0,13,44,0
119043,994,127749,4,31,29,2,0,0,0,1,0,102,0.333333333,6,1,0,0,0,0,0,0,0,0,4,3,8
119049,173,247683,6,11,2,9,0,0,0,6,0,23,0.033333333,0,0,0,0,0,0,0,0,0,0,7,11,0
119065,173,42723,6,1,1,0,0,0,0,0,0,6,0.033333333,0,0,0,0,0,0,0,0,0,0,1,1,0
119074,301,457932,3,82,11,26,1,19,4,19,14,21,0.066666667,0,0,0,0,0,0,0,0,0,0,27,32,0
119080,1,85168,1,1,1,0,0,0,0,0,0,139,0.033333333,0,0,0,0,0,0,0,0,0,0,1,1,0
119101,524,457932,6,26,6,6,4,5,0,5,4,21,0.066666667,0,0,0,0,0,0,0,0,0,0,17,25,0
119115,108,46603,4,1,1,0,0,0,0,0,0,5,0.033333333,0,0,0,0,0,0,0,0,0,0,1,1,0
119130,8,346877,1,8,4,2,0,1,0,1,1,9,0.033333333,0,0,0,0,0,0,0,0,0,0,5,8,0
119133,21,457932,2,20,4,9,1,5,0,4,1,21,0.066666667,0,0,0,0,0,0,0,0,0,0,10,5,15
119147,313,247683,1,313,38,69,9,56,110,53,17,23,0.133333333,0,0,0,0,0,0,0,0,0,0,32,48,0
119155,3,261579,1,3,3,0,0,0,0,0,0,5,0.033333333,0,0,0,0,0,0,0,0,0,0,2,3,0
119188,379,250865,2,23,6,8,0,6,0,5,3,34,0.1,0,0,0,0,0,0,0,0,0,0,8,13,0
119192,557,346877,7,155,14,48,35,28,0,44,13,9,0.233333333,1,0,4,0,0,0,0,0,0,0,41,29,0
119196,52,260769,1,52,5,17,0,11,0,19,9,0,0.066666667,0,0,0,0,0,0,0,0,0,0,13,19,0
119212,12,346877,1,12,1,4,0,3,0,5,2,9,0.033333333,0,0,0,0,0,0,0,0,0,0,5,12,0
119256,330,457932,3,82,10,29,2,21,9,14,11,21,0.2,0,0,0,0,0,0,0,0,0,0,20,11,0
119285,36,457932,2,7,7,0,0,0,0,0,0,21,0.033333333,0,0,0,0,0,0,0,0,0,0,5,7,0
119286,9,399092,1,9,5,4,0,0,0,3,0,101,0.033333333,0,0,0,0,0,0,0,0,0,0,5,9,0
119289,53,346877,1,53,10,9,11,7,1,16,3,9,0.033333333,0,0,0,0,0,0,0,0,0,0,18,53,0
119296,1,399092,1,1,1,0,0,0,0,0,0,101,0.033333333,0,0,0,0,0,0,0,0,0,0,1,1,0
119304,768,140022,1,768,45,196,130,18,15,337,51,232,0.366666667,0,169,0,0,0,151,128,4,0,0,131,88,32
119305,314,346877,4,201,28,52,28,5,38,66,1,9,0.266666667,20,0,0,0,4,0,13,13,0,0,33,88,0
119314,135,457932,2,2,2,0,0,0,0,0,0,21,0.066666667,0,0,0,0,0,0,0,0,0,0,1,1,0
119337,62,46603,2,61,7,36,9,0,7,25,0,5,0.133333333,0,0,0,0,9,14,0,0,0,0,20,4,43
119346,17,110497,2,6,2,2,0,1,0,1,1,24,0.033333333,0,0,0,0,0,0,0,0,0,0,5,6,0
119359,228,85168,1,228,11,31,75,28,17,52,15,139,0.033333333,0,0,0,0,0,0,0,0,0,0,33,228,0
119360,278,188602,1,278,19,71,105,36,0,75,21,96,0.233333333,0,18,0,0,0,0,0,0,5,0,77,191,0
119368,42,86829,2,24,11,9,0,0,2,6,0,63,0.066666667,0,0,0,0,0,0,0,0,0,0,13,17,0
119369,127,346877,4,1,1,0,0,0,0,0,0,9,0.033333333,0,0,0,0,0,0,0,0,0,0,1,1,0
119375,1767,457932,2,1070,103,304,152,107,99,228,63,21,0.5,34,0,0,113,20,57,195,13,20,105,99,344,159
119376,252,457932,2,43,5,14,7,9,0,9,6,21,0.066666667,0,0,0,0,0,0,0,0,0,0,17,38,0
119382,92,346877,1,92,4,18,28,15,0,30,8,9,0.066666667,0,0,0,0,0,0,0,0,0,0,28,57,35
119384,15,260769,2,11,4,4,0,2,0,1,1,0,0.066666667,0,0,0,0,0,0,0,0,0,0,6,5,0
119408,28,346877,2,11,1,5,0,2,0,6,1,9,0.033333333,0,0,0,0,0,0,0,0,0,0,5,11,0
119410,702,260769,6,335,29,81,60,60,15,80,44,0,0.266666667,0,0,0,11,0,0,0,12,99,0,81,120,11
119415,92,250865,1,92,4,21,14,1,16,41,0,34,0.066666667,0,0,0,0,0,0,0,0,0,0,13,21,0
119434,702,250865,6,21,9,8,0,4,0,1,0,34,0.166666667,0,0,0,4,0,0,0,6,0,0,6,2,5
119450,503,110497,3,17,8,4,0,3,0,2,2,24,0.1,0,0,0,0,0,0,0,0,0,0,8,13,0
119455,148,247683,4,59,14,37,6,0,1,37,0,23,0.133333333,0,0,0,0,0,0,0,0,0,0,32,11,40
119461,175,346877,2,102,13,35,4,24,0,28,17,9,0.266666667,0,3,0,0,0,0,5,0,0,0,31,10,9
119479,53,261579,2,26,3,15,0,4,0,16,3,5,0.066666667,0,0,0,0,0,0,0,0,0,0,10,20,6
119482,397,127749,4,283,14,68,80,53,8,61,30,102,0.233333333,0,0,0,0,0,0,0,0,0,0,51,34,108
119493,26,85168,4,4,2,2,0,0,0,1,0,139,0.033333333,0,0,0,0,0,0,0,0,0,0,4,4,0
119497,211,457932,4,11,2,3,3,2,0,2,1,21,0.033333333,0,0,0,0,0,0,0,0,0,0,7,11,0
119502,586,502584,10,1,1,0,0,0,0,0,0,143,0.033333333,0,0,0,0,0,0,0,0,0,0,1,1,0
119508,14,42723,2,13,3,6,0,2,0,3,2,6,0.1,0,0,0,0,0,0,0,0,0,0,8,8,5
119515,162,346877,1,162,21,70,28,12,1,52,8,9,0.333333333,0,0,0,0,0,0,0,0,8,0,29,76,4
119517,9,502584,1,9,5,2,0,1,0,1,1,143,0.066666667,0,0,0,0,0,0,0,0,0,0,5,8,0
119534,229,247683,1,229,30,62,20,57,33,54,26,23,0.2,0,0,0,0,0,0,0,35,0,0,71,110,15
119536,12,261579,1,12,3,3,0,3,0,3,3,5,0.033333333,0,0,0,0,0,0,0,0,0,0,10,12,0
119547,44,86829,6,34,9,23,0,1,0,18,0,63,0.1,0,0,0,0,0,0,0,0,2,0,16,34,0
119554,19,140022,2,14,1,3,0,1,0,7,1,232,0.033333333,0,0,0,0,0,0,0,0,0,0,5,14,0
119555,553,127749,12,11,1,8,0,1,0,7,1,102,0.033333333,0,0,0,0,0,0,0,0,0,0,7,11,0
119575,329,247683,3,131,40,35,8,1,43,33,1,23,0.2,0,0,0,0,0,0,0,0,0,0,31,95,21
119584,2,140022,1,2,2,0,0,0,0,0,0,232,0.033333333,0,0,0,0,0,0,0,0,0,0,1,2,0
119592,475,24979,7,1,1,0,0,0,0,0,0,25,0.033333333,0,0,0,0,0,0,0,0,0,0,1,1,0
119593,30,457932,1,30,10,13,0,3,2,8,1,21,0.033333333,0,0,0,0,0,0,0,0,0,0,15,30,0
119601,96,346877,2,36,3,15,0,10,0,11,7,9,0.1,0,0,0,20,8,0,0,0,0,0,12,8,0
119610,936,260769,5,529,38,158,54,136,12,189,47,0,0.366666667,0,0,83,32,0,0,0,0,0,0,107,253,200
119627,412,399092,13,6,3,2,0,1,0,1,0,101,0.1,0,0,0,0,0,0,0,0,0,0,4,4,0
119633,348,346877,2,245,23,67,27,53,16,62,37,9,0.5,3,0,5,14,4,34,0,0,0,12,49,128,25
119641,24,399092,1,24,21,2,0,1,0,1,0,101,0.2,0,0,0,0,0,0,0,1,0,0,4,12,9
119668,7,85168,1,7,1,2,0,1,2,1,1,139,0.033333333,0,0,0,0,0,0,0,0,0,0,4,7,0
119681,15,346877,1,15,2,6,0,4,0,3,3,9,0.033333333,0,0,0,0,0,0,0,0,0,0,7,15,0
119686,348,457932,3,346,33,98,48,82,21,71,55,21,0.3,12,0,0,0,0,23,15,0,89,92,83,171,0
119687,293,502584,3,165,17,45,49,6,0,59,2,143,0.166666667,0,0,0,0,0,0,0,0,0,0,30,36,44
119688,2450,457932,6,248,23,72,35,61,9,51,43,21,0.366666667,0,0,27,0,0,0,0,0,16,0,89,56,129
119690,140,140022,2,39,2,8,14,6,0,10,6,232,0.033333333,0,0,0,0,0,0,0,0,0,0,19,39,0
119697,217,260769,3,140,13,45,68,3,3,35,0,0,0.2,0,0,0,0,0,0,0,0,0,0,41,60,0
119705,15,86829,2,3,3,0,0,0,0,0,0,63,0.033333333,0,0,0,0,0,0,0,0,0,0,3,3,0
119734,437,250865,3,400,19,95,109,37,18,148,20,34,0.366666667,2,27,0,0,2,97,0,20,0,0,40,69,8
119738,2,346877,1,2,2,0,0,0,0,0,0,9,0.033333333,0,0,0,0,0,0,0,0,0,0,2,2,0
119739,3,502584,1,3,3,0,0,0,0,0,0,143,0.033333333,0,0,0,0,0,0,0,0,0,0,2,3,0
119740,146,457932,4,8,2,3,0,2,0,2,1,21,0.033333333,0,0,0,0,0,0,0,0,0,0,6,8,0
119754,73,27035,2,70,14,31,2,1,13,34,1,60,0.066666667,0,0,0,0,0,0,0,0,0,35,25,35,0
119757,6,399092,3,3,3,0,0,0,0,0,0,101,0.033333333,0,0,0,0,0,0,0,0,0,0,2,3,0
119773,76,457932,4,57,4,23,4,16,0,14,9,21,0.066666667,0,0,0,0,0,0,0,0,0,12,19,45,0
119789,13,85576,1,13,1,9,0,2,0,4,1,54,0.033333333,0,0,0,0,0,0,0,0,0,0,7,13,0
119793,42,42723,2,34,7,12,0,9,0,7,6,6,0.133333333,1,0,0,0,0,0,0,0,0,0,16,6,22
119798,58,457932,4,5,2,2,0,1,0,1,0,21,0.033333333,0,0,0,0,0,0,0,0,0,0,4,5,0
119805,660,457932,3,22,6,8,0,6,1,5,1,21,0.1,0,0,0,0,0,0,0,0,0,0,9,20,2
119815,12,110497,2,6,2,2,0,1,0,1,1,24,0.033333333,0,0,0,0,0,0,0,0,0,0,5,6,0
119832,13,399092,3,5,5,0,0,0,0,0,0,101,0.066666667,0,0,0,0,0,0,0,0,0,0,2,4,0
119836,687,127749,14,18,3,7,0,5,0,4,3,102,0.033333333,0,0,0,0,0,0,0,0,0,0,8,18,0
119848,372,261579,4,236,21,128,6,67,10,83,0,5,0.266666667,0,6,0,0,0,0,0,0,0,0,36,124,25
119851,13,399092,1,13,4,2,0,2,1,3,2,101,0.066666667,0,0,0,0,0,0,0,0,0,0,6,10,0
119877,460,27035,4,1,1,0,0,0,0,0,0,60,0.033333333,0,0,0,0,0,0,0,0,0,0,1,1,0
119879,460,86829,4,1,1,0,0,0,0,0,0,63,0.033333333,0,0,0,0,0,0,0,0,0,0,1,1,0
119884,11,110497,2,6,4,0,0,0,1,0,0,24,0.033333333,0,0,0,0,0,0,0,0,0,0,5,6,0
119889,45,261579,2,15,9,4,0,1,1,1,0,5,0.066666667,0,0,0,0,0,0,0,0,0,0,8,8,0
119902,5,110497,1,5,3,2,0,0,0,1,0,24,0.033333333,0,0,0,0,0,0,0,0,0,0,5,5,0
119905,49,346877,2,32,13,13,0,2,1,9,2,9,0.066666667,0,0,0,0,0,0,0,0,0,12,14,20,12
119906,24,250865,1,24,5,6,0,4,0,6,3,34,0.033333333,0,0,0,0,0,0,0,0,0,0,9,24,0
119911,1,188602,1,1,1,0,0,0,0,0,0,96,0.033333333,0,0,0,0,0,0,0,0,0,0,1,1,0
119922,28,188602,2,27,5,11,0,7,0,4,4,96,0.1,0,0,0,0,0,0,0,0,0,0,6,26,0
119923,541,346877,4,219,31,86,57,4,0,66,2,9,0.466666667,0,0,0,7,0,3,0,4,0,31,32,126,46
119928,50,250865,2,6,2,2,0,1,0,1,1,34,0.033333333,0,0,0,0,0,0,0,0,0,0,5,6,0
119934,46,260769,3,28,7,17,0,2,0,16,2,0,0.066666667,0,0,0,0,0,0,0,0,0,0,15,23,5
119945,369,247683,3,362,37,133,33,102,15,95,40,23,0.433333333,0,0,0,0,0,3,0,68,0,0,70,74,62
119949,42,346877,1,42,2,6,14,4,0,15,3,9,0.033333333,0,0,0,0,0,0,0,0,0,0,14,42,0
119966,36,457932,1,36,7,13,1,1,0,15,0,21,0.033333333,0,0,0,0,0,0,0,0,0,0,7,36,0
119970,31,346877,2,25,8,8,0,5,0,3,3,9,0.033333333,0,0,0,0,0,0,0,0,0,0,11,25,0
119971,191,250865,2,84,6,26,13,0,1,50,0,34,0.133333333,0,0,0,0,0,0,0,0,0,0,11,9,0
119973,630,86829,3,26,4,9,0,6,3,4,4,63,0.033333333,0,0,0,0,0,0,0,0,0,0,13,26,0
119981,492,127749,8,111,8,18,48,15,1,15,9,102,0.066666667,0,0,0,0,0,0,0,0,0,0,39,102,0
119993,1455,127749,19,7,1,3,0,2,0,2,1,102,0.033333333,0,0,0,0,0,0,0,0,0,0,5,7,0
119997,5,457932,4,1,1,0,0,0,0,0,0,21,0.033333333,0,0,0,0,0,0,0,0,0,0,1,1,0
120005,7,188602,2,5,5,0,0,0,0,0,0,96,0.033333333,0,0,0,0,0,0,0,0,0,0,3,5,0
120022,72,85576,1,72,15,15,14,6,6,16,6,54,0.166666667,0,13,0,0,0,0,0,0,0,0,13,14,3
120062,431,261579,3,98,13,29,0,24,11,20,17,5,0.1,0,0,0,0,0,0,0,0,0,0,30,85,0
120091,22,457932,1,22,5,3,5,2,6,2,0,21,0.033333333,0,0,0,0,0,0,0,0,0,0,8,22,0
120097,138,85576,6,24,5,9,0,1,8,2,1,54,0.1,0,0,0,0,0,0,0,0,13,0,7,7,0
120130,21,46603,1,21,3,5,6,4,0,4,2,5,0.066666667,0,0,0,0,0,0,0,0,19,0,11,2,0
120135,10,110497,1,10,3,7,0,0,0,6,0,24,0.033333333,0,0,0,0,0,0,0,0,0,0,10,10,0
120141,6,457932,1,6,2,2,1,1,0,1,0,21,0.033333333,0,0,0,0,0,0,0,0,0,0,4,6,0
120175,148,24979,4,111,14,43,0,27,3,36,18,25,0.1,0,0,0,0,47,21,0,0,0,0,24,43,0
120194,148,86829,4,1,1,0,0,0,0,0,0,63,0.033333333,0,0,0,0,0,0,0,0,0,0,1,1,0
120196,391,346877,5,62,7,26,16,1,0,26,1,9,0.066666667,0,0,0,0,0,0,0,0,0,0,17,43,19
120204,4,127749,2,1,1,0,0,0,0,0,0,102,0.033333333,0,0,0,0,0,0,0,0,0,0,1,1,0
120219,26,346877,3,1,1,0,0,0,0,0,0,9,0.033333333,0,0,0,0,0,0,0,0,0,0,1,1,0
120222,541,110497,4,212,23,67,93,1,0,64,1,24,0.3,61,0,0,58,0,0,0,4,0,34,53,51,58
120234,8,85576,1,8,6,0,0,0,1,0,0,54,0.033333333,0,0,0,0,0,0,0,0,0,0,6,8,0
120238,3,46603,1,3,3,0,0,0,0,0,0,5,0.033333333,0,0,0,0,0,0,0,0,0,0,1,3,0
120248,130,457932,2,23,2,4,9,3,0,3,2,21,0.033333333,0,0,0,0,0,0,0,0,0,0,9,23,0
120250,58,399092,2,24,11,9,0,0,0,10,0,101,0.1,0,0,7,0,0,0,0,0,0,1,7,16,0
120255,131,346877,4,47,6,13,15,2,1,14,1,9,0.1,0,0,0,0,0,0,0,0,0,0,15,1,0
120261,37,260769,1,37,6,7,18,0,0,10,0,0,0.033333333,0,0,0,0,0,0,0,0,0,0,14,37,0
120268,3,502584,2,2,2,0,0,0,0,0,0,143,0.066666667,0,0,0,0,0,0,0,0,0,0,1,1,0
120269,282,188602,6,6,1,3,0,1,0,2,1,96,0.033333333,0,0,0,0,0,0,0,0,0,0,4,6,0
120272,267,457932,4,22,6,9,1,3,1,6,2,21,0.133333333,0,0,0,0,1,0,0,0,0,0,10,5,3
120278,58,140022,2,34,7,7,0,0,2,16,0,232,0.066666667,0,0,0,0,0,0,0,0,0,0,8,28,0
120279,16,85576,2,1,1,0,0,0,0,0,0,54,0.033333333,0,0,0,0,0,0,0,0,0,0,1,1,0
120281,109,457932,1,109,5,38,42,7,0,33,4,21,0.1,0,0,0,0,0,0,44,0,0,0,33,109,0
120283,267,502584,2,217,7,22,63,13,32,50,9,143,0.166666667,0,0,0,7,0,0,0,91,27,33,34,86,33
120285,282,127749,6,93,3,21,46,10,0,22,9,102,0.066666667,0,0,0,0,0,0,0,0,0,0,40,92,1
120291,21,399092,1,21,9,6,0,4,0,3,2,101,0.066666667,0,0,0,0,0,0,0,0,0,0,11,13,0
120305,54,250865,1,54,9,23,1,11,0,13,4,34,0.1,0,0,0,0,0,0,0,0,0,0,13,20,0
120309,216,247683,1,216,30,125,31,9,11,95,4,23,0.333333333,12,0,0,15,25,1,0,0,0,0,55,78,20
120346,1,457932,1,1,1,0,0,0,0,0,0,21,0.033333333,0,0,0,0,0,0,0,0,0,0,1,1,0
120353,14,457932,1,14,5,3,4,1,0,2,0,21,0.033333333,0,0,0,0,0,0,0,0,0,0,8,14,0
120369,8,346877,1,8,1,3,0,2,0,2,2,9,0.033333333,0,0,0,0,0,0,0,0,0,0,6,8,0
120386,473,110497,5,10,2,8,0,0,0,1,0,24,0.033333333,0,0,0,0,0,0,0,0,0,0,5,10,0
120403,192,188602,4,79,7,21,21,15,0,16,8,96,0.133333333,8,0,0,0,0,0,0,0,0,0,22,48,8
120406,105,85168,1,105,19,19,11,3,25,31,3,139,0.1,0,0,0,0,0,0,0,0,0,0,22,43,0
120421,34,346877,1,34,9,14,3,1,2,11,1,9,0.066666667,0,0,0,0,0,0,0,0,0,0,17,34,0
120423,5,457932,1,5,5,0,0,0,0,0,0,21,0.033333333,0,0,0,0,0,0,0,0,0,0,3,5,0
120425,68,346877,3,1,1,0,0,0,0,0,0,9,0.033333333,0,0,0,0,0,0,0,0,0,0,1,1,0
120435,35,346877,3,29,0,28,0,1,0,17,0,9,0.2,0,0,0,0,0,0,0,0,0,0,11,8,6
120437,12,346877,2,6,2,2,0,1,0,1,1,9,0.033333333,0,0,0,0,0,0,0,0,0,0,5,6,0
120447,12,247683,2,1,1,0,0,0,0,0,0,23,0.033333333,0,0,0,0,0,0,0,0,0,0,1,1,0
120453,73,110497,3,10,3,4,0,2,0,1,1,24,0.066666667,0,0,0,0,0,0,0,0,0,0,6,6,0
120457,797,346877,7,87,11,15,35,11,0,18,4,9,0.166666667,0,0,0,25,0,0,0,0,0,0,23,58,3
120460,502,85576,3,21,6,9,0,5,0,2,1,54,0.133333333,0,0,0,0,0,0,0,0,0,0,6,10,0
120461,54,457932,4,29,4,9,0,8,0,9,8,21,0.033333333,0,0,0,0,0,0,0,0,0,0,17,29,0
120471,171,346877,3,169,16,61,30,20,2,64,8,9,0.233333333,5,0,4,0,0,15,0,6,0,0,33,11,134
120483,356,110497,2,2,2,0,0,0,0,0,0,24,0.066666667,0,0,0,0,0,0,0,0,0,0,1,2,0
120489,714,85576,7,79,10,20,22,15,2,20,5,54,0.1,0,0,0,0,0,0,0,0,0,0,19,36,0
120502,259,399092,1,259,46,38,16,34,35,72,17,101,0.166666667,0,0,0,0,0,0,0,0,0,0,36,50,0
120531,5,346877,1,5,1,2,0,1,0,1,1,9,0.033333333,0,0,0,0,0,0,0,0,0,0,4,5,0
120534,21,457932,2,20,1,6,3,5,0,5,4,21,0.033333333,0,0,0,0,0,0,0,0,0,0,10,20,0
120535,163,250865,4,1,1,0,0,0,0,0,0,34,0.033333333,0,0,0,0,0,0,0,0,0,0,1,1,0
120536,139,457932,4,17,2,6,0,5,0,5,4,21,0.033333333,0,0,0,0,0,0,0,0,0,0,12,17,0
120551,233,250865,1,233,69,42,39,4,44,58,0,34,0.2,0,0,0,0,0,0,0,0,0,65,30,63,8
120556,15,250865,2,6,2,2,0,1,0,1,1,34,0.033333333,0,0,0,0,0,0,0,0,0,0,5,6,0
120563,431,250865,4,58,5,23,2,17,0,18,11,34,0.066666667,0,0,0,0,0,0,0,0,0,0,11,50,8
120570,17,86829,1,17,4,7,0,2,2,5,2,63,0.066666667,0,0,0,0,0,0,0,0,0,0,11,17,0
120571,80,127749,1,80,18,23,0,18,1,20,13,102,0.166666667,0,0,0,0,0,0,26,10,0,0,20,8,0
120581,1,346877,1,1,1,0,0,0,0,0,0,9,0.033333333,0,0,0,0,0,0,0,0,0,0,1,1,0
120582,122,110497,9,1,1,0,0,0,0,0,0,24,0.033333333,0,0,0,0,0,0,0,0,0,0,1,1,0
120586,1,127749,1,1,1,0,0,0,0,0,0,102,0.033333333,0,0,0,0,0,0,0,0,0,0,1,1,0
120614,1,260769,1,1,1,0,0,0,0,0,0,0,0.033333333,0,0,0,0,0,0,0,0,0,0,1,1,0
120615,27,250865,2,3,3,0,0,0,0,0,0,34,0.066666667,0,0,0,0,0,0,0,0,0,0,2,2,1
120628,105,346877,3,65,11,15,0,9,14,15,5,9,0.166666667,0,0,0,0,0,0,0,0,0,0,17,26,27
120654,14,86829,1,14,6,7,0,1,0,2,0,63,0.066666667,4,0,0,0,0,0,0,0,0,0,6,10,0
120687,21,502584,2,1,1,0,0,0,0,0,0,143,0.033333333,0,0,0,0,0,0,0,0,0,0,1,1,0
120696,18,250865,1,18,5,5,0,0,3,6,0,34,0.066666667,0,0,0,0,0,0,0,0,0,0,5,1,0
120702,276,247683,3,274,30,93,30,81,4,74,34,23,0.333333333,0,0,0,0,11,11,53,0,0,25,79,84,79
120714,989,250865,8,14,4,6,0,3,0,3,1,34,0.066666667,0,0,0,0,0,0,0,0,0,0,7,1,13
120735,57,457932,2,51,4,16,10,9,0,14,7,21,0.066666667,24,0,0,0,0,0,0,0,0,0,23,27,0
120739,7,502584,1,7,2,3,0,1,0,2,1,143,0.033333333,0,0,0,0,0,0,0,0,0,0,5,7,0
120755,163,346877,2,162,14,34,35,30,7,44,17,9,0.166666667,0,10,0,0,4,0,0,0,0,0,45,109,39
120757,36,399092,2,16,1,3,8,1,0,4,0,101,0.033333333,0,0,0,0,0,0,0,0,0,0,5,16,0
120773,11,346877,2,1,1,0,0,0,0,0,0,9,0.033333333,0,0,0,0,0,0,0,0,0,0,1,1,0
120775,157,260769,3,26,8,7,0,5,2,4,2,0,0.066666667,0,0,0,0,0,0,0,0,0,0,10,2,0
120776,305,85576,3,2,2,0,0,0,0,0,0,54,0.033333333,0,0,0,0,0,0,0,0,0,0,1,2,0
120801,70,110497,4,9,2,2,0,1,3,1,1,24,0.033333333,0,0,0,0,0,0,0,0,0,0,5,9,0
120814,4,250865,1,4,2,2,0,0,0,1,0,34,0.033333333,0,0,0,0,0,0,0,0,0,0,4,4,0
120827,18,86829,2,17,6,4,0,3,2,2,1,63,0.033333333,0,0,0,0,0,0,0,0,0,0,10,17,0
120831,159,346877,3,68,9,34,15,0,1,26,0,9,0.133333333,0,0,0,0,0,0,0,0,7,15,19,40,28
120832,102,247683,1,102,16,24,4,22,24,21,10,23,0.066666667,0,0,0,0,0,0,0,0,0,0,33,71,0
120833,553,346877,12,9,4,4,0,1,0,3,0,9,0.1,0,0,0,0,0,0,0,0,0,0,5,7,0
120834,1763,110497,9,2,2,0,0,0,0,0,0,24,0.066666667,0,0,0,0,0,0,0,0,0,0,1,1,0
120848,553,261579,12,13,4,5,0,2,0,2,2,5,0.066666667,0,0,0,0,0,0,0,0,0,0,6,6,0
120849,11,457932,1,11,7,0,0,0,4,0,0,21,0.066666667,0,0,0,0,0,0,0,0,0,0,5,9,0
120867,281,261579,1,281,31,78,23,56,55,50,31,5,0.2,0,67,0,0,0,0,54,0,1,0,79,225,54
120872,11,250865,1,11,2,4,0,1,0,6,0,34,0.066666667,0,0,0,0,0,0,0,0,0,0,5,10,1
120883,137,457932,4,17,5,8,2,2,0,3,0,21,0.1,0,0,0,0,0,0,0,0,0,0,8,2,0
120885,33,110497,4,6,2,3,0,1,0,2,0,24,0.066666667,0,0,0,0,0,0,0,0,0,0,5,5,0
120886,24,250865,1,24,10,7,0,4,0,2,2,34,0.066666667,0,0,0,0,0,0,0,0,0,0,8,5,0
120900,6,250865,4,2,2,0,0,0,0,0,0,34,0.033333333,0,0,0,0,0,0,0,0,0,0,2,2,0
120902,66,457932,3,1,1,0,0,0,0,0,0,21,0.033333333,0,0,0,0,0,0,0,0,0,0,1,1,0
120903,66,247683,3,1,1,0,0,0,0,0,0,23,0.033333333,0,0,0,0,0,0,0,0,0,0,1,1,0
120923,76,457932,1,76,6,29,8,15,12,18,4,21,0.2,0,1,0,0,0,0,0,0,0,0,18,21,2
120932,1,334927,1,1,1,0,0,0,0,0,0,7,0.033333333,0,0,0,0,0,0,0,0,0,0,1,1,0
120934,190,457932,1,190,19,53,18,30,0,41,22,21,0.266666667,0,0,0,0,0,0,0,0,0,0,31,67,0
120956,237,334927,2,106,9,46,10,25,0,32,16,7,0.2,0,0,0,0,0,0,12,0,0,0,30,8,67
120965,2,261579,2,1,1,0,0,0,0,0,0,5,0.033333333,0,0,0,1,0,0,0,0,0,0,1,1,0
120972,179,457932,1,179,16,77,7,37,15,54,20,21,0.266666667,0,0,0,0,0,0,0,0,0,0,26,87,16
120976,13,334927,1,13,4,7,1,0,1,6,0,7,0.033333333,0,0,0,0,0,0,0,0,0,0,11,13,0
120977,404,247683,1,404,32,184,36,117,0,159,33,23,0.3,0,0,0,22,5,15,62,0,0,0,69,155,0
120988,64,399092,3,1,1,0,0,0,0,0,0,101,0.033333333,0,0,0,0,0,0,0,0,0,0,1,1,0
120996,94,334927,3,16,1,11,0,2,0,10,2,7,0.066666667,0,0,0,0,0,0,0,0,0,0,7,13,3
121008,6,399092,1,6,2,3,0,1,0,2,0,101,0.033333333,0,0,0,0,0,0,0,0,0,0,5,6,0
121017,102,346877,2,15,2,7,0,6,0,6,0,9,0.033333333,0,0,0,0,0,0,0,0,0,0,8,15,0
121030,411,110497,5,2,2,0,0,0,0,0,0,24,0.066666667,0,0,0,0,0,0,0,0,0,0,1,2,0
121032,101,334927,1,101,17,44,6,13,12,21,7,7,0.1,0,0,0,0,0,0,0,0,0,0,21,48,40
121037,10,334927,4,1,1,0,0,0,0,0,0,7,0.033333333,0,0,0,0,0,0,0,0,0,0,1,1,0
121039,10,346877,4,1,1,0,0,0,0,0,0,9,0.033333333,0,0,0,0,0,0,0,0,0,0,1,1,0
121043,173,399092,3,1,1,0,0,0,0,0,0,101,0.033333333,0,0,0,0,0,0,0,0,0,0,1,1,0
121055,43,334927,4,17,2,5,0,3,5,2,2,7,0.066666667,0,0,0,0,0,0,0,0,0,0,5,10,0
121058,6,334927,1,6,2,2,0,1,0,1,1,7,0.033333333,0,0,0,0,0,0,0,0,0,0,5,6,0
121064,177,334927,4,40,2,15,0,13,0,12,10,7,0.1,0,0,0,0,0,0,0,0,0,0,18,34,0
121070,6,260769,1,6,2,3,0,1,0,2,0,0,0.066666667,0,0,0,0,0,0,0,0,0,0,4,4,2
121097,254,457932,2,14,2,5,0,4,0,4,3,21,0.033333333,0,0,0,0,0,0,0,0,0,0,10,14,0
121110,379,334927,8,51,7,36,0,5,0,22,2,7,0.2,0,0,14,0,0,0,0,0,0,0,25,16,18
121111,101,247683,1,101,15,70,8,2,0,63,2,23,0.133333333,0,0,0,0,0,0,0,0,0,0,38,29,0
121115,55,334927,1,55,4,14,26,4,0,7,0,7,0.1,0,0,0,0,0,0,0,34,0,0,16,9,0
121120,316,110497,8,29,4,12,0,5,0,14,2,24,0.066666667,0,0,0,0,0,0,0,0,0,0,11,25,0
121123,125,110497,6,27,4,15,0,8,0,12,0,24,0.166666667,0,0,0,0,0,0,0,0,0,0,5,15,5
121124,125,250865,6,56,4,24,0,15,0,33,0,34,0.166666667,0,0,0,0,0,0,0,0,0,0,10,39,5
121127,278,399092,3,19,11,6,0,1,0,3,0,101,0.133333333,6,0,0,0,0,0,0,0,0,0,9,10,0
121138,24,457932,2,7,3,2,0,1,0,1,0,21,0.033333333,0,0,0,0,0,0,0,0,0,0,5,7,0
121152,8,334927,1,8,4,2,0,1,0,1,1,7,0.033333333,0,0,0,0,0,0,0,0,0,0,6,8,0
121164,418,502584,3,328,10,50,52,38,25,115,26,143,0.2,166,0,0,0,118,17,0,0,0,0,43,26,0
121166,389,334927,2,9,5,2,0,1,0,1,1,7,0.066666667,0,0,0,0,0,0,0,0,0,0,5,7,0
121169,242,85168,4,1,1,0,0,0,0,0,0,139,0.033333333,0,0,0,0,0,0,0,0,0,0,1,1,0
121170,278,110497,4,28,5,8,0,7,0,9,5,24,0.033333333,0,0,0,0,0,0,0,0,0,0,12,28,0
121172,278,85576,4,1,1,0,0,0,0,0,0,54,0.033333333,0,0,0,0,0,0,0,0,0,0,1,1,0
121176,22,247683,2,20,9,7,0,3,0,4,1,23,0.066666667,0,0,0,0,0,0,0,0,0,0,5,3,17
121183,42,250865,2,36,11,18,0,4,0,9,3,34,0.1,0,0,0,0,0,0,0,0,0,0,12,13,0
121184,176,260769,1,176,5,42,36,31,0,60,24,0,0.1,0,0,0,0,0,0,0,0,0,0,62,85,0
121187,120,399092,3,54,26,10,0,3,15,2,0,101,0.1,0,0,0,0,0,0,0,0,0,0,9,9,0
121198,1137,140022,2,1125,13,99,771,30,0,199,0,232,0.266666667,17,487,0,1,18,306,0,0,0,0,254,20,76
121228,49,24979,2,2,2,0,0,0,0,0,0,25,0.033333333,2,0,0,0,0,0,0,0,0,0,1,2,0
121244,24,247683,1,24,5,9,0,7,0,8,3,23,0.033333333,0,0,0,0,0,0,0,0,0,0,12,24,0
121254,11,140022,7,1,1,0,0,0,0,0,0,232,0.033333333,0,0,0,0,0,0,0,0,0,0,1,1,0
121255,11,188602,7,1,1,0,0,0,0,0,0,96,0.033333333,0,0,0,0,0,0,0,0,0,0,1,1,0
121258,83,250865,5,1,1,0,0,0,0,0,0,34,0.033333333,0,0,0,0,0,0,0,0,0,0,1,1,0
121261,128,127749,6,11,2,4,0,3,0,3,2,102,0.033333333,0,0,0,0,0,0,0,0,0,0,8,11,0
121270,282,457932,4,102,18,21,20,19,2,18,12,21,0.066666667,0,0,0,0,0,0,0,0,0,0,25,29,0
121282,196,334927,4,70,15,31,3,0,18,24,0,7,0.066666667,0,11,0,0,0,0,0,0,0,0,19,59,0
121286,18,346877,1,18,6,6,0,4,0,3,2,9,0.066666667,0,0,0,0,0,0,0,0,0,0,8,7,0
121292,418,127749,3,83,15,29,0,23,1,18,15,102,0.066666667,0,0,0,0,0,0,0,0,0,0,32,1,0
121311,644,502584,3,188,10,33,73,19,5,48,5,143,0.133333333,27,146,0,0,0,1,0,0,0,0,36,27,147
121322,330,502584,2,319,4,84,79,31,6,131,29,143,0.1,282,0,0,0,0,0,0,0,0,0,76,6,282
121327,9,127749,2,2,2,0,0,0,0,0,0,102,0.033333333,0,0,0,0,0,0,0,0,0,0,2,2,0
121340,275,334927,2,1,1,0,0,0,0,0,0,7,0.033333333,0,0,0,0,0,0,0,0,0,0,1,1,0
121341,36,457932,1,36,9,9,4,6,0,4,3,21,0.033333333,0,0,0,0,0,0,0,0,0,0,15,36,0
121342,20,260769,1,20,4,5,0,2,4,4,1,0,0.066666667,0,0,0,0,0,0,0,0,0,0,8,10,0
121349,196,457932,4,113,20,46,13,0,31,33,0,21,0.133333333,0,0,0,0,0,4,0,0,0,0,26,84,25
121357,13,140022,1,13,3,4,0,3,1,3,2,232,0.033333333,0,0,0,0,0,0,0,0,0,0,8,13,0
121370,4,334927,1,4,2,2,0,0,0,1,0,7,0.033333333,0,0,0,0,0,0,0,0,0,0,4,4,0
121371,15,110497,2,7,2,3,0,1,0,2,1,24,0.033333333,0,0,0,0,0,0,0,0,0,0,6,7,0
121375,28,127749,2,18,1,14,0,1,0,10,2,102,0.033333333,0,0,0,0,0,0,0,0,0,0,12,18,0
121381,12,457932,1,12,4,0,0,0,3,0,0,21,0.066666667,0,0,0,0,0,0,0,0,0,0,4,2,10
121383,4,346877,4,1,1,0,0,0,0,0,0,9,0.033333333,0,0,0,0,0,0,0,0,0,0,1,1,0
121395,41,346877,2,6,3,3,0,0,0,2,0,9,0.066666667,5,0,0,0,0,0,0,0,0,0,5,6,0
121420,8,250865,2,7,2,3,0,2,0,2,0,34,0.033333333,0,0,0,0,0,0,0,0,0,0,5,7,0
121425,6,261579,1,6,3,3,0,0,0,2,0,5,0.033333333,0,0,0,6,0,0,0,0,0,0,4,6,0
121430,168,127749,4,19,3,7,0,5,0,4,4,102,0.066666667,0,0,0,0,0,0,0,0,0,0,11,11,0
121432,543,127749,8,109,5,14,58,12,0,17,10,102,0.033333333,0,0,0,0,0,0,0,0,0,0,42,109,0
121447,90,334927,3,63,8,18,7,15,3,15,9,7,0.166666667,0,2,0,0,0,0,0,0,0,0,26,34,0
121468,162,457932,2,98,2,34,10,31,0,33,20,21,0.033333333,0,0,0,0,0,0,0,0,0,0,27,98,0
121469,136,334927,1,136,31,31,18,18,21,27,10,7,0.233333333,0,0,0,0,0,0,0,0,0,25,34,78,2
121470,89,261579,3,16,6,4,0,3,0,3,3,5,0.033333333,0,0,0,16,0,0,0,0,0,0,9,16,0
121471,7,334927,1,7,4,1,0,1,0,1,0,7,0.033333333,0,0,0,0,0,0,0,0,0,0,5,7,0
121472,1,334927,1,1,1,0,0,0,0,0,0,7,0.033333333,0,0,0,0,0,0,0,0,0,0,1,1,0
121478,93,457932,3,32,1,14,4,7,0,13,6,21,0.033333333,0,0,0,0,0,0,0,0,0,0,18,32,0
121479,89,46603,3,9,5,2,0,1,0,1,1,5,0.033333333,0,0,0,0,0,0,0,0,0,0,6,9,0
121498,186,457932,2,2,2,0,0,0,0,0,0,21,0.033333333,0,0,0,0,0,0,0,0,0,0,1,2,0
121510,17,46603,1,17,4,1,0,1,10,1,1,5,0.033333333,0,0,0,0,0,0,0,0,0,0,5,17,0
121514,21,334927,2,6,2,2,0,1,0,1,1,7,0.033333333,0,0,0,0,0,0,0,0,0,0,5,6,0
121517,1817,260769,8,1,1,0,0,0,0,0,0,0,0.033333333,0,0,0,0,0,0,0,0,0,0,1,1,0
121519,182,457932,6,41,4,12,3,10,1,9,8,21,0.033333333,0,0,0,0,0,0,0,0,0,0,19,41,0
121521,89,250865,4,1,1,0,0,0,0,0,0,34,0.033333333,0,0,0,0,0,0,0,0,0,0,1,1,0
121533,274,85168,2,13,1,6,0,4,0,3,2,139,0.033333333,0,0,0,0,0,0,0,0,0,0,6,13,0
121536,13,399092,1,13,4,5,0,3,0,2,1,101,0.033333333,0,0,0,0,0,0,0,0,0,0,8,13,0
121545,68,140022,1,68,2,6,27,3,0,30,1,232,0.033333333,0,0,0,0,0,0,0,0,0,0,13,68,0
121546,90,27035,3,21,8,6,0,3,2,2,0,60,0.066666667,0,0,0,0,0,0,0,0,0,0,10,14,0
121551,8,502584,2,2,2,0,0,0,0,0,0,143,0.033333333,2,0,0,0,0,0,0,0,0,0,2,2,0
121562,4,334927,1,4,4,0,0,0,0,0,0,7,0.033333333,0,0,0,0,0,0,0,0,0,0,2,4,0
121564,68,399092,9,1,1,0,0,0,0,0,0,101,0.033333333,0,0,0,0,0,0,0,0,0,0,1,1,0
121572,197,334927,3,129,16,42,15,33,1,25,17,7,0.066666667,0,53,0,0,0,0,0,0,0,0,32,76,0
121580,257,334927,4,6,1,3,0,1,0,2,1,7,0.033333333,0,0,0,0,0,0,0,0,0,0,4,6,0
121589,121,457932,4,118,28,30,23,8,14,28,7,21,0.166666667,0,21,0,0,0,0,3,0,0,0,38,65,0
121593,7,334927,1,7,3,4,0,0,0,3,0,7,0.033333333,0,0,0,0,0,0,0,0,0,0,3,7,0
121595,9,247683,1,9,4,4,0,1,0,1,0,23,0.1,0,0,0,0,0,0,0,0,0,0,5,5,0
121608,34,110497,3,7,2,3,0,1,0,2,1,24,0.033333333,0,0,0,0,0,0,0,0,0,0,6,7,0
121610,472,110497,2,27,5,11,0,6,2,9,1,24,0.066666667,0,0,0,0,0,0,0,0,0,0,12,15,0
121611,983,86829,3,623,31,150,131,125,66,138,77,63,0.466666667,20,0,37,145,0,0,0,5,15,13,113,71,188
121619,602,127749,7,57,14,22,0,13,1,11,6,102,0.133333333,0,0,0,0,0,0,0,0,0,0,17,31,0
121626,1818,46603,7,22,6,11,0,4,0,3,1,5,0.1,0,0,0,7,0,0,0,0,0,0,7,6,0
121636,89,247683,1,89,12,37,0,25,7,26,5,23,0.066666667,0,0,0,0,0,0,0,0,0,0,23,89,0
121641,549,85168,7,5,5,0,0,0,0,0,0,139,0.033333333,0,0,0,0,0,0,0,0,0,0,2,5,0
121658,75,457932,1,75,15,29,4,16,0,14,10,21,0.166666667,0,5,0,0,25,0,0,0,0,0,22,26,11
121679,39,250865,1,39,2,6,19,5,1,10,0,34,0.033333333,0,0,0,0,0,0,0,0,0,0,10,39,0
121683,204,247683,3,92,11,41,0,31,0,31,5,23,0.033333333,0,0,0,0,0,0,0,0,0,0,31,92,0
121690,309,260769,1,309,7,89,64,47,0,127,36,0,0.3,0,0,0,0,0,0,0,9,32,0,66,12,144
121696,47,399092,1,47,6,14,0,11,7,11,6,101,0.066666667,0,0,0,0,0,0,0,0,0,0,19,34,0
121698,6,346877,1,6,2,2,0,1,0,1,1,9,0.033333333,0,0,0,0,0,0,0,0,0,0,5,6,0
121707,18,127749,2,8,3,3,0,1,0,2,1,102,0.033333333,0,0,0,0,0,0,0,0,0,0,6,8,0
121708,15,127749,1,15,1,6,0,4,0,5,4,102,0.033333333,0,0,0,0,0,0,0,0,0,0,11,15,0
121729,208,346877,1,208,33,48,64,7,9,53,3,9,0.266666667,0,0,14,0,0,7,35,0,0,71,36,22,31
121734,143,127749,2,17,4,9,0,4,0,2,0,102,0.066666667,0,0,0,0,0,0,0,0,0,0,6,6,0
121748,1,457932,1,1,1,0,0,0,0,0,0,21,0.033333333,0,0,0,0,0,0,0,0,0,0,1,1,0
121752,1,42723,1,1,1,0,0,0,0,0,0,6,0.033333333,0,0,0,0,0,0,0,0,0,0,1,1,0
121770,857,250865,5,192,9,40,20,32,29,67,11,34,0.2,0,0,0,0,0,0,0,0,0,0,19,19,0
121775,11,346877,1,11,3,6,0,1,0,3,1,9,0.033333333,0,0,0,0,0,0,0,0,0,0,8,11,0
121778,32,334927,2,11,5,3,0,1,1,2,0,7,0.033333333,0,0,0,0,0,0,0,0,0,0,8,11,0
121782,1,334927,1,1,1,0,0,0,0,0,0,7,0.033333333,0,0,0,0,0,0,0,0,0,0,1,1,0
121804,3,250865,2,1,1,0,0,0,0,0,0,34,0.033333333,0,0,0,0,0,0,0,0,0,0,1,1,0
121812,377,457932,1,377,33,81,60,66,81,63,46,21,0.333333333,22,0,31,0,0,0,0,64,0,6,79,173,7
121816,2,188602,2,1,1,0,0,0,0,0,0,96,0.033333333,0,0,0,0,0,0,0,0,0,0,1,1,0
121817,82,346877,2,81,19,47,0,6,0,23,5,9,0.066666667,0,0,0,0,0,0,0,0,0,0,22,15,0
121828,74,334927,1,74,5,28,4,22,2,17,11,7,0.033333333,0,0,0,0,0,0,0,0,0,0,22,74,0
121836,10,247683,2,6,5,0,0,0,0,0,0,23,0.033333333,0,0,0,0,0,0,0,0,0,0,4,6,0
121837,20,334927,1,20,2,7,0,6,0,6,5,7,0.033333333,0,0,0,0,0,0,0,0,0,0,10,20,0
121841,134,334927,4,2,2,0,0,0,0,0,0,7,0.033333333,0,0,0,0,0,0,0,0,0,0,2,2,0
121842,134,260769,4,2,2,0,0,0,0,0,0,0,0.033333333,0,0,0,0,0,0,0,0,0,0,2,2,0
121861,2301,110497,7,1,1,0,0,0,0,0,0,24,0.033333333,0,0,0,0,0,0,0,0,0,0,1,1,0
121877,9,110497,1,9,2,3,0,2,0,2,2,24,0.033333333,0,0,0,0,0,0,0,0,0,0,7,9,0
121883,77,46603,2,1,1,0,0,0,0,0,0,5,0.033333333,0,0,0,0,0,0,0,0,0,0,1,1,0
121900,51,334927,3,2,2,0,0,0,0,0,0,7,0.033333333,0,0,0,0,0,0,0,0,0,0,1,2,0
121903,1173,346877,4,49,5,13,9,9,2,12,4,9,0.133333333,0,0,0,0,0,0,0,0,0,0,16,5,34
121908,280,247683,2,242,11,88,30,59,23,76,31,23,0.166666667,0,0,0,0,0,0,10,44,0,0,68,139,0
121910,415,399092,2,406,33,49,79,48,24,121,28,101,0.166666667,115,0,0,0,0,0,0,0,0,0,63,1,208
121919,844,334927,10,3,3,0,0,0,0,0,0,7,0.033333333,0,0,0,0,0,0,0,0,0,0,2,3,0
121937,383,346877,4,2,2,0,0,0,0,0,0,9,0.033333333,0,0,0,0,0,0,0,0,0,0,1,2,0
121938,572,27035,10,19,3,7,0,3,1,7,2,60,0.066666667,0,0,0,0,0,0,0,0,0,0,6,7,0
121939,383,250865,4,60,6,16,0,11,24,7,3,34,0.133333333,4,0,0,0,0,0,0,0,0,9,9,5,4
121944,12,24979,2,1,1,0,0,0,0,0,0,25,0.033333333,1,0,0,0,0,0,0,0,0,0,1,1,0
121955,1485,247683,6,33,3,12,0,10,0,11,6,23,0.033333333,0,0,0,0,0,0,0,0,0,0,15,33,0
121956,1485,46603,6,5,1,2,0,1,0,1,1,5,0.033333333,0,0,0,0,0,0,0,0,0,0,4,5,0
121962,125,457932,3,11,2,6,0,2,0,5,1,21,0.033333333,0,0,0,0,0,0,0,0,0,0,7,11,0
121971,5,46603,3,2,2,0,0,0,0,0,0,5,0.033333333,0,0,0,0,0,0,0,0,0,0,2,2,0
121978,74,46603,5,2,2,0,0,0,0,0,0,5,0.033333333,0,0,0,0,0,0,0,0,0,0,2,2,0
121982,74,250865,5,59,7,11,0,8,5,30,2,34,0.033333333,0,0,0,0,0,0,0,0,0,0,11,59,0
121988,2,502584,1,2,2,0,0,0,0,0,0,143,0.066666667,1,0,0,0,0,0,0,1,0,0,1,1,0
121996,453,334927,7,14,2,10,0,1,0,7,1,7,0.066666667,0,0,0,0,0,0,0,0,0,0,9,5,9
122024,29,24979,5,1,1,0,0,0,0,0,0,25,0.033333333,1,0,0,0,0,0,0,0,0,0,1,1,0
122031,45,346877,1,45,5,16,0,8,0,11,16,9,0.066666667,0,0,0,0,0,0,0,0,0,0,15,33,0
122040,110,502584,1,110,21,41,0,2,2,53,0,143,0.033333333,110,0,0,0,0,0,0,0,0,0,20,110,0
122042,4,334927,2,2,2,0,0,0,0,0,0,7,0.033333333,0,0,0,0,0,0,0,0,0,0,2,2,0
122046,983,399092,3,1,1,0,0,0,0,0,0,101,0.033333333,0,0,0,0,0,0,0,0,0,0,1,1,0
122056,1364,334927,7,11,4,6,0,1,0,1,0,7,0.066666667,0,0,0,0,0,0,0,0,0,0,5,8,0
122060,138,346877,10,13,3,6,0,3,0,1,1,9,0.1,0,0,0,0,0,0,0,0,0,0,5,5,0
122091,241,907118,1,241,9,116,1,74,0,117,27,19,0.166666667,0,0,33,55,20,0,0,0,0,57,44,76,90
122100,1014,195289,8,94,5,24,0,19,0,37,27,105,0.1,0,0,0,0,0,0,0,0,0,0,29,20,0
122127,175,907118,1,175,16,70,11,41,5,64,20,19,0.1,0,0,0,0,40,0,0,84,51,0,55,40,0
122144,371,907118,1,371,95,109,18,74,27,58,30,19,0.533333333,0,0,24,0,66,22,12,0,14,4,75,72,25
122158,8,907118,1,8,5,2,0,1,0,1,0,19,0.033333333,0,0,0,0,0,8,0,0,0,0,5,8,0
122162,5,907118,1,5,4,0,0,0,1,0,0,19,0.033333333,0,0,0,0,0,5,0,0,0,0,5,5,0
122169,187,907118,1,187,26,86,4,37,6,61,23,19,0.333333333,0,0,6,16,19,47,5,0,0,0,39,41,30
122171,4,907118,1,4,2,0,0,0,1,0,0,19,0.033333333,0,0,0,0,0,4,0,0,0,0,3,4,0
122185,319,907118,1,319,31,131,13,84,2,107,48,19,0.266666667,0,0,29,38,43,56,14,14,0,0,68,122,17
122187,614,195289,2,519,14,96,106,76,40,158,63,105,0.533333333,0,2,15,3,0,0,0,0,0,0,103,65,119
122199,189,156596,2,182,6,28,25,18,3,70,36,224,0.166666667,0,0,0,0,0,0,0,0,0,0,29,27,0
122209,155,195289,4,122,6,45,32,22,1,37,11,105,0.066666667,0,0,0,0,0,0,0,0,0,0,19,12,110
122212,67,156596,1,67,9,13,0,11,23,20,0,224,0.066666667,0,0,0,0,0,0,0,0,0,0,9,16,51
122240,158,208752,1,158,22,21,19,17,3,52,38,24,0.166666667,0,0,0,0,0,0,0,0,0,0,68,40,69
122249,64,907118,2,43,5,17,0,13,0,12,8,19,0.066666667,0,0,0,15,0,28,0,0,0,0,18,15,0
122250,94,907118,1,94,6,40,2,27,0,31,15,19,0.2,0,0,49,4,7,13,0,0,0,10,38,11,59
122254,112,195289,1,112,21,26,2,26,0,38,21,105,0.166666667,0,0,0,0,0,26,0,0,0,0,40,44,0
122265,16,907118,1,16,4,3,0,2,0,8,1,19,0.033333333,0,0,0,0,0,16,0,0,0,0,8,16,0
122275,1,156596,1,1,1,0,0,0,0,0,0,224,0.033333333,0,0,0,0,0,0,0,0,0,0,1,1,0
122286,67,907118,2,62,11,19,11,15,2,16,0,19,0.1,0,0,0,0,0,26,0,0,0,0,19,3,0
122303,2888,195289,6,1292,49,157,218,133,80,523,186,105,0.4,0,0,0,0,0,0,157,0,65,0,153,362,352
122304,18,156596,2,9,4,2,0,1,2,1,0,224,0.033333333,0,0,0,0,0,0,0,0,0,0,5,9,0
122305,26,156596,2,18,1,9,0,5,0,6,3,224,0.033333333,0,0,0,0,0,0,0,0,0,0,9,18,0
122308,95,208752,1,95,5,27,0,14,0,44,26,24,0.133333333,0,0,0,0,21,0,0,0,0,0,26,27,45
122309,22,907118,1,22,9,6,0,4,1,3,2,19,0.1,0,0,0,0,0,7,0,0,0,0,10,1,0
122311,596,907118,3,58,3,26,0,19,0,17,10,19,0.233333333,0,7,0,26,0,5,9,5,1,0,18,12,9
122316,19,195289,2,18,4,2,0,1,9,1,1,105,0.033333333,0,0,0,0,0,0,0,0,0,0,7,18,0
122317,325,907118,4,112,5,41,34,0,0,47,15,19,0.2,0,0,0,13,38,1,18,38,4,0,54,13,38
122324,502,208752,3,452,45,85,36,64,57,123,77,24,0.566666667,46,47,4,8,18,46,16,0,0,6,100,4,101
122332,70,156596,2,40,12,10,0,6,0,11,6,224,0.1,35,0,0,0,0,0,0,0,0,0,11,39,1
122333,84,907118,2,25,6,9,0,6,1,4,3,19,0.033333333,0,0,0,0,0,25,0,0,0,0,14,25,0
122334,113,156596,3,76,14,28,0,18,0,22,2,224,0.1,0,0,34,0,0,0,0,0,0,0,15,39,34
122349,4425,208752,10,465,44,89,35,60,55,129,76,24,0.533333333,108,0,4,0,6,92,0,0,6,0,101,141,14
122351,33,38356,1,33,3,7,2,5,0,11,9,65,0.066666667,0,0,0,0,0,0,0,0,0,0,11,33,0
122361,6,195289,1,6,3,1,0,1,0,1,1,105,0.033333333,0,0,0,0,0,0,0,0,0,0,6,6,0
122365,11,907118,1,11,3,4,0,3,0,4,0,19,0.033333333,0,0,0,0,0,11,0,0,0,0,6,11,0
122371,713,208752,2,326,19,80,45,58,4,104,57,24,0.3,0,0,0,0,47,0,54,0,0,0,83,142,60
122382,60,208752,1,60,7,26,0,17,0,15,10,24,0.133333333,0,0,0,0,0,0,18,0,0,0,29,15,0
122384,768,907118,2,639,41,199,42,160,30,248,75,19,0.533333333,0,1,0,0,6,177,0,0,49,98,96,101,6
122387,2284,907118,6,529,86,141,32,112,32,153,48,19,0.4,0,124,31,22,7,4,6,6,5,34,92,128,121
122398,314,195289,1,314,23,53,106,37,14,63,26,105,0.233333333,0,0,0,0,0,0,9,102,0,0,47,60,183
122401,56,38356,2,1,1,0,0,0,0,0,0,65,0.033333333,0,0,0,0,0,0,0,0,0,0,1,1,0
122427,361,907118,3,279,43,109,3,68,7,65,14,19,0.233333333,0,0,0,22,45,44,73,43,40,12,32,22,45
122433,260,907118,7,98,9,34,19,19,0,35,6,19,0.2,0,0,12,16,2,24,0,0,7,0,34,44,12
122439,263,907118,1,263,26,82,12,68,9,91,28,19,0.2,0,0,47,39,27,12,0,64,0,74,73,121,39
122448,42,156596,1,42,8,11,0,8,0,19,0,224,0.033333333,0,0,0,0,0,0,0,0,0,0,10,42,0
122451,48,907118,1,48,10,25,0,8,3,18,1,19,0.066666667,0,0,0,0,0,18,0,30,0,0,13,18,0
122503,15,907118,1,15,7,4,0,2,1,1,0,19,0.033333333,0,0,0,0,0,15,0,0,0,0,8,15,0
122507,132,907118,1,132,11,52,5,39,0,35,21,19,0.166666667,0,0,68,36,20,4,0,0,4,0,52,68,36
122511,8,208752,1,8,4,2,0,1,0,1,1,24,0.066666667,0,0,0,0,0,0,0,0,0,0,5,1,7
122514,98,907118,1,98,7,34,2,28,0,35,14,19,0.133333333,0,0,0,0,0,18,7,0,37,36,24,18,7
122518,8,156596,1,8,8,0,0,0,0,0,0,224,0.066666667,0,0,0,0,0,0,0,0,0,0,6,2,0
122524,228,907118,1,228,13,108,3,59,6,95,34,19,0.166666667,0,0,0,0,101,49,45,0,5,28,51,101,49
122529,169,907118,1,169,17,54,4,50,3,57,29,19,0.166666667,0,0,0,0,0,51,0,65,49,0,53,50,3
122532,195,907118,2,96,5,26,11,22,14,28,12,19,0.1,0,0,67,0,0,21,0,0,0,0,33,8,67
122543,167,156596,1,167,20,31,31,23,18,36,13,224,0.1,0,0,0,0,0,0,0,0,0,0,45,33,0
122544,151,907118,1,151,5,46,16,42,0,48,27,19,0.133333333,0,0,0,0,38,25,0,0,43,45,69,38,25
122550,198,907118,1,198,22,104,3,44,0,54,25,19,0.433333333,0,12,34,20,12,20,0,0,0,24,54,63,0
122557,29,907118,1,29,11,8,0,7,2,6,0,19,0.033333333,0,0,0,0,0,29,0,0,0,0,11,29,0
122563,1,907118,1,1,1,0,0,0,0,0,0,19,0.033333333,0,0,0,0,0,1,0,0,0,0,1,1,0
122565,1,907118,1,1,1,0,0,0,0,0,0,19,0.033333333,0,0,0,0,0,1,0,0,0,0,1,1,0
122566,1004,195289,3,891,10,135,212,114,127,216,111,105,0.5,0,34,97,36,76,0,55,0,0,24,141,124,136
122569,1581,156596,7,98,8,32,5,16,4,38,10,224,0.133333333,0,0,0,0,0,0,0,0,0,0,12,84,0
122575,111,208752,3,84,4,19,7,16,1,29,20,24,0.133333333,0,0,0,0,0,0,0,0,0,0,28,29,0
122581,63,907118,1,63,17,17,0,15,1,20,3,19,0.033333333,0,0,0,0,0,63,0,0,0,0,17,63,0
122588,1127,907118,18,72,9,26,3,19,4,17,10,19,0.133333333,0,0,0,0,0,3,0,0,0,0,21,44,0
122602,293,907118,3,127,4,51,15,36,0,51,12,19,0.4,0,0,0,0,21,11,0,0,0,0,46,15,5
122609,5,195289,1,5,1,2,0,1,0,1,1,105,0.033333333,0,0,0,0,0,0,0,0,0,0,4,5,0
122629,36,907118,2,35,5,13,1,9,0,11,4,19,0.033333333,0,0,0,0,0,35,0,0,0,0,14,35,0
122638,208,195289,1,208,10,35,42,27,0,78,32,105,0.233333333,0,0,46,40,25,7,0,0,0,0,41,21,10
122641,35,208752,1,35,9,8,0,5,1,8,6,24,0.133333333,0,0,0,0,0,10,0,0,0,0,14,2,14
122646,52,208752,1,52,8,7,6,6,5,16,7,24,0.066666667,0,0,0,0,0,0,0,0,0,0,21,36,0
122650,79,907118,3,16,2,7,0,6,0,6,1,19,0.033333333,0,0,0,0,0,16,0,0,0,0,9,16,0
122651,22,907118,1,22,6,8,0,6,0,6,1,19,0.033333333,0,0,0,0,0,22,0,0,0,0,11,22,0
122654,61,907118,4,1,1,0,0,0,0,0,0,19,0.033333333,0,0,0,0,0,1,0,0,0,0,1,1,0
122655,195,208752,1,195,13,38,21,21,2,72,47,24,0.166666667,0,0,38,70,0,0,0,0,0,0,64,25,38
122661,238,907118,2,33,4,17,0,9,0,12,3,19,0.1,0,0,0,0,0,15,8,0,0,0,13,18,0
122664,94,907118,1,94,6,29,10,25,0,28,16,19,0.133333333,0,0,0,0,3,4,7,80,0,0,49,3,4
122670,36,208752,2,1,1,0,0,0,0,0,0,24,0.033333333,0,0,0,0,0,0,0,0,0,0,1,1,0
122684,11,156596,1,11,1,4,0,3,0,3,3,224,0.066666667,0,0,0,0,0,0,0,0,0,0,8,9,2
122686,196,907118,2,107,29,27,1,23,8,27,10,19,0.1,0,0,0,0,0,42,58,0,7,0,27,42,58
122687,214,907118,1,214,21,61,16,50,7,72,27,19,0.066666667,0,0,0,0,0,129,85,0,0,0,68,129,85
122698,72,208752,2,29,3,12,0,4,0,15,6,24,0.033333333,0,0,0,0,0,0,0,0,0,0,8,29,0
122700,95,208752,2,56,15,6,2,5,0,17,13,24,0.133333333,0,0,0,0,0,0,0,0,0,0,25,36,0
122712,157,156596,1,157,13,27,39,4,1,58,20,224,0.133333333,0,7,0,0,0,0,0,0,0,0,59,19,94
122728,1,907118,1,1,1,0,0,0,0,0,0,19,0.033333333,0,0,0,0,0,1,0,0,0,0,1,1,0
122733,20,156596,1,20,4,5,0,3,0,6,4,224,0.066666667,0,0,0,0,0,0,0,0,0,0,9,18,2
122737,12,208752,1,12,3,2,0,1,0,4,3,24,0.033333333,0,0,0,0,0,0,0,0,0,0,8,12,0
122742,48,208752,2,39,2,7,2,5,1,16,10,24,0.066666667,0,0,0,0,0,0,0,0,0,0,17,29,0
122750,29,907118,1,29,14,4,0,1,8,1,0,19,0.033333333,0,0,0,0,0,29,0,0,0,0,9,29,0
122752,67,907118,1,67,12,23,0,19,0,21,12,19,0.1,0,0,0,0,40,25,2,0,0,0,30,40,25
122754,13,907118,1,13,7,3,0,2,0,2,1,19,0.033333333,0,0,0,0,0,13,0,0,0,0,9,13,0
122757,217,156596,2,216,23,46,16,31,42,43,24,224,0.166666667,0,0,0,0,0,0,0,0,0,0,34,130,74
122761,435,156596,1,435,34,73,126,46,18,107,22,224,0.166666667,0,0,0,0,0,0,0,0,0,0,146,61,0
122763,57,208752,1,57,8,8,12,7,0,19,10,24,0.066666667,0,0,0,0,0,0,0,0,0,0,28,5,0
122765,301,156596,5,64,3,5,23,4,0,16,8,224,0.033333333,0,0,0,0,0,0,0,0,0,0,29,64,0
122768,289,156596,1,289,8,33,44,18,70,105,23,224,0.133333333,0,0,0,0,0,0,0,0,0,0,48,200,38
122774,1242,208752,5,111,4,11,21,9,1,38,27,24,0.066666667,0,0,0,0,0,0,0,0,0,0,39,30,81
122780,3,195289,1,3,3,0,0,0,0,0,0,105,0.033333333,0,0,0,0,0,0,0,0,0,0,2,3,0
122783,32,208752,1,32,2,7,0,4,0,11,10,24,0.033333333,0,0,0,0,0,0,0,0,0,0,11,32,0
122791,14,156596,1,14,6,3,0,3,0,3,2,224,0.033333333,0,0,0,0,0,0,0,0,0,0,6,14,0
122799,542,208752,3,231,24,52,6,36,2,73,60,24,0.233333333,0,36,0,0,0,14,0,0,0,0,54,10,57
122823,8,907118,1,8,2,3,0,2,0,2,1,19,0.033333333,0,0,0,0,0,8,0,0,0,0,6,8,0
122825,441,195289,1,441,20,54,110,44,25,135,47,105,0.266666667,0,29,0,0,0,0,0,0,0,75,114,8,79
122826,163,195289,1,163,4,13,73,1,1,51,13,105,0.033333333,0,0,0,0,0,0,0,0,0,0,60,163,0
122829,117,195289,3,47,1,8,3,4,0,27,11,105,0.133333333,0,0,0,0,0,0,0,0,0,0,12,17,3
122834,1,208752,1,1,1,0,0,0,0,0,0,24,0.033333333,0,0,0,0,0,0,0,0,0,0,1,1,0
122838,114,907118,1,114,12,49,1,30,0,39,18,19,0.166666667,0,0,0,12,35,10,45,0,0,12,33,12,35
122847,666,208752,3,563,92,170,33,84,7,155,80,24,0.466666667,0,0,0,22,14,0,34,93,8,0,98,283,8
122867,32,156596,1,32,8,6,4,5,0,7,5,224,0.033333333,0,0,0,0,0,0,0,0,0,0,11,32,0
122873,62,195289,1,62,7,17,11,10,1,17,5,105,0.066666667,0,0,0,0,0,0,0,0,0,0,19,12,0
122885,88,195289,3,10,5,2,0,1,0,1,1,105,0.033333333,0,0,0,0,0,0,0,0,0,0,7,10,0
122893,139,156596,4,42,2,6,3,4,0,20,11,224,0.033333333,0,0,0,0,0,0,0,0,0,0,13,42,0
122902,50,156596,1,50,8,20,0,11,0,14,9,224,0.1,0,0,0,0,0,0,0,0,0,0,25,39,0
122923,156,208752,1,156,22,34,32,12,2,51,10,24,0.366666667,0,0,0,3,0,0,4,0,0,0,44,60,0
122937,160,156596,2,73,14,22,0,17,2,20,11,224,0.033333333,0,0,0,0,0,0,0,0,0,0,15,73,0
122945,3829,208752,10,1,1,0,0,0,0,0,0,24,0.033333333,0,0,0,0,0,0,0,0,0,0,1,1,0
122962,6869,156596,14,265,33,69,42,47,18,56,13,224,0.2,0,14,0,0,0,0,0,0,0,0,35,32,22
122968,42,208752,1,42,3,14,0,10,0,14,12,24,0.133333333,0,0,0,0,0,0,0,0,0,0,19,8,20
122970,444,907118,2,257,40,81,17,66,8,63,32,19,0.433333333,0,0,0,0,8,7,8,0,0,49,71,87,62
122972,47,208752,2,46,9,8,5,6,0,14,7,24,0.066666667,0,0,0,0,0,0,0,0,0,0,19,34,0
122974,25,208752,2,14,1,5,0,4,0,4,4,24,0.066666667,0,0,0,0,0,0,0,0,0,0,4,11,0
122976,207,907118,1,207,7,68,20,54,0,75,32,19,0.166666667,0,0,15,0,0,48,0,0,76,0,71,47,97
122981,76,907118,1,76,7,39,0,20,0,26,10,19,0.066666667,0,0,0,0,48,28,0,0,0,0,15,48,28
122987,13,907118,1,13,7,3,0,2,0,2,0,19,0.033333333,0,0,0,0,0,13,0,0,0,0,7,13,0
123003,431,156596,2,138,11,13,32,12,0,47,21,224,0.033333333,0,0,0,0,0,0,0,0,0,0,25,138,0
123004,101,907118,1,101,13,35,0,30,0,27,18,19,0.266666667,0,0,0,5,0,2,4,0,0,0,27,25,5
123008,5,195289,3,3,3,0,0,0,0,0,0,105,0.1,0,0,0,0,0,0,0,0,0,0,1,2,0
123021,38,195289,3,24,3,5,7,3,0,4,3,105,0.066666667,0,0,4,0,0,0,0,0,0,0,11,20,0
123025,17,907118,1,17,5,6,0,4,2,3,0,19,0.033333333,0,0,0,0,0,17,0,0,0,0,8,17,0
123035,1,208752,1,1,1,0,0,0,0,0,0,24,0.033333333,0,0,0,0,0,0,0,0,0,0,1,1,0
123036,154,208752,4,1,1,0,0,0,0,0,0,24,0.033333333,0,0,0,0,0,0,0,0,0,0,1,1,0
123050,20,156596,1,20,11,4,0,3,0,4,2,224,0.066666667,0,0,0,0,0,0,0,0,0,0,10,3,0
123054,21,195289,1,21,5,7,0,5,0,4,4,105,0.066666667,0,0,0,0,0,0,0,0,0,0,10,13,8
123064,17,907118,1,17,4,8,0,5,0,5,0,19,0.033333333,0,0,0,0,0,17,0,0,0,0,8,17,0
123071,53,907118,2,1,1,0,0,0,0,0,0,19,0.033333333,0,0,0,0,0,1,0,0,0,0,1,1,0
123077,451,156596,6,272,20,58,31,45,0,100,41,224,0.366666667,0,41,1,0,0,0,0,0,0,0,82,74,44
123080,61,907118,3,18,6,7,0,3,1,2,1,19,0.066666667,0,0,0,0,0,5,0,0,0,0,8,13,5
123083,10,208752,1,10,3,2,0,1,0,3,2,24,0.033333333,0,0,0,0,0,0,0,0,0,0,7,10,0
123088,113,156596,2,71,7,21,7,13,0,20,11,224,0.133333333,0,0,0,0,0,0,0,0,0,0,15,24,14
123093,1,195289,1,1,1,0,0,0,0,0,0,105,0.033333333,0,0,0,0,0,0,0,0,0,0,1,1,0
123099,61,208752,1,61,7,12,6,7,2,20,10,24,0.033333333,0,0,0,0,0,0,0,0,0,0,19,61,0
123111,74,38356,3,2,2,0,0,0,0,0,0,65,0.066666667,0,0,0,0,0,0,0,0,0,0,1,1,0
123118,89,907118,2,48,8,16,0,14,0,12,10,19,0.1,0,0,0,11,16,21,0,0,0,0,26,11,16
123120,29,156596,1,29,4,8,2,6,0,9,4,224,0.033333333,0,0,0,0,0,0,0,0,0,0,12,29,0
123121,1299,907118,4,398,54,109,36,76,66,81,28,19,0.266666667,0,65,0,0,0,91,0,0,0,0,77,8,197
123127,43,208752,1,43,3,5,7,4,0,16,9,24,0.033333333,0,0,0,0,0,0,0,0,0,0,13,43,0
123136,382,208752,2,314,55,48,29,28,20,95,54,24,0.4,84,0,0,0,16,28,0,6,0,0,89,75,0
123157,34,208752,2,6,2,2,0,1,0,1,1,24,0.033333333,0,0,0,0,0,0,0,0,0,0,4,6,0
123171,20,195289,3,8,4,2,0,1,0,1,1,105,0.033333333,0,0,0,0,0,0,0,0,0,0,6,8,0
123172,163,208752,4,86,7,18,18,14,3,21,11,24,0.033333333,0,0,0,0,0,0,0,0,0,0,31,86,0
123175,16,156596,2,15,3,5,0,2,1,5,2,224,0.033333333,0,0,0,0,0,0,0,0,0,0,7,15,0
123176,1254,156596,8,30,5,18,0,7,0,10,0,224,0.1,0,0,0,0,0,0,0,5,0,0,7,20,0
123177,73,907118,1,73,19,24,0,12,1,25,9,19,0.1,0,12,0,0,0,19,0,0,0,0,25,31,42
123187,27,208752,2,20,4,7,0,5,0,4,4,24,0.1,0,0,0,0,0,0,0,0,0,0,11,8,1
123190,125,195289,2,124,20,14,16,6,6,54,12,105,0.1,0,0,0,0,0,0,0,0,0,0,25,25,0
123197,14,907118,1,14,8,3,0,2,0,2,1,19,0.033333333,0,0,0,0,0,14,0,0,0,0,9,14,0
123203,217,907118,1,217,13,59,20,55,9,69,33,19,0.166666667,0,0,0,0,0,20,60,45,36,56,60,20,60
123205,125,38356,2,1,1,0,0,0,0,0,0,65,0.033333333,0,0,0,0,0,0,0,0,0,0,1,1,0
123209,10,907118,1,10,6,2,0,1,0,1,0,19,0.033333333,0,0,0,0,0,10,0,0,0,0,6,10,0
123212,301,38356,5,100,6,23,16,20,0,29,18,65,0.133333333,0,0,0,0,0,0,0,0,0,0,42,1,0
123218,41,907118,1,41,19,11,0,5,2,2,1,19,0.1,0,0,0,0,0,21,0,0,0,0,11,8,0
123247,15,38356,2,14,4,2,0,1,1,4,3,65,0.033333333,0,0,0,0,0,0,0,0,0,0,8,14,0
123257,76,208752,1,76,12,18,7,13,2,18,14,24,0.066666667,0,0,0,0,0,0,0,0,0,0,25,57,0
123270,25,907118,1,25,6,12,0,6,1,9,0,19,0.066666667,0,0,0,0,0,15,10,0,0,0,10,15,10
123277,115,208752,1,115,9,22,14,13,9,34,21,24,0.033333333,0,0,0,0,0,0,0,0,0,0,37,115,0
123281,2382,156596,5,684,41,58,311,45,58,132,23,224,0.433333333,71,21,0,0,0,0,4,0,168,0,222,375,0
123304,1980,156596,13,40,12,9,0,5,12,2,2,224,0.1,0,0,0,0,0,0,0,0,0,0,9,16,17
123306,69,208752,1,69,3,7,17,5,1,25,11,24,0.033333333,0,0,0,0,0,0,0,0,0,0,29,69,0
123313,351,195289,5,82,8,29,14,3,0,30,12,105,0.166666667,0,0,0,0,0,0,0,0,0,0,28,10,25
123329,16,38356,1,16,4,8,0,3,0,4,1,65,0.033333333,0,0,0,0,0,0,0,0,0,0,9,16,0
123338,122,38356,3,104,25,27,1,15,18,10,10,65,0.266666667,13,0,0,0,1,0,0,0,0,0,13,43,22
123347,116,38356,4,1,1,0,0,0,0,0,0,65,0.033333333,0,0,0,0,0,0,0,0,0,0,1,1,0
123356,66,208752,1,66,2,14,3,13,2,27,18,24,0.066666667,0,0,0,0,0,0,0,0,0,0,21,5,61
123363,55,156596,1,55,18,2,4,2,4,12,7,224,0.033333333,0,0,0,0,0,0,0,0,0,0,14,55,0
123369,48,907118,1,48,6,17,1,13,1,14,6,19,0.066666667,0,0,0,0,18,0,30,0,0,0,21,18,0
123378,7,208752,3,1,1,0,0,0,0,0,0,24,0.033333333,0,0,0,0,0,0,0,0,0,0,1,1,0
123394,8,907118,1,8,2,3,0,2,0,2,1,19,0.033333333,0,0,0,0,0,0,8,0,0,0,6,8,0
123408,110,907118,1,110,6,54,0,29,0,54,14,19,0.033333333,0,0,0,0,0,0,110,0,0,0,43,110,0
123410,3,907118,1,3,2,1,0,0,0,1,0,19,0.033333333,0,0,0,0,0,0,3,0,0,0,3,3,0
123411,167,208752,1,167,10,26,22,3,8,65,48,24,0.133333333,0,0,0,0,63,0,0,0,0,0,79,15,52
123413,112,907118,1,112,6,42,3,35,2,38,15,19,0.1,0,0,0,0,0,0,64,34,0,14,36,64,34
123419,127,195289,1,127,12,18,26,14,31,30,0,105,0.066666667,0,0,0,0,0,0,0,0,0,0,20,80,47
123421,1,156596,1,1,1,0,0,0,0,0,0,224,0.033333333,0,0,0,0,0,0,0,0,0,0,1,1,0
123429,842,208752,15,17,4,5,0,3,0,4,3,24,0.1,0,0,0,0,0,0,0,0,0,0,9,13,4
123430,159,907118,1,159,13,63,12,43,0,53,23,19,0.1,0,0,0,0,0,0,25,0,0,0,60,81,0
123433,91,195289,2,62,12,9,11,7,2,15,8,105,0.066666667,0,0,0,0,0,0,0,0,0,0,23,20,42
123454,185,208752,1,185,15,36,19,28,15,58,33,24,0.133333333,0,0,0,0,0,0,0,0,0,0,44,102,64
123478,63,907118,1,63,7,42,1,7,0,35,1,19,0.166666667,0,0,21,11,12,0,2,17,0,0,21,21,11
123483,146,907118,3,66,6,26,0,20,0,20,11,19,0.133333333,0,0,0,0,0,0,32,21,5,8,19,32,21
123485,264,156596,1,264,28,44,27,33,30,81,37,224,0.133333333,0,0,0,0,0,0,0,0,0,0,67,22,165
123487,48,208752,3,7,2,3,0,1,0,2,1,24,0.033333333,0,0,0,0,0,0,0,0,0,0,4,7,0
123488,36,156596,1,36,8,6,4,4,1,8,4,224,0.066666667,0,0,0,0,0,0,0,0,0,0,13,17,19
123501,2,38356,1,2,2,0,0,0,0,0,0,65,0.033333333,0,0,0,0,0,0,0,0,0,0,2,2,0
123507,46,208752,1,46,4,6,5,4,0,21,11,24,0.1,0,0,0,0,0,0,0,0,0,0,21,38,5
123508,391,907118,3,252,26,104,18,62,5,91,22,19,0.133333333,0,0,0,0,0,0,103,0,12,0,61,43,106
123517,1,208752,1,1,1,0,0,0,0,0,0,24,0.033333333,0,0,0,0,0,0,0,0,0,0,1,1,0
123519,190,907118,3,155,29,68,1,27,3,69,22,19,0.1,0,0,0,0,0,0,58,96,1,0,56,58,96
123520,9,907118,1,9,2,4,0,1,0,4,1,19,0.033333333,0,0,0,0,0,0,9,0,0,0,6,9,0
123525,672,195289,3,162,4,12,63,10,4,47,11,105,0.033333333,0,0,0,0,0,0,0,0,0,0,42,162,0
123528,74,907118,2,53,5,17,1,14,2,20,7,19,0.033333333,0,0,0,0,0,0,53,0,0,0,22,53,0
123536,181,38356,2,1,1,0,0,0,0,0,0,65,0.033333333,0,0,0,0,0,0,0,0,0,0,1,1,0
123539,402,156596,4,171,29,62,2,38,0,46,22,224,0.3,0,0,4,0,0,0,0,0,0,0,43,54,5
123544,150,907118,1,150,14,81,0,40,2,73,11,19,0.133333333,0,0,0,0,0,0,68,13,24,45,21,68,13
123552,8,208752,1,8,1,4,0,1,0,4,1,24,0.033333333,0,0,0,0,0,0,0,0,0,0,4,8,0
123554,13,907118,1,13,5,6,0,1,0,3,0,19,0.033333333,0,0,0,0,0,0,13,0,0,0,9,13,0
123556,30,38356,1,30,2,11,0,8,0,8,7,65,0.033333333,0,0,0,0,0,0,0,0,0,0,13,30,0
123570,267,907118,1,267,18,104,22,76,2,76,28,19,0.3,0,0,12,53,0,0,47,0,4,0,70,30,66
123589,230,907118,2,229,18,84,12,68,2,82,28,19,0.133333333,0,0,0,0,0,0,86,39,56,48,73,86,39
123612,543,907118,4,26,6,9,0,6,0,5,3,19,0.1,0,0,0,0,0,0,7,0,0,0,10,12,7
123613,1179,208752,11,225,20,31,30,17,4,81,55,24,0.2,53,0,0,0,0,50,0,0,0,0,85,95,53
123614,6,195289,1,6,3,2,0,1,0,1,0,105,0.033333333,0,0,0,0,0,0,0,0,0,0,4,6,0
123621,171,907118,1,171,26,39,17,30,35,37,2,19,0.033333333,0,0,0,0,0,0,171,0,0,0,28,171,0
123627,34,907118,2,4,2,2,0,0,0,1,0,19,0.033333333,0,0,0,0,0,0,4,0,0,0,4,4,0
123633,24,907118,1,24,5,10,0,5,0,7,4,19,0.066666667,0,0,0,0,0,0,10,0,0,0,15,14,0
123650,12,907118,1,12,3,4,0,2,0,3,1,19,0.033333333,0,0,0,0,0,0,12,0,0,0,7,12,0
123661,878,907118,4,106,16,39,3,30,0,24,14,19,0.133333333,0,0,0,18,0,0,37,37,14,0,35,18,0
123662,12,907118,1,12,2,5,0,3,0,4,2,19,0.033333333,0,0,0,0,0,0,12,0,0,0,8,12,0
123665,93,907118,1,93,18,39,1,22,0,31,9,19,0.133333333,0,0,0,49,27,0,4,0,0,0,22,13,49
123680,37,907118,1,37,7,12,1,10,0,9,5,19,0.033333333,0,0,0,0,0,0,37,0,0,0,21,37,0
123696,317,208752,1,317,44,24,60,17,15,108,61,24,0.2,78,0,0,0,0,0,56,0,0,0,92,72,47
123697,616,907118,5,497,44,165,44,104,28,170,44,19,0.133333333,0,0,30,0,0,0,139,0,297,0,60,328,30
123701,60,907118,1,60,9,25,0,16,2,16,7,19,0.133333333,0,0,21,0,0,0,25,7,0,7,22,28,0
123703,6,907118,1,6,3,1,0,1,0,1,1,19,0.033333333,0,0,0,0,0,0,6,0,0,0,6,6,0
123709,53,156596,4,29,8,15,0,6,0,2,0,224,0.233333333,0,4,4,0,0,0,0,0,0,0,5,8,0
123718,7,907118,1,7,1,3,0,2,0,2,1,19,0.033333333,0,0,0,0,0,0,7,0,0,0,5,7,0
123720,73,907118,4,28,5,15,3,4,0,10,0,19,0.1,0,0,0,0,0,0,13,0,0,0,14,10,0
123734,117,195289,1,117,3,9,46,8,0,33,12,105,0.033333333,0,0,0,0,0,0,0,0,0,0,38,117,0
123745,70,38356,3,1,1,0,0,0,0,0,0,65,0.033333333,0,0,0,0,0,0,0,0,0,0,1,1,0
123746,185,907118,1,185,13,63,12,44,16,55,22,19,0.1,0,0,0,49,0,0,67,69,0,0,55,49,0
123751,1106,156596,13,118,8,23,10,16,0,46,25,224,0.166666667,0,0,0,0,0,0,0,0,0,0,35,58,26
123752,259,38356,3,255,25,49,21,17,91,68,18,65,0.1,0,0,0,0,0,0,0,0,0,0,46,145,24
123758,1,907118,1,1,1,0,0,0,0,0,0,19,0.033333333,0,0,0,0,0,0,1,0,0,0,1,1,0
123767,449,156596,8,129,12,27,21,19,0,37,14,224,0.133333333,0,0,0,0,0,12,0,0,0,0,30,108,0
123772,449,195289,8,18,5,7,0,5,0,4,1,105,0.033333333,0,0,0,0,0,0,0,0,0,0,8,18,0
123789,60,907118,1,60,16,31,1,8,0,23,2,19,0.1,0,0,0,7,0,0,26,0,0,0,30,27,0
123806,62,907118,1,62,5,19,2,17,9,18,8,19,0.033333333,0,0,0,0,0,0,62,0,0,0,21,62,0
123829,844,38356,10,22,3,8,0,6,0,5,4,65,0.066666667,0,0,0,0,0,0,0,0,0,0,11,12,0
123832,87,195289,7,1,1,0,0,0,0,0,0,105,0.033333333,0,0,0,0,0,0,0,0,0,0,1,1,0
123840,141,907118,4,62,9,27,1,20,1,23,0,19,0.133333333,0,0,12,0,0,0,4,13,0,0,19,46,0
123854,19,907118,3,1,1,0,0,0,0,0,0,19,0.033333333,0,0,0,0,0,0,1,0,0,0,1,1,0
123863,223,907118,1,223,21,110,22,36,0,94,14,19,0.266666667,0,0,0,0,0,0,18,103,0,0,60,15,10
123881,19,907118,1,19,2,9,0,5,0,9,2,19,0.033333333,0,0,0,0,0,0,19,0,0,0,10,19,0
123894,162,156596,1,162,4,15,45,12,7,55,12,224,0.066666667,0,0,0,0,0,0,0,0,0,0,35,156,0
123901,12,38356,1,12,3,5,0,1,0,6,1,65,0.033333333,0,0,0,0,0,0,0,0,0,0,5,12,0
123903,143,195289,2,138,3,22,30,18,31,38,11,105,0.066666667,0,0,0,0,0,0,0,0,0,0,42,120,0
123910,144,907118,1,144,10,80,2,15,3,68,22,19,0.166666667,0,0,71,34,23,0,11,0,5,0,43,71,34
123912,89,156596,1,89,14,15,12,11,0,30,6,224,0.033333333,0,0,0,0,0,0,0,0,0,0,19,89,0
123919,1,907118,1,1,1,0,0,0,0,0,0,19,0.033333333,0,0,0,0,0,0,1,0,0,0,1,1,0
123929,26,156596,2,10,3,3,0,2,0,2,2,224,0.033333333,0,0,0,0,0,0,0,0,0,0,7,10,0
123941,7,208752,1,7,3,2,0,1,0,1,1,24,0.033333333,0,0,0,0,0,0,0,0,0,0,5,7,0
123946,306,208752,4,213,23,39,52,10,15,93,13,24,0.166666667,35,0,0,0,0,0,0,41,0,0,51,129,0
123948,9,907118,1,9,3,3,0,2,0,2,1,19,0.066666667,0,0,0,0,0,0,1,0,0,0,5,9,0
123950,44,907118,1,44,7,15,0,12,0,12,8,19,0.033333333,0,0,0,0,0,0,44,0,0,0,14,44,0
123970,1,156596,1,1,1,0,0,0,0,0,0,224,0.033333333,0,0,0,0,0,0,0,0,0,0,1,1,0
123991,25,907118,1,25,3,8,6,5,0,6,0,19,0.033333333,0,0,0,0,0,0,25,0,0,0,10,25,0
123994,251,907118,3,190,20,69,8,54,7,60,27,19,0.433333333,0,0,0,0,0,0,16,16,0,0,44,113,4
123999,35,907118,2,16,2,7,0,5,0,4,1,19,0.033333333,0,0,0,0,0,0,16,0,0,0,7,16,0
124014,210,907118,2,201,34,72,2,48,1,82,32,19,0.1,0,0,74,0,0,0,9,0,118,0,69,74,0
124016,35,208752,2,19,4,6,0,3,0,4,4,24,0.066666667,0,0,0,0,0,0,0,0,0,0,8,8,0
124020,190,907118,2,189,14,59,9,51,3,69,35,19,0.133333333,0,0,0,0,0,0,64,60,47,18,76,64,60
124022,9,156596,1,9,5,1,0,1,0,1,1,224,0.033333333,0,0,0,0,0,0,0,0,0,0,7,9,0
124033,228,195289,2,137,10,25,19,18,1,47,22,105,0.1,0,0,0,0,0,0,0,0,0,0,35,14,113
124035,220,907118,1,220,17,70,24,58,2,64,32,19,0.133333333,0,0,0,0,0,0,28,122,35,35,83,28,122
124042,19,907118,1,19,2,11,0,4,0,6,2,19,0.066666667,0,0,0,0,0,0,5,14,0,0,8,5,14
124045,582,156596,2,484,27,73,96,48,86,119,47,224,0.233333333,0,15,0,0,0,0,0,0,0,0,76,306,28
124048,49,208752,2,21,6,6,0,4,1,4,3,24,0.033333333,0,0,0,0,0,0,0,0,0,0,13,21,0
124049,2,195289,2,1,1,0,0,0,0,0,0,105,0.033333333,0,0,0,0,0,0,0,0,0,0,1,1,0
124053,103,907118,1,103,11,57,13,4,11,53,0,19,0.1,0,28,0,0,0,0,35,0,0,0,33,40,0
124076,348,907118,4,59,11,19,1,16,1,21,6,19,0.066666667,0,0,0,0,0,0,52,7,0,0,25,52,7
124103,43,38356,1,43,7,13,2,9,0,13,7,65,0.066666667,0,0,0,0,0,0,0,0,0,0,17,29,14
124108,217,195289,3,15,2,4,0,3,0,5,4,105,0.033333333,0,0,0,0,0,0,0,0,0,0,9,15,0
124111,212,208752,2,206,13,25,42,22,1,64,48,24,0.3,0,0,9,14,0,24,0,0,0,0,62,111,44
124133,6,261579,1,6,2,2,0,1,0,1,1,5,0.033333333,0,0,0,0,0,0,0,0,0,0,5,6,0
124151,12,261579,1,12,3,4,0,3,0,3,2,5,0.033333333,0,0,0,0,0,0,0,0,0,0,9,12,0
124153,230,261579,7,38,3,13,0,11,0,13,8,5,0.066666667,0,0,0,0,0,0,0,0,0,0,12,7,0
124156,1,261579,1,1,1,0,0,0,0,0,0,5,0.033333333,0,0,0,0,0,0,0,0,0,0,1,1,0
124160,17,261579,1,17,3,7,0,4,0,6,3,5,0.033333333,0,0,0,0,0,0,0,0,0,0,11,17,0
124169,45,261579,2,34,8,18,0,3,0,13,2,5,0.066666667,0,0,0,0,0,0,0,0,0,0,10,26,0
124170,1599,261579,7,197,2,90,4,59,0,87,40,5,0.2,0,0,0,0,0,0,0,0,0,0,43,97,1
124178,593,261579,1,593,53,228,71,99,65,185,61,5,0.333333333,0,0,0,0,12,0,0,0,150,0,102,197,225
124180,20,261579,1,20,4,4,0,4,1,6,3,5,0.033333333,0,0,0,0,0,0,0,0,0,0,7,20,0
124186,166,261579,3,59,8,14,0,11,10,12,9,5,0.033333333,0,0,0,0,0,0,0,0,0,0,22,59,0
124194,397,261579,2,96,6,27,0,19,28,19,13,5,0.033333333,0,0,0,0,0,0,0,0,0,0,27,96,0
124197,18,261579,1,18,2,5,0,3,0,7,2,5,0.033333333,0,0,0,0,0,0,0,0,0,0,7,18,0
124207,7,261579,1,7,5,0,0,0,1,0,0,5,0.066666667,0,0,0,0,0,0,0,0,0,0,4,5,2
124216,106,261579,7,72,12,20,0,15,14,11,11,5,0.1,0,0,0,0,0,0,0,0,0,0,18,3,0
124219,6,261579,1,6,2,2,0,1,0,1,1,5,0.033333333,0,0,0,0,0,0,0,0,0,0,5,6,0
124227,52,261579,2,28,11,3,0,2,10,2,1,5,0.1,0,0,0,0,0,0,0,0,0,0,10,26,2
124241,450,261579,5,1,1,0,0,0,0,0,0,5,0.033333333,0,0,0,0,0,0,0,0,0,0,1,1,0
124260,26,261579,1,26,8,10,0,1,4,6,0,5,0.033333333,0,0,0,0,0,0,0,0,0,0,9,26,0
124269,64,261579,3,1,1,0,0,0,0,0,0,5,0.033333333,0,0,0,0,0,0,0,0,0,0,1,1,0
124273,80,261579,1,80,10,24,0,12,9,34,7,5,0.133333333,0,0,6,0,0,0,0,0,0,0,22,19,41
124290,22,261579,2,1,1,0,0,0,0,0,0,5,0.033333333,0,0,0,0,0,0,0,0,0,0,1,1,0
124297,8,261579,2,7,2,2,0,1,1,1,1,5,0.033333333,0,0,0,0,0,0,0,0,0,0,5,7,0
124304,6,261579,1,6,2,2,0,1,0,1,1,5,0.033333333,0,0,0,0,0,0,0,0,0,0,4,6,0
124316,12,89830,1,12,5,2,0,1,1,2,1,108,0.066666667,0,0,0,0,0,0,0,0,0,0,6,1,0
124320,50,89830,3,14,3,4,0,2,0,4,2,108,0.066666667,0,0,0,0,0,0,0,0,0,0,6,10,0
124321,31,89830,1,31,6,7,0,0,10,7,5,108,0.033333333,0,0,0,0,0,0,0,0,0,0,9,31,0
124328,75,89830,2,7,2,2,0,1,0,2,1,108,0.033333333,0,0,0,0,0,0,0,0,0,0,5,7,0
124331,17,89830,1,17,6,7,0,4,0,2,0,108,0.066666667,0,0,0,0,0,0,0,0,0,0,7,11,0
124332,1,89830,1,1,1,0,0,0,0,0,0,108,0.033333333,0,0,0,0,0,0,0,0,0,0,1,1,0
124339,7,89830,1,7,3,2,0,1,0,1,1,108,0.033333333,0,0,0,0,0,0,0,0,0,0,6,7,0
124340,83,89830,7,2,2,0,0,0,0,0,0,108,0.033333333,0,0,0,0,0,0,0,0,0,0,2,2,0
124342,3,89830,1,3,3,0,0,0,0,0,0,108,0.033333333,0,0,0,0,0,0,0,0,0,0,2,3,0
124345,612,89830,5,5,3,2,0,0,0,1,0,108,0.033333333,0,0,0,0,0,0,0,0,0,0,4,5,0
124349,47,89830,3,5,1,2,0,1,0,1,1,108,0.033333333,0,0,0,0,0,0,0,0,0,0,4,5,0
124354,46,89830,2,5,1,2,0,1,0,1,1,108,0.033333333,0,0,0,0,0,0,0,0,0,0,4,5,0
124370,9,89830,1,9,2,3,0,2,0,2,2,108,0.033333333,0,0,0,0,0,0,0,0,0,0,7,9,0
124382,2,89830,1,2,2,0,0,0,0,0,0,108,0.033333333,0,0,0,0,0,0,0,0,0,0,1,2,0
124387,18,89830,1,18,6,6,0,4,1,3,1,108,0.033333333,0,0,0,0,0,0,0,0,0,0,9,18,0
124396,2,89830,1,2,2,0,0,0,0,0,0,108,0.033333333,0,0,0,0,0,0,0,0,0,0,2,2,0
124405,48,89830,2,9,3,2,0,1,1,1,1,108,0.066666667,0,0,0,0,0,0,0,0,0,0,5,5,0
124408,16,89830,1,16,2,3,6,2,0,5,0,108,0.033333333,0,0,0,0,0,0,0,0,0,0,6,16,0
124420,1705,261579,5,32,4,12,0,9,2,7,5,5,0.033333333,0,0,0,0,0,0,0,0,0,0,8,32,0
124435,1135,261579,4,247,21,82,13,54,53,58,21,5,0.3,56,23,24,0,0,0,0,0,0,41,61,34,101
124439,271,261579,2,6,2,2,0,1,0,1,1,5,0.033333333,0,0,0,0,0,0,0,0,0,0,5,6,0
124448,26,261579,2,12,3,4,0,3,0,3,2,5,0.033333333,0,0,0,0,0,0,0,0,0,0,7,12,0
124455,348,261579,4,12,5,4,0,1,0,4,1,5,0.033333333,0,0,0,0,0,0,0,0,0,0,8,12,0
124461,9,261579,1,9,2,3,0,2,0,2,2,5,0.033333333,0,0,0,0,0,0,0,0,0,0,6,9,0
124480,11,261579,1,11,2,4,0,3,0,3,2,5,0.033333333,0,0,0,0,0,0,0,0,0,0,7,11,0
124481,185,261579,1,185,28,59,0,4,89,40,3,5,0.133333333,0,0,0,0,0,0,0,0,0,0,20,36,0
124491,19,261579,1,19,3,13,0,2,0,10,1,5,0.033333333,0,0,0,0,0,0,0,0,0,0,12,19,0
124512,158,261579,2,122,14,35,0,27,27,26,16,5,0.166666667,0,22,0,0,0,0,0,0,0,0,34,20,64
124520,109,261579,3,11,6,2,0,1,1,1,1,5,0.1,0,0,0,0,0,0,0,0,0,2,5,9,2
124528,56,261579,1,56,9,13,0,12,9,14,10,5,0.033333333,0,0,0,0,0,0,0,0,0,0,17,56,0
124545,7,261579,1,7,3,2,0,1,0,1,1,5,0.033333333,0,0,0,0,0,0,0,0,0,0,6,7,0
124560,183,261579,2,26,4,12,0,5,5,7,0,5,0.066666667,0,0,0,0,0,0,0,0,0,0,7,7,0
124562,3,261579,1,3,1,2,0,0,0,1,0,5,0.033333333,0,0,0,0,0,0,0,0,0,0,3,3,0
124581,1,261579,1,1,1,0,0,0,0,0,0,5,0.033333333,0,0,0,0,0,0,0,0,0,0,1,1,0
124584,8,261579,1,8,3,2,0,0,3,1,0,5,0.033333333,0,0,0,0,0,0,0,0,0,0,5,8,0
124589,23,261579,1,23,2,7,0,6,0,7,6,5,0.033333333,0,0,0,0,0,0,0,0,0,0,13,23,0
124600,99,261579,1,99,16,21,0,15,39,11,6,5,0.066666667,0,0,0,0,0,0,0,0,0,0,13,77,0
124603,156,261579,2,5,1,2,0,1,0,1,1,5,0.033333333,0,0,0,0,0,0,0,0,0,0,4,5,0
124606,39,261579,1,39,9,9,0,6,2,9,4,5,0.066666667,0,0,0,0,0,0,0,0,0,0,12,8,31
124607,13,261579,1,13,1,6,0,3,0,5,3,5,0.033333333,0,0,0,0,0,0,0,0,0,0,5,13,0
124611,1061,261579,6,106,11,46,0,37,0,38,4,5,0.233333333,0,0,0,0,0,0,0,0,0,0,35,14,69
124615,6,261579,1,6,3,1,0,1,0,1,1,5,0.033333333,0,0,0,0,0,0,0,0,0,0,6,6,0
124628,6,261579,1,6,2,2,0,1,0,1,1,5,0.033333333,0,0,0,0,0,0,0,0,0,0,5,6,0
124633,9,261579,1,9,2,3,0,2,0,2,2,5,0.033333333,0,0,0,0,0,0,0,0,0,0,7,9,0
124640,367,261579,4,42,12,9,11,7,0,6,2,5,0.166666667,0,0,0,0,0,11,0,0,0,0,15,5,1
124652,517,878119,3,326,23,86,44,68,2,98,52,20,0.366666667,105,13,0,4,0,92,0,0,12,0,81,50,105
124663,230,878119,21,2,2,0,0,0,0,0,0,20,0.066666667,0,0,0,0,0,0,0,0,0,0,1,2,0
124669,340,334927,2,8,3,5,0,0,0,4,0,7,0.033333333,0,0,0,0,0,8,0,0,0,0,5,8,0
124690,19,878119,1,19,7,7,0,3,0,4,2,20,0.033333333,0,0,0,0,0,0,0,0,0,0,12,19,0
124692,40,334927,1,40,5,12,3,10,0,9,8,7,0.066666667,0,0,0,0,0,32,0,0,0,0,21,8,0
124699,53,878119,1,53,7,11,12,8,0,17,4,20,0.033333333,0,0,0,0,0,0,0,0,0,0,17,53,0
124702,522,148500,4,515,72,94,109,28,31,232,17,29,0.4,40,0,0,7,4,0,0,0,0,0,66,45,2
124708,2,334927,1,2,2,0,0,0,0,0,0,7,0.033333333,0,0,0,0,0,2,0,0,0,0,2,2,0
124710,1,878119,1,1,1,0,0,0,0,0,0,20,0.033333333,0,0,0,0,0,0,0,0,0,0,1,1,0
124714,70,878119,1,70,13,21,7,11,8,19,2,20,0.133333333,0,0,0,0,0,0,0,0,0,0,21,17,6
124715,500,334927,3,475,45,151,51,58,95,92,22,7,0.2,14,0,0,0,0,73,0,0,0,0,50,31,45
124722,66,878119,3,44,16,15,7,2,1,8,0,20,0.1,0,0,0,0,0,0,0,0,0,0,18,3,1
124726,246,878119,1,246,17,93,14,68,13,68,37,20,0.466666667,0,27,2,0,43,10,0,3,1,6,72,105,1
124731,23,148500,1,23,10,5,0,4,0,5,4,29,0.1,0,0,0,0,0,0,0,0,0,0,7,13,0
124737,222,878119,1,222,45,98,36,9,2,92,1,20,0.3,42,9,0,0,0,0,48,29,9,0,58,42,28
124746,10,878119,1,10,2,5,0,1,0,5,1,20,0.033333333,0,0,0,0,0,0,0,0,0,0,7,10,0
124749,37,334927,1,37,7,28,0,1,0,23,1,7,0.066666667,0,0,0,0,0,1,0,0,0,0,12,37,0
124751,19,878119,1,19,3,10,0,4,0,7,2,20,0.033333333,0,0,0,0,0,0,0,0,0,0,10,19,0
124754,49,334927,1,49,6,18,3,13,0,11,8,7,0.066666667,0,0,0,0,0,44,0,5,0,0,23,44,0
124760,584,334927,5,1,1,0,0,0,0,0,0,7,0.033333333,0,0,0,0,0,1,0,0,0,0,1,1,0
124761,584,148500,5,1,1,0,0,0,0,0,0,29,0.033333333,0,0,0,0,0,0,0,0,0,0,1,1,0
124777,202,878119,3,85,10,25,10,20,5,19,10,20,0.066666667,0,0,0,0,0,0,0,0,0,0,37,85,0
124788,1637,878119,5,1,1,0,0,0,0,0,0,20,0.033333333,0,0,0,0,0,0,0,0,0,0,1,1,0
124791,144,878119,1,144,78,36,11,11,1,30,3,20,0.533333333,0,0,0,0,0,0,8,11,5,0,33,40,40
124797,174,43183,1,174,16,31,35,18,3,56,17,24,0.233333333,2,3,0,0,0,0,0,0,0,0,41,71,51
124810,145,334927,3,1,1,0,0,0,0,0,0,7,0.033333333,0,0,0,0,0,1,0,0,0,0,1,1,0
124811,2,878119,1,2,2,0,0,0,0,0,0,20,0.033333333,0,0,0,0,0,0,0,0,0,0,2,2,0
124812,51,878119,1,51,2,17,4,15,0,17,10,20,0.033333333,0,0,0,0,0,0,0,0,0,0,31,51,0
124814,1,878119,1,1,1,0,0,0,0,0,0,20,0.033333333,0,0,0,0,0,0,0,0,0,0,1,1,0
124815,27,878119,1,27,7,7,0,4,2,7,2,20,0.066666667,6,0,0,0,0,0,0,0,0,0,13,21,6
124821,1369,878119,5,1,1,0,0,0,0,0,0,20,0.033333333,0,0,0,0,0,0,0,0,0,0,1,1,0
124825,76,878119,1,76,20,32,0,13,3,15,8,20,0.133333333,21,0,0,0,0,0,0,30,0,0,17,31,0
124833,5,878119,1,5,2,3,0,0,0,2,0,20,0.033333333,0,0,0,0,0,0,0,0,0,0,5,5,0
124835,61,334927,2,19,12,3,0,1,2,3,1,7,0.133333333,0,0,0,9,7,2,1,0,0,0,7,9,7
124836,75,34988,2,73,11,5,20,0,2,23,1,108,0.066666667,0,0,0,0,0,0,0,0,0,0,16,61,0
124850,214,878119,2,163,34,64,6,34,10,36,10,20,0.133333333,0,0,0,5,0,0,0,0,0,0,41,85,78
124856,464,878119,7,61,11,30,2,15,0,19,3,20,0.133333333,0,0,0,0,0,0,0,0,0,0,23,25,0
124864,127,878119,3,28,3,13,0,9,0,10,3,20,0.066666667,0,0,0,0,0,0,0,0,0,0,11,28,0
124876,1,43183,1,1,1,0,0,0,0,0,0,24,0.033333333,0,1,0,0,0,0,0,0,0,0,1,1,0
124882,34,878119,1,34,1,17,4,1,2,17,1,20,0.033333333,0,0,0,0,0,0,0,0,0,0,13,34,0
124884,4,878119,1,4,2,2,0,0,0,1,0,20,0.033333333,0,0,0,0,0,0,0,0,0,0,4,4,0
124888,5,334927,1,5,2,2,0,1,0,1,0,7,0.033333333,0,0,0,0,0,5,0,0,0,0,4,5,0
124896,66,334927,2,20,5,9,0,5,0,6,1,7,0.066666667,0,0,0,0,0,11,0,0,0,0,10,20,0
124905,174,334927,1,174,29,41,28,29,17,26,12,7,0.233333333,11,0,11,0,0,33,36,0,0,0,41,118,1
124920,219,148500,5,8,4,4,0,0,0,1,0,29,0.066666667,5,0,0,0,0,0,0,0,0,0,5,8,0
124924,503,21560,4,1,1,0,0,0,0,0,0,9,0.033333333,0,0,0,0,0,0,0,0,0,0,1,1,0
124934,37,334927,1,37,5,20,9,1,1,15,0,7,0.033333333,0,0,0,0,0,37,0,0,0,0,16,37,0
124940,263,878119,1,263,23,116,76,4,13,104,2,20,0.366666667,0,6,0,4,0,52,0,0,37,0,76,17,101
124949,676,148500,3,237,20,83,16,40,12,93,20,29,0.166666667,0,0,0,0,22,0,0,41,147,0,48,16,33
124964,179,334927,2,120,7,35,13,29,0,44,15,7,0.1,0,0,0,0,0,16,0,0,0,0,29,58,0
124966,169,43183,5,18,3,7,0,2,0,9,4,24,0.033333333,0,18,0,0,0,0,0,0,0,0,8,18,0
124974,235,878119,2,202,21,66,7,49,26,43,28,20,0.333333333,22,30,0,0,0,0,0,0,0,0,35,44,50
124983,124,334927,3,23,4,9,0,6,0,4,4,7,0.1,0,0,6,7,0,10,0,0,0,0,10,6,7
124985,2,334927,2,1,1,0,0,0,0,0,0,7,0.033333333,0,0,0,0,0,1,0,0,0,0,1,1,0
124992,2,878119,2,1,1,0,0,0,0,0,0,20,0.033333333,0,0,0,0,0,0,0,0,0,0,1,1,0
125000,180,334927,3,168,24,60,14,45,0,37,22,7,0.266666667,9,0,7,0,0,12,1,0,0,0,46,34,76
125008,626,334927,4,25,8,10,0,5,0,3,2,7,0.133333333,0,0,0,0,0,4,0,0,0,0,7,10,0
125032,11,878119,1,11,3,6,0,1,0,3,1,20,0.033333333,0,0,0,0,0,0,0,0,0,0,7,11,0
125046,72,878119,2,66,8,18,20,13,0,17,2,20,0.1,24,0,0,0,0,0,0,0,0,0,22,48,0
125054,65,43183,6,1,1,0,0,0,0,0,0,24,0.033333333,0,1,0,0,0,0,0,0,0,0,1,1,0
125059,32,878119,2,2,2,0,0,0,0,0,0,20,0.033333333,0,0,0,0,0,0,0,0,0,0,2,2,0
125083,2,334927,1,2,2,0,0,0,0,0,0,7,0.033333333,0,0,0,0,0,2,0,0,0,0,2,2,0
125096,171,21560,2,1,1,0,0,0,0,0,0,9,0.033333333,0,0,0,0,0,0,0,0,0,0,1,1,0
125106,85,878119,2,70,13,46,3,4,0,30,3,20,0.133333333,17,19,0,0,0,0,0,0,0,0,26,42,19
125142,2,334927,1,2,2,0,0,0,0,0,0,7,0.033333333,0,0,0,0,0,2,0,0,0,0,2,2,0
125146,1,21560,1,1,1,0,0,0,0,0,0,9,0.033333333,0,0,0,0,0,0,0,0,0,0,1,1,0
125157,1220,334927,2,380,62,93,48,63,52,42,16,7,0.366666667,0,12,91,0,12,4,0,0,0,27,40,88,153
125167,3,334927,3,1,1,0,0,0,0,0,0,7,0.033333333,0,0,0,0,0,1,0,0,0,0,1,1,0
125168,3,148500,3,1,1,0,0,0,0,0,0,29,0.033333333,0,0,0,0,0,0,0,0,0,0,1,1,0
125188,1,334927,1,1,1,0,0,0,0,0,0,7,0.033333333,0,0,0,0,0,1,0,0,0,0,1,1,0
125191,135,878119,3,10,1,4,0,3,0,3,2,20,0.033333333,0,0,0,0,0,0,0,0,0,0,7,10,0
125193,48,334927,5,15,3,11,0,0,0,8,1,7,0.066666667,0,0,0,0,0,9,0,0,0,0,10,6,0
125195,10,334927,1,10,4,3,0,3,0,2,0,7,0.033333333,0,0,0,0,0,10,0,0,0,0,5,10,0
125198,1,878119,1,1,1,0,0,0,0,0,0,20,0.033333333,0,0,0,0,0,0,0,0,0,0,1,1,0
125218,6,334927,1,6,2,2,0,1,0,1,1,7,0.033333333,0,0,0,0,0,6,0,0,0,0,5,6,0
125221,23,334927,1,23,2,16,3,1,0,15,0,7,0.033333333,0,0,0,0,0,23,0,0,0,0,12,23,0
125222,2,334927,1,2,2,0,0,0,0,0,0,7,0.033333333,0,0,0,0,0,2,0,0,0,0,2,2,0
125235,230,878119,2,62,2,24,9,19,2,22,3,20,0.166666667,19,0,0,0,20,0,0,0,2,0,19,1,39
125236,18,878119,1,18,6,9,0,1,0,3,1,20,0.066666667,16,2,0,0,0,0,0,0,0,0,11,16,2
125240,10,21560,3,1,1,0,0,0,0,0,0,9,0.033333333,0,0,0,0,0,0,0,0,0,0,1,1,0
125242,1,334927,1,1,1,0,0,0,0,0,0,7,0.033333333,0,0,0,0,0,1,0,0,0,0,1,1,0
125285,227,878119,2,222,26,86,9,64,3,77,19,20,0.233333333,0,2,0,0,0,0,0,0,0,0,54,79,18
125296,686,878119,4,188,21,57,36,36,11,42,16,20,0.166666667,0,0,0,0,5,0,0,0,0,0,48,128,16
125308,873,260769,4,330,16,71,89,62,2,77,45,0,0.233333333,0,0,0,0,0,0,0,0,5,107,116,152,168
125328,369,878119,2,68,11,44,8,3,0,35,2,20,0.133333333,0,0,0,0,0,19,10,0,0,0,34,21,18
125329,52,878119,2,10,3,6,0,1,0,5,0,20,0.033333333,0,0,0,0,0,0,0,0,0,0,9,10,0
125341,57,878119,2,52,13,24,6,4,0,16,2,20,0.166666667,0,0,0,0,0,0,0,0,0,0,24,9,22
125353,73,43183,1,73,8,7,39,7,1,14,4,24,0.066666667,0,0,0,0,19,0,0,0,0,0,34,54,19
125360,17,260769,2,11,2,3,4,2,0,2,0,0,0.033333333,0,0,0,0,0,0,0,0,0,11,7,11,0
125378,875,260769,3,551,33,238,53,97,1,228,81,0,0.266666667,0,0,16,0,0,0,23,169,113,23,101,60,13
125383,1004,878119,6,15,6,7,0,2,0,4,0,20,0.1,0,0,0,5,0,0,0,0,0,0,8,1,0
125385,6,46603,1,6,2,2,0,1,0,1,1,5,0.033333333,0,0,0,0,0,0,0,0,6,0,5,6,0
125402,597,46603,10,189,45,66,16,4,50,29,3,5,0.3,10,23,0,0,0,0,44,5,24,0,32,48,0
125412,82,334927,1,82,9,27,11,20,2,19,10,7,0.133333333,0,0,0,4,0,0,0,0,0,0,24,16,18
125413,51,878119,1,51,12,21,0,13,0,17,4,20,0.1,0,0,0,0,0,0,0,0,0,0,15,36,9
125418,53,334927,2,2,2,0,0,0,0,0,0,7,0.033333333,0,0,0,2,0,0,0,0,0,0,2,2,0
125420,3,334927,2,2,2,0,0,0,0,0,0,7,0.033333333,0,0,0,2,0,0,0,0,0,0,2,2,0
125430,191,334927,5,33,6,16,0,5,4,5,2,7,0.133333333,0,0,0,6,0,0,0,0,0,0,11,16,0
125434,1,43183,1,1,1,0,0,0,0,0,0,24,0.033333333,0,0,0,0,0,0,0,0,0,0,1,1,0
125435,16,878119,1,16,6,5,0,0,5,2,0,20,0.1,0,0,0,0,0,0,0,0,0,0,6,4,0
125443,77,334927,1,77,15,23,0,16,9,14,11,7,0.066666667,0,0,0,58,19,0,0,0,0,0,16,58,19
125448,1,878119,1,1,1,0,0,0,0,0,0,20,0.033333333,0,0,0,0,0,0,0,0,0,0,1,1,0
125449,58,878119,1,58,7,25,0,18,0,18,6,20,0.033333333,0,0,0,0,0,0,0,0,0,0,14,58,0
125454,5,878119,1,5,1,4,0,0,0,3,0,20,0.033333333,0,0,0,0,0,0,0,0,0,0,5,5,0
125472,3,334927,3,1,1,0,0,0,0,0,0,7,0.033333333,0,0,0,1,0,0,0,0,0,0,1,1,0
125473,94,878119,1,94,9,39,4,24,1,28,15,20,0.133333333,0,5,0,0,0,0,0,0,0,0,23,29,13
125474,34,250865,2,2,2,0,0,0,0,0,0,34,0.033333333,0,0,0,0,0,0,0,0,0,2,2,2,0
125483,3,878119,1,3,3,0,0,0,0,0,0,20,0.033333333,0,0,0,0,0,0,0,0,0,0,2,3,0
125490,181,250865,2,69,1,5,44,1,5,13,0,34,0.033333333,0,0,0,0,0,0,0,0,0,69,14,69,0
125495,1,148500,1,1,1,0,0,0,0,0,0,29,0.033333333,0,0,0,0,0,0,0,0,0,0,1,1,0
125497,17,148500,1,17,4,7,0,4,0,3,2,29,0.066666667,0,0,0,0,0,0,0,0,0,0,7,10,0
125501,460,250865,1,460,19,80,90,66,57,158,21,34,0.233333333,0,52,0,0,0,108,0,0,0,48,77,71,48
125521,355,140022,2,332,5,44,113,37,0,106,39,232,0.1,0,0,0,0,0,28,128,0,0,176,82,28,128
125537,382,260769,2,145,8,47,0,44,3,42,42,0,0.066666667,0,0,0,0,0,0,0,0,0,126,82,19,126
125545,24,878119,1,24,6,13,0,1,2,10,1,20,0.066666667,1,0,0,0,0,0,0,0,0,0,13,23,0
125559,207,878119,3,182,18,75,41,16,5,69,6,20,0.266666667,0,0,15,0,3,0,0,4,86,0,47,117,15
125561,116,46603,5,2,2,0,0,0,0,0,0,5,0.033333333,0,0,0,0,0,0,0,0,2,0,1,2,0
125570,51,250865,8,30,4,4,0,3,9,9,2,34,0.066666667,0,0,0,0,0,0,0,0,0,1,8,30,0
125576,26,250865,1,26,7,5,0,3,7,5,1,34,0.033333333,0,0,0,0,0,0,0,0,0,26,11,26,0
125592,1,43183,1,1,1,0,0,0,0,0,0,24,0.033333333,0,0,0,0,0,0,0,0,0,0,1,1,0
125593,169,334927,4,1,1,0,0,0,0,0,0,7,0.033333333,0,0,0,1,0,0,0,0,0,0,1,1,0
125599,140,878119,1,140,11,64,9,45,0,45,10,20,0.266666667,0,0,0,0,2,0,0,31,0,0,40,24,0
125606,9,334927,1,9,8,0,0,0,0,0,0,7,0.033333333,0,0,0,9,0,0,0,0,0,0,5,9,0
125617,2,878119,1,2,2,0,0,0,0,0,0,20,0.033333333,0,0,0,0,0,0,0,0,0,0,2,2,0
125618,200,878119,2,199,26,85,12,44,2,74,21,20,0.233333333,0,48,0,0,0,22,0,5,42,0,56,109,15
125636,4,334927,3,1,1,0,0,0,0,0,0,7,0.033333333,0,0,0,1,0,0,0,0,0,0,1,1,0
125642,3,250865,3,1,1,0,0,0,0,0,0,34,0.033333333,0,0,0,0,0,0,0,0,0,1,1,1,0
125643,4,43183,1,4,3,0,0,0,0,0,0,24,0.033333333,0,0,0,0,0,0,0,0,0,0,4,4,0
125657,265,878119,2,114,3,58,36,2,0,63,1,20,0.066666667,0,0,0,0,0,0,0,0,0,0,37,44,0
125658,8,148500,2,2,2,0,0,0,0,0,0,29,0.066666667,0,0,0,0,0,0,0,0,0,0,1,2,0
125661,11,878119,1,11,5,3,0,2,0,2,1,20,0.033333333,0,0,0,0,0,0,0,0,0,0,8,11,0
125688,1,260769,1,1,1,0,0,0,0,0,0,0,0.033333333,0,0,0,0,0,0,0,0,0,1,1,1,0
125689,117,878119,4,11,2,9,0,0,0,6,0,20,0.033333333,0,0,0,0,0,0,0,0,0,0,8,11,0
125693,1,148500,1,1,1,0,0,0,0,0,0,29,0.033333333,0,0,0,0,0,0,0,0,0,0,1,1,0
125695,583,250865,2,369,12,76,136,2,13,135,5,34,0.2,63,99,0,0,0,0,0,0,0,13,45,133,0
125709,755,46603,3,10,2,4,0,2,0,3,2,5,0.033333333,0,0,0,0,0,0,0,0,10,0,5,10,0
125711,152,260769,2,1,1,0,0,0,0,0,0,0,0.033333333,0,0,0,0,0,0,0,0,0,1,1,1,0
125722,3,878119,1,3,3,0,0,0,0,0,0,20,0.033333333,0,0,0,0,0,0,0,0,0,0,2,3,0
125724,96,878119,3,81,15,31,0,22,0,21,11,20,0.3,0,0,11,7,0,0,0,0,0,0,21,34,0
125726,30,250865,2,10,3,2,0,1,0,3,2,34,0.033333333,0,0,0,0,0,0,0,0,0,10,6,10,0
125734,164,878119,4,59,8,42,3,2,0,37,4,20,0.1,0,0,0,0,0,0,0,0,0,0,24,1,0
125739,215,878119,1,215,30,94,62,6,2,74,3,20,0.266666667,0,0,15,0,0,0,33,0,26,0,68,25,15
125742,11,878119,1,11,1,6,0,4,0,5,0,20,0.033333333,0,0,0,0,0,0,0,0,0,0,6,11,0
125746,160,334927,4,7,6,0,0,0,0,0,0,7,0.066666667,0,0,6,1,0,0,0,0,0,0,4,6,1
125752,211,334927,3,207,9,73,19,64,0,60,35,7,0.233333333,10,0,0,10,0,0,56,40,0,6,51,59,10
125753,1,34988,1,1,1,0,0,0,0,0,0,108,0.033333333,0,1,0,0,0,0,0,0,0,0,1,1,0
125756,4,148500,1,4,2,2,0,0,0,1,0,29,0.033333333,0,0,0,0,0,0,0,0,0,0,4,4,0
125763,6,334927,1,6,2,2,0,1,0,1,1,7,0.033333333,0,0,0,6,0,0,0,0,0,0,5,6,0
125765,30,250865,1,30,4,12,0,8,0,8,4,34,0.066666667,0,0,0,0,29,0,0,0,0,1,14,29,0
125768,9,46603,1,9,5,2,0,1,0,1,1,5,0.033333333,0,0,0,0,0,0,0,0,9,0,6,9,0
125775,17,43183,2,2,2,0,0,0,0,0,0,24,0.033333333,0,0,0,0,0,0,0,0,0,0,2,2,0
125789,102,46603,3,1,1,0,0,0,0,0,0,5,0.033333333,0,0,0,0,0,0,0,0,1,0,1,1,0
125790,102,334927,3,1,1,0,0,0,0,0,0,7,0.033333333,0,0,0,1,0,0,0,0,0,0,1,1,0
125791,100,878119,4,35,12,12,0,7,1,7,2,20,0.066666667,0,0,0,0,0,0,20,0,0,0,17,15,0
125809,2,43183,1,2,2,0,0,0,0,0,0,24,0.033333333,0,0,0,0,0,0,0,0,0,0,2,2,0
125812,4,34988,1,4,4,0,0,0,0,0,0,108,0.033333333,0,4,0,0,0,0,0,0,0,0,2,4,0
125814,2,334927,1,2,2,0,0,0,0,0,0,7,0.033333333,0,0,0,2,0,0,0,0,0,0,2,2,0
125827,35,250865,1,35,2,15,6,1,0,21,3,34,0.033333333,0,0,0,0,0,0,0,0,0,35,10,35,0
125828,12,140022,1,12,4,2,0,1,0,4,2,232,0.033333333,0,0,0,0,0,0,0,0,0,12,5,12,0
125830,27,334927,1,27,3,15,3,1,3,13,1,7,0.033333333,0,0,0,27,0,0,0,0,0,0,16,27,0
125837,278,148500,3,1,1,0,0,0,0,0,0,29,0.033333333,0,0,0,0,0,0,0,0,0,0,1,1,0
125846,120,34988,13,1,1,0,0,0,0,0,0,108,0.033333333,0,1,0,0,0,0,0,0,0,0,1,1,0
125861,3,878119,2,2,2,0,0,0,0,0,0,20,0.033333333,0,0,0,0,0,0,0,0,0,0,2,2,0
125866,29,260769,2,28,10,8,0,6,0,5,4,0,0.033333333,0,0,0,0,0,0,0,0,0,28,10,28,0
125871,18,334927,1,18,4,8,0,5,0,3,1,7,0.066666667,0,0,0,5,0,0,0,0,0,0,7,13,0
125884,22,878119,1,22,8,5,0,5,0,5,4,20,0.066666667,0,0,0,0,0,0,0,0,0,0,9,13,9
125890,557,21560,9,190,23,89,0,45,3,62,17,9,0.233333333,0,26,36,0,4,0,0,4,0,0,34,114,36
125894,557,34988,9,70,5,23,14,10,0,24,3,108,0.133333333,0,4,0,0,0,0,0,0,0,0,13,37,0
125898,5,43183,2,4,4,0,0,0,0,0,0,24,0.033333333,0,0,0,0,0,0,0,0,0,0,2,4,0
125943,2,34988,1,2,2,0,0,0,0,0,0,108,0.066666667,0,1,0,0,0,0,0,0,0,0,1,1,1
125951,4,878119,3,2,2,0,0,0,0,0,0,20,0.033333333,0,0,0,0,0,0,0,0,0,0,2,2,0
125959,247,148500,4,2,2,0,0,0,0,0,0,29,0.066666667,0,0,0,0,0,0,0,0,0,0,2,1,0
125963,13,878119,1,13,6,4,0,2,0,1,0,20,0.033333333,0,0,0,0,0,0,0,0,0,0,8,13,0
125975,12,250865,2,6,2,2,0,1,0,1,1,34,0.033333333,0,0,0,0,0,0,0,0,0,6,5,6,0
125978,21,250865,3,6,2,2,0,1,0,1,1,34,0.033333333,0,0,0,0,0,0,0,0,0,6,5,6,0
125982,1,140022,1,1,1,0,0,0,0,0,0,232,0.033333333,0,0,0,0,0,0,0,0,0,1,1,1,0
125989,180,878119,6,25,1,16,6,0,0,17,0,20,0.133333333,0,0,0,0,0,0,0,0,0,0,12,7,0
125992,2,334927,2,1,1,0,0,0,0,0,0,7,0.033333333,0,0,0,1,0,0,0,0,0,0,1,1,0
125995,13,250865,2,12,3,4,0,2,0,3,2,34,0.033333333,0,0,0,0,0,0,0,0,0,12,5,12,0
125998,873,878119,4,253,28,72,22,52,45,44,19,20,0.4,0,8,0,4,0,0,4,67,0,0,58,33,4
126001,189,46603,3,2,2,0,0,0,0,0,0,5,0.033333333,0,0,0,0,0,0,0,0,0,2,2,2,0
126010,2,43183,1,2,2,0,0,0,0,0,0,24,0.033333333,0,0,0,0,0,0,0,0,0,0,2,2,0
126013,333,91935,1,333,16,113,40,95,3,97,51,26,0.333333333,0,0,0,0,8,0,9,0,0,0,68,238,59
126016,17,907118,1,17,9,4,0,2,1,1,0,19,0.033333333,0,0,0,0,0,0,0,0,0,0,8,17,0
126032,306,91935,2,221,22,58,59,41,3,37,28,26,0.366666667,0,0,0,34,0,0,0,5,0,0,75,61,27
126038,40,155579,1,40,7,12,2,7,3,9,5,17,0.066666667,0,0,0,0,0,0,0,0,0,0,12,15,0
126043,58,907118,1,58,8,26,0,12,0,15,9,19,0.133333333,0,0,0,0,0,0,0,0,0,0,17,21,1
126051,192,907118,4,1,1,0,0,0,0,0,0,19,0.033333333,0,0,0,0,0,0,0,0,0,0,1,1,0
126059,195,907118,2,192,21,75,8,53,8,54,22,19,0.366666667,0,0,10,0,0,0,0,17,0,0,42,69,38
126061,60,907118,5,41,1,13,6,12,0,12,7,19,0.033333333,0,0,0,0,0,0,0,0,0,0,16,41,0
126062,537,907118,6,131,36,65,10,17,0,28,0,19,0.166666667,0,0,0,0,0,0,0,0,8,0,24,17,0
126065,63,907118,1,63,8,25,8,14,0,17,4,19,0.133333333,0,0,0,0,0,0,0,0,0,0,20,23,12
126067,280,907118,1,280,52,155,2,35,21,146,7,19,0.233333333,0,0,0,0,0,0,0,0,0,0,25,54,156
126068,76,155579,4,8,3,2,0,1,0,1,1,17,0.033333333,0,0,0,0,0,0,0,0,0,0,6,8,0
126073,263,907118,6,29,5,10,0,8,1,8,4,19,0.033333333,0,0,0,0,0,0,0,0,0,0,12,29,0
126074,5,907118,1,5,1,3,0,1,0,2,0,19,0.033333333,0,0,0,0,0,0,0,0,0,0,4,5,0
126078,648,155579,3,394,19,125,39,50,26,167,47,17,0.266666667,0,0,0,0,0,0,0,0,0,0,52,166,0
126079,5,907118,1,5,2,2,0,1,0,1,0,19,0.033333333,0,0,0,0,0,0,0,0,0,0,3,5,0
126085,267,907118,5,12,11,0,0,0,1,0,0,19,0.066666667,0,0,0,0,0,0,0,0,0,0,4,2,0
126091,7,907118,1,7,1,3,0,2,0,2,1,19,0.033333333,0,0,0,0,0,0,0,0,0,0,5,7,0
126104,43,907118,1,43,7,15,2,13,0,12,6,19,0.033333333,0,0,0,0,0,0,0,0,0,0,21,43,0
126117,507,907118,3,440,32,138,41,66,81,119,50,19,0.4,0,0,0,0,29,0,0,4,124,5,81,283,25
126119,1,907118,1,1,1,0,0,0,0,0,0,19,0.033333333,0,0,0,0,0,0,0,0,0,0,1,1,0
126121,119,907118,2,104,27,34,9,26,5,23,0,19,0.166666667,0,0,0,0,0,0,0,0,0,0,22,81,6
126122,6,155579,1,6,3,2,0,1,0,1,0,17,0.033333333,0,0,0,0,0,0,0,0,0,0,4,6,0
126131,167,907118,1,167,28,45,12,36,17,39,17,19,0.133333333,0,0,0,0,0,0,0,53,0,0,37,35,0
126141,113,907118,2,111,7,45,5,37,0,33,17,19,0.133333333,0,0,0,0,0,0,0,0,0,0,36,9,45
126142,98,907118,2,63,12,22,0,12,14,13,2,19,0.066666667,0,0,0,0,0,0,0,0,0,0,16,57,6
126155,299,907118,5,272,50,72,24,57,24,55,28,19,0.333333333,0,0,0,0,0,0,8,68,3,0,64,174,3
126172,245,907118,1,245,33,89,22,63,1,63,32,19,0.3,0,0,31,0,0,0,0,0,42,26,79,108,0
126185,400,907118,6,196,26,64,21,37,3,46,16,19,0.266666667,0,9,0,0,0,0,0,0,71,0,50,104,20
126186,2,907118,1,2,2,0,0,0,0,0,0,19,0.033333333,0,0,0,0,0,0,0,0,0,0,2,2,0
126193,11,907118,1,11,1,5,0,3,0,4,2,19,0.033333333,0,0,0,0,0,0,0,0,0,0,8,11,0
126200,8,907118,1,8,3,4,0,1,0,3,0,19,0.066666667,0,0,0,0,0,0,0,0,0,0,5,5,0
126208,5,907118,1,5,1,3,0,1,0,2,0,19,0.033333333,0,0,0,0,0,0,0,0,0,0,4,5,0
126209,953,907118,2,380,42,133,33,83,6,119,47,19,0.4,0,0,0,18,0,0,24,99,0,0,81,46,18
126223,24,155579,1,24,9,7,0,5,0,3,1,17,0.033333333,0,0,0,0,0,0,0,0,0,0,8,24,0
126246,114,907118,2,101,12,37,0,24,12,19,0,19,0.233333333,0,0,7,0,0,0,0,0,0,0,12,77,17
126252,113,907118,3,62,9,19,0,16,8,15,8,19,0.1,0,0,0,0,0,0,0,0,0,0,21,27,9
126259,35,91935,1,35,9,9,0,8,0,10,2,26,0.066666667,0,0,0,0,0,0,0,0,0,0,8,12,0
126272,126,155579,3,2,2,0,0,0,0,0,0,17,0.033333333,0,0,0,0,0,0,0,0,0,0,2,2,0
126289,7,907118,1,7,1,3,0,2,0,2,1,19,0.033333333,0,0,0,0,0,0,0,0,0,0,5,7,0
126299,10,907118,1,10,2,4,0,3,0,3,1,19,0.033333333,0,0,0,0,0,0,0,0,0,0,7,10,0
126312,55,155579,1,55,9,14,5,8,4,16,6,17,0.1,0,0,0,0,0,0,0,0,0,0,10,45,0
126321,271,907118,2,236,7,90,22,61,12,93,34,19,0.133333333,0,0,0,0,0,0,0,0,128,0,54,56,0
126331,19,907118,1,19,6,9,0,4,0,2,0,19,0.033333333,0,0,0,0,0,0,0,0,0,0,8,19,0
126332,19,155579,1,19,6,3,0,2,3,3,2,17,0.033333333,0,0,0,0,0,0,0,0,0,0,9,19,0
126333,4,907118,1,4,1,2,0,1,0,1,0,19,0.033333333,0,0,0,0,0,0,0,0,0,0,3,4,0
126347,9,907118,1,9,1,4,0,3,0,3,1,19,0.033333333,0,0,0,0,0,0,0,0,0,0,6,9,0
126350,70,907118,1,70,11,22,4,18,3,16,7,19,0.066666667,0,0,0,0,0,0,0,0,0,0,20,69,1
126353,23,907118,1,23,7,9,0,6,0,6,1,19,0.066666667,0,0,0,0,0,0,0,0,0,0,10,11,12
126361,390,907118,2,339,29,153,23,62,34,103,24,19,0.266666667,0,0,79,0,0,0,0,0,0,0,68,100,89
126366,71,907118,1,71,11,31,0,17,1,20,7,19,0.133333333,0,0,0,0,27,0,0,0,0,0,20,29,15
126381,70,907118,2,69,4,26,7,19,0,23,4,19,0.133333333,0,0,0,0,0,0,0,0,0,0,17,32,18
126385,10,907118,1,10,4,1,0,1,4,1,0,19,0.033333333,0,0,0,0,0,0,0,0,0,0,5,10,0
126387,128,907118,1,128,15,48,5,36,20,40,2,19,0.1,0,0,0,0,0,0,0,0,0,0,21,74,54
126402,109,907118,1,109,17,38,7,33,4,34,0,19,0.1,0,0,0,0,0,0,0,0,0,0,18,14,93
126403,22,907118,1,22,3,4,4,3,1,8,0,19,0.033333333,0,0,0,0,0,0,0,0,0,0,8,22,0
126406,171,91935,3,1,1,0,0,0,0,0,0,26,0.033333333,0,0,0,0,0,0,0,0,0,0,1,1,0
126420,13,907118,1,13,1,8,0,4,0,5,0,19,0.033333333,0,0,0,0,0,0,0,0,0,0,6,13,0
126426,87,907118,1,87,5,68,8,3,2,61,0,19,0.266666667,0,0,9,2,9,0,0,0,11,0,30,39,37
126430,14,907118,1,14,1,4,5,3,0,3,0,19,0.033333333,0,0,0,0,0,0,0,0,0,0,6,14,0
126436,236,907118,3,149,19,52,10,46,0,43,19,19,0.333333333,0,0,34,3,8,0,0,0,0,0,29,102,11
126454,145,907118,1,145,19,49,14,32,2,47,14,19,0.2,0,0,0,0,0,0,0,52,0,0,45,67,0
126468,43,907118,1,43,7,14,0,7,11,9,2,19,0.1,0,0,0,0,0,0,0,0,0,0,13,29,7
126476,15,907118,1,15,5,6,0,1,0,4,2,19,0.033333333,0,0,0,0,0,0,0,0,0,0,8,15,0
126486,112,907118,1,112,15,27,38,16,0,20,7,19,0.1,0,0,0,0,0,0,0,0,0,0,33,31,0
126487,62,907118,2,46,9,18,3,13,0,11,3,19,0.133333333,0,0,0,0,0,0,0,0,0,0,17,10,4
126490,94,907118,1,94,4,37,6,23,0,34,20,19,0.166666667,0,0,29,0,5,0,0,0,0,0,29,15,41
126493,57,907118,1,57,5,17,8,11,0,17,3,19,0.1,0,0,0,0,0,0,0,0,0,0,16,47,10
126496,403,907118,1,403,57,130,36,84,14,123,27,19,0.366666667,0,0,0,32,0,0,0,0,53,0,76,277,62
126497,178,907118,5,46,3,18,0,14,0,13,10,19,0.1,0,0,19,0,0,0,0,0,0,0,23,13,33
126504,42,907118,1,42,7,11,0,9,10,9,3,19,0.066666667,0,0,0,0,0,0,0,0,0,0,15,31,0
126507,244,907118,2,242,22,136,4,52,10,74,14,19,0.2,0,0,0,0,0,0,0,0,0,0,35,9,6
126527,118,907118,2,75,9,26,7,18,0,22,7,19,0.133333333,0,0,0,0,0,0,0,0,0,0,19,7,7
126533,77,907118,1,77,10,39,4,14,0,30,3,19,0.066666667,0,0,0,0,0,0,0,0,0,0,20,12,65
126535,22,907118,1,22,7,9,2,1,2,6,0,19,0.033333333,0,0,0,0,0,0,0,0,0,0,13,22,0
126541,66,907118,1,66,9,21,12,7,6,20,2,19,0.1,0,0,27,0,0,0,0,0,0,0,20,51,15
126542,52,907118,1,52,3,22,0,14,5,18,7,19,0.066666667,0,0,0,0,0,0,0,0,0,0,17,41,11
126554,103,907118,3,95,5,47,5,24,0,37,12,19,0.133333333,0,0,0,0,0,0,0,0,0,0,21,28,4
126563,15,907118,1,15,5,4,0,1,1,4,1,19,0.033333333,0,0,0,0,0,0,0,0,0,0,7,15,0
126569,35,907118,1,35,9,21,2,0,1,19,0,19,0.033333333,0,0,0,0,0,0,0,0,0,0,17,35,0
126575,5,89830,1,5,1,2,0,1,0,1,1,108,0.033333333,0,0,0,0,0,0,0,0,0,0,4,5,0
126578,3,907118,1,3,2,1,0,0,0,0,0,19,0.033333333,0,0,0,0,0,0,0,0,0,0,2,3,0
126590,103,907118,4,35,7,14,3,10,0,7,0,19,0.133333333,0,0,0,0,0,0,0,0,0,0,11,4,0
126596,122,907118,2,17,7,6,0,3,0,5,1,19,0.033333333,0,0,0,0,0,0,0,0,0,0,8,17,0
126635,1381,74042,6,16,2,4,0,2,6,3,2,27,0.033333333,0,0,0,0,0,0,0,0,0,0,7,16,0
126638,447,74042,3,12,3,4,0,2,2,1,1,27,0.033333333,0,0,0,0,0,0,0,0,0,0,6,12,0
126642,999,74042,6,12,4,3,0,2,0,4,2,27,0.066666667,0,0,0,0,0,0,0,0,0,0,7,7,5
126650,329,74042,2,234,16,54,49,43,0,69,26,27,0.2,0,0,0,0,0,0,0,0,51,0,64,60,71
126659,554,74042,4,7,3,2,0,1,0,1,1,27,0.033333333,0,0,0,0,0,0,0,0,0,0,5,7,0
126662,7,74042,1,7,7,0,0,0,0,0,0,27,0.033333333,0,0,0,0,0,0,0,0,0,0,2,7,0
126668,21,74042,1,21,7,9,0,0,3,4,0,27,0.066666667,0,0,0,0,0,0,0,0,0,0,6,16,0
126669,1,74042,1,1,1,0,0,0,0,0,0,27,0.033333333,0,0,0,0,0,0,0,0,0,0,1,1,0
126674,44,74042,2,43,6,12,0,8,9,8,6,27,0.066666667,0,0,0,0,0,0,0,0,0,0,14,32,11
126675,99,74042,2,12,0,3,0,2,5,2,2,27,0.033333333,0,0,0,0,0,0,0,0,0,0,5,12,0
126676,489,74042,9,1,1,0,0,0,0,0,0,27,0.033333333,0,0,0,0,0,0,0,0,0,0,1,1,0
126686,15,74042,1,15,2,5,0,3,0,6,3,27,0.033333333,0,0,0,0,0,0,0,0,0,0,8,15,0
126690,446,74042,3,5,3,2,0,0,0,1,0,27,0.066666667,0,0,0,0,0,0,0,0,0,0,4,2,0
126693,35,74042,1,35,9,8,0,4,8,7,3,27,0.066666667,0,0,0,0,0,0,0,0,0,0,8,9,26
126702,46,74042,2,24,15,4,0,1,3,2,1,27,0.066666667,0,0,0,0,0,0,0,0,0,0,8,13,11
126704,51,74042,1,51,4,20,0,14,2,13,11,27,0.066666667,0,0,0,0,0,0,0,0,0,0,18,25,26
126720,212,74042,1,212,12,52,23,42,40,46,28,27,0.133333333,0,0,0,0,0,0,0,0,0,0,46,88,34
126727,4198,74042,27,162,35,65,0,32,0,50,30,27,0.266666667,0,1,0,0,1,0,0,0,37,0,31,158,0
126740,20,74042,1,20,6,6,0,1,3,7,1,27,0.033333333,0,0,0,0,0,0,0,0,0,0,6,20,0
126755,522,74042,7,1,1,0,0,0,0,0,0,27,0.033333333,0,0,0,0,0,0,0,0,0,0,1,1,0
126757,1,74042,1,1,1,0,0,0,0,0,0,27,0.033333333,0,0,0,0,0,0,0,0,0,0,1,1,0
126760,113,74042,2,13,5,4,0,2,0,3,1,27,0.033333333,0,0,0,0,0,0,0,0,0,0,9,13,0
126766,11,74042,1,11,6,3,0,1,0,2,1,27,0.033333333,0,0,0,0,0,0,0,0,0,0,8,11,0
126771,30,74042,2,14,4,6,0,3,0,3,1,27,0.033333333,0,0,0,0,0,0,0,0,0,0,6,14,0
126773,5,74042,1,5,2,2,0,1,0,1,0,27,0.033333333,0,0,0,0,0,0,0,0,0,0,4,5,0
126787,1,74042,1,1,1,0,0,0,0,0,0,27,0.033333333,0,0,0,0,0,0,0,0,0,0,1,1,0
126794,44,74042,3,1,1,0,0,0,0,0,0,27,0.033333333,0,0,0,0,0,0,0,0,0,0,1,1,0
126795,69,74042,4,1,1,0,0,0,0,0,0,27,0.033333333,0,0,0,0,0,0,0,0,0,0,1,1,0
126807,12,74042,1,12,6,2,0,1,1,1,1,27,0.033333333,0,0,0,0,0,0,0,0,0,0,8,12,0
126809,15,74042,1,15,2,7,0,6,0,6,0,27,0.033333333,0,0,0,0,0,0,0,0,0,0,5,15,0
126812,15,74042,1,15,7,4,0,2,0,3,2,27,0.033333333,0,0,0,0,0,0,0,0,0,0,7,15,0
126819,4,74042,1,4,2,2,0,0,0,1,0,27,0.033333333,0,0,0,0,0,0,0,0,0,0,4,4,0
126839,524,21216,4,42,7,16,0,3,0,15,6,19,0.166666667,0,0,0,0,0,4,14,8,0,8,8,16,0
126841,692,21216,7,1,1,0,0,0,0,0,0,19,0.033333333,0,0,0,0,0,0,0,0,0,1,1,1,0
126842,2,21216,1,2,2,0,0,0,0,0,0,19,0.033333333,0,0,0,0,0,0,0,0,0,2,2,2,0
126853,3,21216,1,3,3,0,0,0,0,0,0,19,0.033333333,0,0,0,0,0,0,3,0,0,0,2,3,0
126857,66,21216,1,66,6,12,0,7,0,25,20,19,0.066666667,0,0,0,0,0,31,35,0,0,0,16,31,35
126864,627,21216,3,322,24,83,0,32,163,78,3,19,0.433333333,40,0,5,0,40,6,19,0,0,0,13,54,108
126866,1,21216,1,1,1,0,0,0,0,0,0,19,0.033333333,0,0,0,0,0,0,1,0,0,0,1,1,0
126881,427,21216,3,11,4,4,0,1,2,1,0,19,0.066666667,0,0,0,0,0,0,10,0,0,0,5,1,10
126886,338,21216,2,1,1,0,0,0,0,0,0,19,0.033333333,0,0,0,0,0,0,1,0,0,0,1,1,0
126891,1,21216,1,1,1,0,0,0,0,0,0,19,0.033333333,0,0,0,0,0,0,1,0,0,0,1,1,0
126892,2,21216,1,2,2,0,0,0,0,0,0,19,0.033333333,0,0,0,0,0,0,2,0,0,0,1,2,0
126898,761,41550,7,27,5,11,0,8,0,6,3,21,0.033333333,0,0,0,0,0,0,27,0,0,0,13,27,0
126900,8,41550,1,8,2,3,0,2,0,2,1,21,0.033333333,0,0,0,0,0,0,8,0,0,0,6,8,0
126906,1,41550,1,1,1,0,0,0,0,0,0,21,0.033333333,0,0,0,0,0,0,1,0,0,0,1,1,0
126908,29,41550,1,29,6,11,0,9,0,9,1,21,0.033333333,0,0,0,0,0,0,29,0,0,0,14,29,0
126914,1,41550,1,1,1,0,0,0,0,0,0,21,0.033333333,0,0,0,0,0,0,1,0,0,0,1,1,0
126926,278,195289,2,267,10,46,53,6,39,85,38,105,0.266666667,9,0,0,0,0,0,0,0,0,0,58,21,7
126928,136,907118,1,136,7,97,11,10,2,96,0,19,0.133333333,0,0,2,0,0,0,0,0,0,20,58,85,29
126948,31,907118,1,31,7,10,0,8,1,7,4,19,0.066666667,0,0,11,0,0,0,0,0,0,0,9,20,0
126960,530,156596,3,305,7,63,100,22,0,117,26,224,0.233333333,0,0,0,0,0,0,0,0,0,0,66,120,132
126967,2128,907118,5,146,25,43,2,33,23,33,14,19,0.166666667,0,0,6,0,0,0,0,0,0,15,40,32,0
126977,97,195289,1,97,5,16,27,8,0,28,13,105,0.1,0,0,0,0,0,0,0,0,0,45,29,31,66
126978,1,195289,1,1,1,0,0,0,0,0,0,105,0.033333333,0,0,0,0,0,0,0,0,0,0,1,1,0
126997,31,38356,3,1,1,0,0,0,0,0,0,65,0.033333333,0,0,0,0,0,0,0,0,0,0,1,1,0
127039,409,907118,4,222,16,73,39,66,0,76,11,19,0.233333333,0,74,43,0,0,0,0,0,0,0,62,75,73
127046,6,38356,1,6,2,2,0,0,0,1,1,65,0.033333333,0,0,0,0,0,0,0,0,0,0,5,6,0
127047,2,156596,1,2,2,0,0,0,0,0,0,224,0.033333333,0,0,0,0,0,0,0,0,0,0,1,2,0
127064,55,195289,2,49,9,20,0,10,1,12,8,105,0.066666667,0,0,0,0,0,0,0,0,0,0,15,48,0
127071,23,195289,3,10,4,3,0,2,0,2,0,105,0.033333333,0,0,0,0,0,0,0,0,0,0,6,10,0
127072,180,907118,1,180,14,61,16,53,0,50,29,19,0.233333333,0,0,0,0,0,0,0,0,34,0,66,63,30
127076,401,907118,2,298,33,108,4,84,9,93,39,19,0.133333333,0,0,0,0,0,0,0,0,0,14,70,186,7
127081,146,907118,1,146,9,56,0,49,3,53,28,19,0.1,0,107,0,3,0,0,0,0,0,0,63,107,0
127084,51,907118,2,38,5,16,0,10,0,13,7,19,0.033333333,0,0,0,0,0,0,0,0,0,0,18,38,0
127086,37,907118,1,37,11,10,0,8,1,9,5,19,0.033333333,0,0,0,0,0,0,0,0,0,0,15,37,0
127107,23,208752,1,23,2,6,0,5,0,9,6,24,0.066666667,0,0,0,0,0,0,0,0,0,0,9,10,13
127114,1,907118,1,1,1,0,0,0,0,0,0,19,0.033333333,0,0,0,0,0,0,0,0,0,0,1,1,0
127120,6,195289,1,6,4,0,0,0,1,0,0,105,0.066666667,0,0,0,0,0,0,0,0,0,0,4,2,0
127121,1741,156596,4,491,45,69,110,52,64,112,50,224,0.3,0,0,27,0,0,0,0,0,0,0,115,185,183
127123,235,907118,1,235,14,89,17,68,3,66,40,19,0.2,0,0,0,0,0,0,0,0,23,39,77,128,39
127130,209,195289,2,204,28,34,32,24,10,54,25,105,0.266666667,12,0,24,0,0,0,0,0,0,25,48,60,25
127136,29,907118,1,29,1,14,1,1,0,17,7,19,0.033333333,0,0,0,0,0,0,0,0,0,0,18,29,0
127143,85,156596,1,85,17,18,12,11,2,23,6,224,0.166666667,0,0,20,5,41,18,0,0,0,0,27,1,20
127149,138,907118,2,1,1,0,0,0,0,0,0,19,0.033333333,0,0,0,0,0,0,0,0,0,0,1,1,0
127152,206,907118,3,75,7,21,27,11,2,13,2,19,0.166666667,0,20,0,0,15,0,0,0,0,0,22,40,0
127164,25,907118,1,25,4,10,0,8,0,9,3,19,0.033333333,0,0,0,0,0,0,0,0,0,0,10,25,0
127169,122,156596,2,111,16,18,15,13,9,32,12,224,0.066666667,0,0,0,0,0,0,0,0,0,0,22,8,103
127191,132,907118,2,131,4,53,24,42,0,60,0,19,0.366666667,0,0,0,31,3,0,0,0,9,3,36,58,6
127197,26,195289,2,20,4,8,0,4,0,6,3,105,0.066666667,0,0,0,0,0,0,0,0,0,0,8,11,9
127199,30,195289,3,7,3,2,0,1,0,1,1,105,0.033333333,0,0,0,0,0,0,0,0,0,0,5,7,0
127206,164,907118,1,164,11,56,6,44,13,57,13,19,0.133333333,0,0,0,22,0,0,0,0,0,0,37,20,97
127233,51,195289,2,13,3,6,0,3,0,1,1,105,0.033333333,0,0,0,0,0,0,0,0,0,0,6,13,0
127238,396,208752,3,46,23,7,0,6,3,7,6,24,0.1,0,0,0,5,0,0,0,0,0,0,12,17,0
127244,687,195289,14,358,21,71,69,52,17,103,40,105,0.333333333,0,0,10,14,12,27,0,0,0,0,61,142,14
127246,329,156596,2,207,29,40,44,25,6,57,15,224,0.166666667,0,0,0,0,0,0,0,0,0,0,41,111,52
127248,1,38356,1,1,1,0,0,0,0,0,0,65,0.033333333,0,0,0,0,0,0,0,0,0,0,1,1,0
127249,175,156596,2,62,6,15,6,11,0,22,10,224,0.033333333,0,0,0,0,0,0,0,0,0,0,18,62,0
127254,4,38356,3,1,1,0,0,0,0,0,0,65,0.033333333,0,0,0,0,0,0,0,0,0,0,1,1,0
127265,1,907118,1,1,1,0,0,0,0,0,0,19,0.033333333,0,0,0,0,0,0,0,0,0,0,1,1,0
127270,36,907118,3,1,1,0,0,0,0,0,0,19,0.033333333,0,0,0,0,0,0,0,0,0,0,1,1,0
127277,233,156596,2,44,10,14,1,9,3,12,5,224,0.1,0,0,0,0,0,0,0,0,0,0,16,33,11
127278,13,907118,1,13,1,5,0,4,0,4,3,19,0.033333333,0,0,0,0,0,0,0,0,0,0,9,13,0
127280,48,156596,3,15,3,8,0,0,0,11,0,224,0.033333333,0,0,0,0,0,0,0,0,0,0,7,15,0
127282,4,195289,1,4,4,0,0,0,0,0,0,105,0.033333333,0,0,0,0,0,0,0,0,0,0,2,4,0
127286,77,156596,10,1,1,0,0,0,0,0,0,224,0.033333333,0,0,0,0,0,0,0,0,0,0,1,1,0
127293,12,38356,1,12,4,3,0,2,1,2,2,65,0.033333333,0,0,0,0,0,0,0,0,0,0,5,12,0
127296,32,907118,1,32,4,13,0,8,0,11,4,19,0.066666667,0,0,16,0,0,0,0,0,0,0,10,16,16
127299,381,195289,7,18,3,8,0,4,0,5,3,105,0.066666667,0,0,0,0,0,0,0,0,0,0,8,6,12
127306,156,195289,3,35,11,11,4,1,1,10,1,105,0.133333333,0,0,0,0,0,0,12,0,0,0,14,34,0
127309,7,907118,1,7,1,3,0,2,0,2,1,19,0.033333333,0,0,0,0,0,0,0,0,0,0,5,7,0
127312,29,907118,1,29,1,11,0,9,0,10,6,19,0.066666667,0,0,3,0,0,0,0,0,0,0,12,26,3
127318,12,907118,1,12,4,2,0,2,1,3,2,19,0.033333333,0,0,0,0,0,0,0,0,0,0,9,12,0
127322,300,195289,1,300,14,48,69,34,10,91,31,105,0.233333333,0,0,0,0,0,0,0,0,0,0,54,72,38
127324,276,38356,3,40,5,12,1,8,0,10,9,65,0.1,0,0,0,0,0,0,0,0,0,0,11,6,0
127332,26,907118,1,26,4,10,0,8,0,7,4,19,0.033333333,0,0,0,0,0,0,0,0,0,0,15,26,0
127336,450,907118,1,450,34,128,30,84,79,135,58,19,0.133333333,0,0,0,0,124,0,0,0,232,84,94,242,84
127338,110,907118,1,110,9,36,11,32,1,51,0,19,0.1,0,0,31,35,0,0,0,0,0,0,36,44,31
127347,68,156596,1,68,5,10,16,8,0,22,6,224,0.066666667,0,0,0,0,0,0,0,0,0,0,17,61,0
127354,16,38356,1,16,3,2,0,0,0,8,4,65,0.033333333,0,0,0,0,0,0,0,0,0,0,8,16,0
127369,203,208752,4,89,25,16,7,13,0,24,15,24,0.166666667,11,0,0,0,0,0,0,0,0,0,23,65,0
127378,182,156596,1,182,17,29,47,20,2,50,20,224,0.1,0,0,0,0,0,0,0,0,0,0,35,40,90
127388,27,907118,1,27,4,8,0,7,0,10,5,19,0.033333333,0,0,0,0,0,0,0,0,0,0,16,27,0
127392,3,156596,1,3,3,0,0,0,0,0,0,224,0.033333333,0,0,0,0,0,0,0,0,0,0,1,3,0
127399,2,907118,1,2,2,0,0,0,0,0,0,19,0.033333333,0,0,0,0,0,0,0,0,0,0,2,2,0
127409,767,208752,8,134,2,19,62,15,0,26,8,24,0.066666667,0,0,0,0,0,0,113,0,0,0,45,21,0
127412,77,907118,1,77,5,18,24,16,0,24,0,19,0.066666667,0,0,0,0,0,0,0,0,0,0,18,21,56
127414,315,907118,1,315,31,85,59,65,5,98,35,19,0.066666667,0,0,0,0,0,0,0,0,0,103,83,212,103
127432,13,38356,1,13,5,2,0,1,1,3,2,65,0.033333333,0,0,0,0,0,0,0,0,0,0,7,13,0
127438,35,907118,2,19,2,7,1,6,0,6,2,19,0.066666667,0,0,0,0,0,0,0,0,0,0,12,1,0
127445,1361,156596,9,75,13,15,1,10,12,20,10,224,0.133333333,0,0,0,0,0,0,0,0,0,0,19,30,18
127453,14,208752,1,14,3,5,0,3,0,2,2,24,0.033333333,0,0,0,0,0,0,0,0,0,0,8,14,0
127456,54,907118,1,54,9,22,1,12,2,17,4,19,0.066666667,0,0,0,0,3,0,0,0,0,0,18,51,0
127458,16,907118,1,16,2,6,0,3,0,9,1,19,0.033333333,0,0,0,0,0,0,0,0,0,0,7,16,0
127475,160,907118,1,160,18,53,11,36,5,56,16,19,0.1,0,0,55,4,0,0,0,0,0,0,58,101,55
127483,432,195289,3,97,13,18,22,12,0,27,9,105,0.066666667,0,0,0,0,0,0,0,0,0,0,27,12,85
127484,611,195289,2,567,32,31,226,28,64,129,46,105,0.166666667,2,0,0,0,0,0,0,0,78,0,167,295,270
127492,32,907118,1,32,7,13,0,9,0,6,3,19,0.133333333,0,0,6,7,0,0,0,0,0,7,10,12,13
127495,48,156596,4,29,4,7,1,6,0,10,7,224,0.066666667,0,0,0,0,0,0,0,0,0,0,12,6,23
127496,158,156596,1,158,11,29,45,17,4,46,19,224,0.166666667,20,0,0,0,0,0,0,0,0,0,47,41,23
127507,210,156596,3,108,17,18,0,15,13,40,15,224,0.033333333,0,0,0,0,0,0,0,0,0,0,18,108,0
127509,20,208752,1,20,2,3,5,1,1,5,3,24,0.033333333,0,0,0,0,0,0,0,0,0,0,11,20,0
127543,75,156596,2,46,5,20,0,8,6,14,6,224,0.033333333,0,0,0,0,0,0,0,0,0,0,11,46,0
127546,67,156596,3,56,8,17,1,10,0,17,9,224,0.066666667,0,0,0,0,0,0,0,0,0,0,11,39,17
127548,55,208752,1,55,10,5,13,4,1,13,9,24,0.033333333,0,0,0,0,0,0,0,0,0,0,21,55,0
127562,63,156596,5,15,3,5,0,4,0,4,3,224,0.066666667,0,0,0,0,0,0,0,0,0,0,10,14,0
127570,500,156596,5,218,23,50,31,30,11,72,13,224,0.266666667,0,0,0,0,0,0,0,0,0,0,36,161,16
127575,173,907118,1,173,22,59,13,43,5,60,12,19,0.133333333,0,0,0,0,0,0,0,44,29,0,45,18,0
127582,103,156596,1,103,6,15,15,9,14,33,16,224,0.066666667,0,0,0,0,0,0,0,0,0,0,24,27,76
127588,57,907118,3,36,8,12,0,9,1,8,4,19,0.1,0,0,0,0,10,0,0,0,0,0,18,5,21
127599,78,156596,2,64,12,20,4,5,16,20,0,224,0.033333333,0,0,0,0,0,0,0,0,0,0,13,64,0
127611,985,156596,3,418,36,66,90,23,37,111,38,224,0.266666667,0,0,0,0,0,0,0,0,0,0,82,260,82
127620,596,208752,4,496,44,74,86,48,3,190,85,24,0.233333333,0,74,0,0,0,188,0,0,0,0,93,111,22
127623,103,156596,3,7,1,2,0,1,0,2,2,224,0.033333333,0,0,0,0,0,0,0,0,0,0,5,7,0
127628,160,907118,1,160,14,61,2,47,0,41,30,19,0.266666667,0,0,27,0,0,0,0,0,13,20,65,56,0
127636,108,156596,1,108,11,8,19,6,4,44,20,224,0.066666667,0,0,0,0,0,0,0,0,0,0,26,62,0
127639,72,156596,2,67,8,12,16,6,1,22,4,224,0.033333333,0,0,0,0,0,0,0,0,0,0,18,67,0
127643,37,907118,1,37,5,14,1,9,0,13,5,19,0.033333333,0,0,0,0,0,0,0,0,0,0,18,37,0
127644,15,156596,1,15,4,3,1,2,0,4,3,224,0.066666667,0,0,0,0,0,0,0,0,0,0,9,15,0
127647,22,156596,2,21,2,7,2,5,1,6,3,224,0.033333333,0,0,0,0,0,0,0,0,0,0,10,21,0
127656,117,907118,1,117,24,36,0,23,19,17,9,19,0.133333333,0,0,0,0,9,0,0,0,13,0,21,42,66
127675,407,195289,3,79,8,20,13,13,0,21,11,105,0.133333333,0,0,0,0,0,0,0,0,0,0,24,22,18
127677,27,156596,1,27,1,17,0,3,0,15,5,224,0.033333333,0,0,0,0,0,0,0,0,0,0,9,27,0
127680,8,156596,1,8,1,3,0,2,0,2,2,224,0.033333333,0,0,0,0,0,0,0,0,0,0,6,8,0
127684,22,195289,2,1,1,0,0,0,0,0,0,105,0.033333333,0,0,0,0,0,0,0,0,0,0,1,1,0
127685,50,907118,1,50,14,14,0,10,0,12,7,19,0.066666667,0,0,0,0,0,0,0,0,0,0,14,29,21
127689,81,907118,1,81,6,34,3,21,0,33,8,19,0.133333333,0,0,21,1,0,0,0,0,0,41,22,18,62
127696,72,907118,1,72,8,29,1,21,0,18,11,19,0.1,0,1,0,0,0,0,0,0,0,0,32,1,39
127721,6,907118,2,1,1,0,0,0,0,0,0,19,0.033333333,0,0,0,0,0,0,0,0,0,0,1,1,0
127741,5,156596,1,5,1,2,0,1,0,1,1,224,0.033333333,0,0,0,0,0,0,0,0,0,0,4,5,0
127749,79,156596,3,74,13,25,8,15,2,16,1,224,0.166666667,0,0,0,0,0,0,0,0,0,0,12,38,0
127757,626,208752,6,290,22,56,26,38,7,101,64,24,0.333333333,57,119,4,0,0,0,5,0,16,0,84,66,1
127760,74,156596,1,74,3,12,21,8,0,19,12,224,0.1,0,0,0,0,0,0,0,0,0,0,20,13,54
127790,157,156596,1,157,16,36,19,24,7,44,21,224,0.1,0,0,0,0,0,0,0,0,0,0,36,64,65
127797,32,195289,1,32,4,6,3,4,2,9,6,105,0.066666667,0,0,0,0,0,0,0,0,0,0,14,17,15
127804,3,156596,1,3,2,0,0,0,1,0,0,224,0.033333333,0,0,0,0,0,0,0,0,0,0,2,3,0
127814,141,208752,1,141,8,34,13,24,4,43,28,24,0.233333333,0,0,0,0,0,0,0,0,0,0,39,28,38
127815,17,156596,2,6,2,2,0,1,0,1,1,224,0.033333333,0,0,0,0,0,0,0,0,0,0,5,6,0
127824,10,907118,1,10,3,2,0,1,4,1,0,19,0.033333333,0,0,0,0,0,0,0,0,0,0,4,10,0
127825,231,907118,1,231,37,105,11,45,18,82,0,19,0.2,0,0,0,0,26,0,0,0,0,0,41,71,75
127827,512,156596,1,512,31,64,153,58,0,181,57,224,0.366666667,22,2,48,0,86,0,0,37,28,0,146,236,48
127830,92,907118,1,92,6,26,12,20,0,33,11,19,0.1,0,0,5,0,56,0,0,0,0,0,33,31,5
127840,82,195289,4,1,1,0,0,0,0,0,0,105,0.033333333,0,0,0,0,0,0,0,0,0,0,1,1,0
127869,54,156596,1,54,5,17,2,12,0,17,11,224,0.033333333,0,0,0,0,0,0,0,0,0,0,13,54,0
127889,49,195289,1,49,1,7,19,4,2,14,4,105,0.033333333,0,0,0,0,0,0,0,0,0,0,14,49,0
127892,187,907118,1,187,25,64,10,47,17,48,13,19,0.1,0,0,0,0,0,0,0,0,0,0,38,127,60
127900,25,156596,2,19,8,5,0,3,1,2,1,224,0.066666667,0,0,0,0,0,0,0,0,0,0,11,5,0
127923,216,907118,1,216,42,71,8,57,6,51,25,19,0.233333333,0,0,0,0,0,0,0,0,0,0,53,21,77
127933,1,156596,1,1,1,0,0,0,0,0,0,224,0.033333333,0,0,0,0,0,0,0,0,0,0,1,1,0
127941,143,907118,1,143,5,64,11,41,3,64,15,19,0.266666667,0,9,0,0,0,0,0,0,0,0,35,26,46
127954,2128,195289,5,1505,68,340,406,149,70,470,121,105,0.433333333,36,0,510,0,7,0,0,13,126,2,208,801,90
127968,59,156596,2,19,3,7,0,4,0,6,3,224,0.033333333,0,0,0,0,0,0,0,0,0,0,9,19,0
127997,50,38356,4,35,7,6,0,5,14,5,1,65,0.133333333,0,0,0,0,0,0,0,0,0,0,8,6,3
128015,2,195289,1,2,2,0,0,0,0,0,0,105,0.033333333,0,0,0,0,0,0,0,0,0,0,2,2,0
128028,217,208752,2,215,6,42,43,16,3,98,40,24,0.133333333,0,38,0,160,0,0,0,0,0,0,58,2,0
128036,116,195289,6,41,9,30,0,2,0,17,0,105,0.233333333,0,6,0,0,0,3,0,0,0,0,11,10,8
128041,190,907118,2,125,10,33,28,24,2,38,13,19,0.066666667,0,0,0,0,0,0,0,0,0,0,48,125,0
128047,92,38356,4,1,1,0,0,0,0,0,0,65,0.033333333,0,0,0,0,0,0,0,0,0,0,1,1,0
128049,92,156596,4,17,4,7,0,3,1,4,2,224,0.1,0,0,0,0,0,0,0,0,0,0,11,1,6
128051,12,907118,2,11,4,5,0,2,0,2,0,19,0.033333333,0,0,0,0,0,0,0,0,0,0,5,11,0
128067,55,195289,1,55,5,9,0,8,0,23,18,105,0.033333333,0,0,0,0,0,0,0,0,0,0,28,55,0
128070,31,156596,1,31,1,5,6,4,0,10,7,224,0.033333333,0,0,0,0,0,0,0,0,0,0,12,31,0
128075,7,208752,1,7,5,0,0,0,1,0,0,24,0.033333333,0,0,0,0,0,0,0,0,0,0,5,7,0
128082,2,195289,2,1,1,0,0,0,0,0,0,105,0.033333333,0,0,0,0,0,0,0,0,0,0,1,1,0
128087,28,208752,1,28,5,3,2,1,3,12,4,24,0.033333333,0,0,0,0,0,0,0,0,0,0,10,28,0
128095,2,38356,1,2,2,0,0,0,0,0,0,65,0.066666667,0,0,0,0,0,0,0,0,0,0,1,1,0
128097,85,156596,1,85,18,20,5,14,3,27,9,224,0.1,0,0,0,0,0,0,0,0,0,0,22,73,12
128098,8,907118,1,8,2,3,0,2,0,2,1,19,0.033333333,0,0,0,0,0,0,0,0,0,0,6,8,0
128103,26,907118,2,10,2,4,0,3,0,3,1,19,0.033333333,0,0,0,0,0,0,0,0,0,0,7,10,0
128105,11,208752,2,3,3,0,0,0,0,0,0,24,0.033333333,0,0,0,0,0,0,0,0,0,0,2,3,0
128109,11,195289,2,8,4,2,0,1,0,1,1,105,0.033333333,0,0,0,0,0,0,0,0,0,0,5,8,0
128117,152,208752,4,14,3,4,0,2,0,3,3,24,0.033333333,0,0,0,0,0,0,0,0,0,0,9,14,0
128124,291,208752,1,291,18,51,22,37,4,121,66,24,0.233333333,0,0,70,0,0,7,13,0,0,0,82,56,87
128144,171,208752,1,171,13,41,2,28,2,67,42,24,0.2,0,0,0,0,0,0,0,0,0,0,37,35,69
128155,482,156596,5,59,2,12,14,4,0,27,5,224,0.033333333,0,0,0,0,0,0,0,0,0,0,21,59,0
128161,1008,208752,6,101,6,25,20,19,4,38,2,24,0.133333333,0,0,0,0,0,0,0,0,0,0,21,21,38
128173,27,907118,1,27,5,9,0,7,0,6,5,19,0.133333333,0,0,8,1,5,0,0,0,0,0,10,13,8
128175,6,907118,1,6,1,3,0,1,0,2,0,19,0.033333333,0,0,0,0,0,0,0,0,0,0,4,6,0
128177,1,195289,1,1,1,0,0,0,0,0,0,105,0.033333333,0,0,0,0,0,0,0,0,0,0,1,1,0
128194,13,907118,2,8,2,3,0,2,0,3,0,19,0.033333333,0,0,8,0,0,0,0,0,0,0,5,8,0
128215,2,38356,2,1,1,0,0,0,0,0,0,65,0.033333333,0,0,0,0,0,0,0,0,0,0,1,1,0
128231,279,156596,2,272,18,53,6,35,12,130,45,224,0.066666667,0,0,0,0,0,0,0,0,0,0,21,156,0
128232,75,208752,1,75,8,18,11,14,2,27,0,24,0.033333333,0,0,0,0,0,0,0,0,0,0,13,75,0
128233,89,907118,2,60,10,27,1,4,0,21,13,19,0.066666667,0,0,31,0,0,0,0,0,0,0,31,29,0
128247,175,195289,2,62,3,8,15,6,0,19,11,105,0.066666667,0,0,24,0,0,0,0,0,0,0,23,62,0
128259,4,907118,1,4,4,0,0,0,0,0,0,19,0.033333333,0,0,4,0,0,0,0,0,0,0,3,4,0
128273,47,156596,3,24,1,5,4,4,0,8,3,224,0.033333333,0,0,0,0,0,0,0,0,0,0,11,24,0
128286,15,907118,3,12,6,3,0,1,0,2,1,19,0.033333333,0,0,12,0,0,0,0,0,0,0,7,12,0
128292,44,156596,1,44,3,19,0,12,0,18,4,224,0.166666667,0,4,0,0,0,0,0,0,0,0,10,22,8
128299,62,907118,2,61,15,20,0,15,2,13,7,19,0.066666667,0,0,47,0,0,0,0,0,0,14,21,61,0
128309,36,156596,1,36,8,4,5,3,8,5,4,224,0.033333333,0,0,0,0,0,0,0,0,0,0,15,36,0
128310,98,38356,2,6,1,2,0,1,0,2,1,65,0.033333333,0,0,0,0,0,0,0,0,0,0,4,6,0
128318,72,156596,2,70,13,14,10,0,2,36,6,224,0.066666667,0,0,0,0,0,0,0,0,0,0,25,70,0
128320,11,907118,1,11,2,4,0,3,0,3,0,19,0.033333333,0,0,11,0,0,0,0,0,0,0,6,11,0
128334,149,156596,3,75,2,13,3,10,0,35,20,224,0.066666667,0,0,0,0,0,0,0,0,0,0,16,23,52
128342,50,38356,3,1,1,0,0,0,0,0,0,65,0.033333333,0,0,0,0,0,0,0,0,0,0,1,1,0
128363,10,156596,1,10,1,4,0,2,0,3,3,224,0.033333333,0,0,0,0,0,0,0,0,0,0,8,10,0
128364,42,208752,1,42,11,6,0,4,4,10,7,24,0.033333333,0,0,0,0,0,0,0,0,0,0,14,42,0
128369,780,208752,3,1,1,0,0,0,0,0,0,24,0.033333333,0,0,0,0,0,0,0,0,0,0,1,1,0
128375,12,907118,3,4,3,1,0,0,0,1,0,19,0.033333333,0,0,4,0,0,0,0,0,0,0,4,4,0
128381,488,907118,4,100,18,33,3,25,5,24,10,19,0.1,0,0,37,39,0,0,0,0,0,0,25,24,0
128382,424,156596,3,3,1,2,0,0,0,1,0,224,0.033333333,0,0,0,0,0,0,0,0,0,0,3,3,0
128394,1423,156596,4,615,62,132,59,100,43,199,76,224,0.6,11,6,9,0,0,0,9,64,6,0,109,126,177
128398,293,156596,4,27,3,4,2,4,2,9,5,224,0.033333333,0,0,0,0,0,0,0,0,0,0,10,27,0
128400,67,156596,5,10,1,3,0,2,0,3,3,224,0.033333333,0,0,0,0,0,0,0,0,0,0,7,10,0
128403,2,156596,1,2,2,0,0,0,0,0,0,224,0.033333333,0,0,0,0,0,0,0,0,0,0,2,2,0
128404,293,907118,4,238,14,67,32,55,13,68,31,19,0.133333333,0,0,83,83,68,0,0,0,0,4,66,87,83
128405,294,208752,2,116,14,22,11,14,20,22,13,24,0.066666667,0,0,0,0,0,0,0,0,0,0,20,116,0
128411,475,195289,4,192,14,28,35,21,7,71,24,105,0.2,3,0,0,0,7,0,0,0,0,0,32,145,13
128420,89,907118,5,1,1,0,0,0,0,0,0,19,0.033333333,0,0,1,0,0,0,0,0,0,0,1,1,0
128423,314,208752,1,314,14,52,34,44,4,130,65,24,0.1,0,0,0,0,0,0,0,0,68,0,77,130,0
128424,199,156596,2,2,2,0,0,0,0,0,0,224,0.033333333,0,0,0,0,0,0,0,0,0,0,1,2,0
128434,391,208752,3,192,10,41,22,24,0,73,42,24,0.266666667,0,56,0,0,0,9,0,0,0,0,72,82,14
128436,59,156596,1,59,7,9,7,7,1,22,5,224,0.066666667,0,0,0,0,0,0,0,0,0,0,19,16,43
128439,451,907118,2,386,47,135,49,80,8,156,31,19,0.166666667,0,18,68,0,0,0,0,0,0,0,80,162,206
128453,101,907118,4,64,6,25,1,19,5,19,5,19,0.066666667,0,0,7,0,0,0,0,0,0,57,23,64,0
128468,11,208752,1,11,2,3,0,2,0,3,3,24,0.033333333,0,0,0,0,0,0,0,0,0,0,7,11,0
128472,34,156596,2,28,11,4,0,1,11,1,0,224,0.066666667,0,0,0,0,0,0,0,0,0,0,9,5,23
128473,38,208752,1,38,4,7,6,6,0,11,9,24,0.033333333,0,0,0,0,0,0,0,0,0,0,13,38,0
128488,284,907118,2,196,15,72,13,52,2,58,29,19,0.133333333,0,0,82,0,20,0,0,0,79,15,82,97,0
128494,11,907118,1,11,2,4,0,3,0,3,2,19,0.033333333,0,0,11,0,0,0,0,0,0,0,8,11,0
128499,21,208752,1,21,3,11,0,2,1,9,3,24,0.066666667,0,0,0,0,0,0,0,0,0,0,12,11,0
128500,15,907118,1,15,6,6,0,3,0,1,0,19,0.033333333,0,0,15,0,0,0,0,0,0,0,7,15,0
128513,8,195289,1,8,4,2,0,1,0,1,1,105,0.033333333,0,0,0,0,0,0,0,0,0,0,5,8,0
128514,50,38356,4,1,1,0,0,0,0,0,0,65,0.033333333,0,0,0,0,0,0,0,0,0,0,1,1,0
128516,8,907118,1,8,5,2,0,1,0,1,0,19,0.066666667,0,0,6,2,0,0,0,0,0,0,5,6,2
128530,17,907118,3,1,1,0,0,0,0,0,0,19,0.033333333,0,0,1,0,0,0,0,0,0,0,1,1,0
128540,243,907118,3,92,5,36,4,27,0,29,15,19,0.066666667,0,0,72,20,0,0,0,0,0,0,31,72,20
128541,133,907118,1,133,7,49,0,43,0,46,28,19,0.033333333,0,0,133,0,0,0,0,0,0,0,58,133,0
128543,11,195289,1,11,1,3,0,2,0,4,3,105,0.033333333,0,0,0,0,0,0,0,0,0,0,6,11,0
128549,50,208752,1,50,12,8,5,5,3,11,8,24,0.066666667,0,0,0,0,0,0,0,0,0,0,21,44,0
128564,11,907118,1,11,4,4,0,3,0,3,0,19,0.033333333,0,0,11,0,0,0,0,0,0,0,8,11,0
128566,3,907118,1,3,3,0,0,0,0,0,0,19,0.033333333,0,0,3,0,0,0,0,0,0,0,2,3,0
128579,117,156596,2,100,10,10,30,8,0,27,12,224,0.066666667,0,0,0,0,0,0,0,0,0,0,33,21,79
128580,376,156596,2,84,1,13,20,11,2,27,14,224,0.066666667,0,0,0,0,0,0,0,0,0,0,22,36,48
128582,21,907118,1,21,2,7,0,6,1,6,5,19,0.1,0,0,9,0,0,0,0,0,0,0,10,9,0
128586,130,907118,2,110,31,27,1,20,11,21,9,19,0.1,0,0,15,87,8,0,0,0,0,0,21,15,87
128601,175,195289,1,175,6,26,38,22,8,67,20,105,0.133333333,0,0,0,0,0,0,0,28,0,0,53,108,1
128621,7,38356,1,7,3,2,0,1,0,1,1,65,0.033333333,0,0,0,0,0,0,0,0,0,0,5,7,0
128634,19,195289,1,19,4,1,3,0,2,6,2,105,0.033333333,0,0,0,0,0,0,0,0,0,0,9,19,0
128672,80,907118,3,10,4,2,0,1,3,1,0,19,0.033333333,0,0,10,0,0,0,0,0,0,0,5,10,0
128673,155,195289,2,153,5,13,62,11,5,59,4,105,0.033333333,0,0,0,0,0,0,0,0,0,0,41,153,0
128675,41,38356,1,41,5,15,4,1,1,24,4,65,0.066666667,0,0,0,0,0,0,0,0,0,0,12,40,1
128676,82,907118,1,82,6,33,1,21,2,42,6,19,0.1,0,0,80,1,1,0,0,0,0,0,29,80,1
128707,11,907118,1,11,1,5,0,3,0,4,2,19,0.033333333,0,0,11,0,0,0,0,0,0,0,8,11,0
128713,27,907118,1,27,8,10,0,7,0,5,1,19,0.033333333,0,0,27,0,0,0,0,0,0,0,13,27,0
128721,1,195289,1,1,1,0,0,0,0,0,0,105,0.033333333,0,0,0,0,0,0,0,0,0,0,1,1,0
128724,123,195289,2,27,4,12,0,7,0,5,4,105,0.1,0,0,14,0,10,0,0,0,0,0,10,17,0
128729,554,156596,5,59,12,13,7,7,1,14,2,224,0.133333333,0,0,0,0,0,0,0,0,0,0,17,18,0
128730,322,907118,4,24,10,7,0,4,0,5,2,19,0.033333333,0,0,24,0,0,0,0,0,0,0,12,24,0
128734,671,208752,10,1,1,0,0,0,0,0,0,24,0.033333333,0,0,0,0,0,0,0,0,0,0,1,1,0
128737,103,907118,1,103,12,47,1,35,0,35,5,19,0.2,0,4,13,35,0,0,0,0,0,19,24,4,20
128743,11,156596,1,11,1,4,0,3,0,3,3,224,0.033333333,0,0,0,0,0,0,0,0,0,0,8,11,0
128749,372,907118,2,204,21,64,17,51,10,56,12,19,0.166666667,0,0,22,24,29,0,0,39,0,0,42,129,0
128759,2,907118,2,1,1,0,0,0,0,0,0,19,0.033333333,0,0,1,0,0,0,0,0,0,0,1,1,0
128762,41,907118,3,1,1,0,0,0,0,0,0,19,0.033333333,0,0,1,0,0,0,0,0,0,0,1,1,0
128766,77,208752,2,15,2,6,0,3,0,6,3,24,0.033333333,0,0,0,0,0,0,0,0,0,0,9,15,0
128770,371,156596,5,11,4,3,0,2,0,3,1,224,0.033333333,0,0,0,0,0,0,0,0,0,0,8,11,0
128779,11,907118,1,11,3,3,0,2,0,2,1,19,0.033333333,0,0,11,0,0,0,0,0,0,0,7,11,0
128787,18,907118,1,18,3,5,0,3,6,2,1,19,0.033333333,0,0,18,0,0,0,0,0,0,0,8,18,0
128788,4,195289,2,2,2,0,0,0,0,0,0,105,0.033333333,0,0,0,0,0,0,0,0,0,0,2,2,0
128818,9,907118,1,9,3,4,0,2,0,1,0,19,0.033333333,0,0,9,0,0,0,0,0,0,0,5,9,0
128823,115,907118,2,89,14,38,4,18,5,21,7,19,0.133333333,0,0,4,0,0,0,0,0,0,0,23,77,8
128825,149,156596,1,149,6,19,33,16,0,64,19,224,0.066666667,0,0,0,0,0,0,0,0,0,0,37,145,0
128826,10,208752,1,10,5,3,0,1,0,2,1,24,0.066666667,0,0,0,0,0,0,0,0,0,0,6,9,0
128836,36,208752,1,36,4,7,10,4,0,12,5,24,0.033333333,0,0,0,0,0,0,0,0,0,0,23,36,0
128849,65,907118,2,10,2,4,0,3,0,3,1,19,0.033333333,0,0,10,0,0,0,0,0,0,0,7,10,0
128863,58,38356,1,58,9,13,1,8,12,10,4,65,0.066666667,0,0,0,0,0,0,0,0,0,0,10,50,0
128866,3195,38356,4,18,8,2,0,1,3,2,2,65,0.1,0,0,0,0,0,0,0,0,0,0,9,17,0
128867,20,208752,1,20,1,4,0,3,0,8,7,24,0.033333333,0,0,0,0,0,0,0,0,0,0,10,20,0
128874,60,195289,2,16,2,10,0,2,0,5,1,105,0.066666667,0,3,0,0,0,0,0,0,0,0,6,13,0
128875,544,156596,2,1,1,0,0,0,0,0,0,224,0.033333333,0,0,0,0,0,0,0,0,0,0,1,1,0
128876,1,907118,1,1,1,0,0,0,0,0,0,19,0.033333333,0,0,1,0,0,0,0,0,0,0,1,1,0
128884,12,208752,1,12,4,2,0,1,0,3,3,24,0.033333333,0,0,0,0,0,0,0,0,0,0,7,12,0
128885,37,907118,1,37,4,14,0,11,1,11,7,19,0.033333333,0,0,37,0,0,0,0,0,0,0,18,37,0
128891,8,156596,1,8,1,3,0,2,0,2,2,224,0.033333333,0,0,0,0,0,0,0,0,0,0,6,8,0
128901,46,907118,1,46,4,20,1,11,2,17,6,19,0.033333333,0,0,46,0,0,0,0,0,0,0,17,46,0
128902,24,907118,2,22,7,5,0,4,2,4,3,19,0.033333333,0,0,22,0,0,0,0,0,0,0,14,22,0
128912,99,156596,1,99,18,26,8,15,1,36,13,224,0.133333333,0,0,0,0,0,0,0,0,0,0,19,78,6
128946,255,195289,1,255,6,41,137,24,0,76,1,105,0.1,0,0,0,0,0,0,0,0,0,0,67,193,0
128959,151,38356,5,2,2,0,0,0,0,0,0,65,0.066666667,0,0,0,0,0,0,0,0,0,0,1,1,0
128962,15,156596,1,15,3,4,0,1,0,5,0,224,0.033333333,0,0,0,0,0,0,0,0,0,0,5,15,0
129003,40,208752,1,40,2,3,10,2,0,15,10,24,0.033333333,0,0,0,0,0,0,0,0,0,0,17,40,0
129006,5,907118,1,5,2,2,0,1,0,1,0,19,0.033333333,0,0,0,0,0,0,0,0,0,0,4,5,0
129008,180,208752,1,180,18,34,18,22,6,60,41,24,0.166666667,0,0,0,0,0,0,63,0,0,0,60,16,61
129018,55,195289,3,39,6,13,0,5,8,12,4,105,0.033333333,0,0,0,0,0,0,0,0,0,0,12,39,0
129029,38,907118,1,38,5,21,0,3,0,15,8,19,0.066666667,0,9,0,0,0,0,0,0,0,0,12,9,29
129032,209,208752,1,209,17,48,0,32,0,82,57,24,0.233333333,0,0,0,0,0,0,0,65,60,0,71,27,0
129044,356,907118,4,297,32,114,21,68,1,109,40,19,0.166666667,0,0,0,0,0,0,0,176,0,0,59,1,65
129045,170,195289,1,170,10,19,57,9,1,60,16,105,0.066666667,0,0,0,0,0,0,0,0,0,0,46,91,79
129051,63,907118,1,63,16,24,0,16,0,11,7,19,0.1,0,0,0,0,0,0,0,0,0,0,15,24,0
129063,28,907118,1,28,7,8,2,7,0,7,2,19,0.033333333,0,0,0,0,0,0,0,0,0,0,14,28,0
129071,1,907118,1,1,1,0,0,0,0,0,0,19,0.033333333,0,0,0,0,0,0,0,0,0,0,1,1,0
129081,148,155579,2,6,2,2,0,1,0,1,1,17,0.033333333,0,0,0,0,0,0,0,0,0,6,4,6,0
129088,43,208752,3,8,1,3,0,2,0,2,2,24,0.033333333,0,0,0,0,0,0,0,0,0,0,6,8,0
129096,42,195289,1,42,15,13,0,9,0,6,4,105,0.066666667,0,0,0,0,0,0,0,0,0,0,17,34,8
129104,7,907118,1,7,3,1,0,1,1,1,1,19,0.033333333,0,0,0,0,0,0,0,0,0,0,5,7,0
129154,12,907118,1,12,3,5,0,3,0,4,1,19,0.033333333,0,0,0,0,0,0,0,0,0,0,8,12,0
129155,119,907118,1,119,11,47,7,24,8,34,17,19,0.133333333,0,0,0,0,0,0,0,0,0,0,37,19,18
129165,10,907118,1,10,4,3,0,1,1,2,0,19,0.033333333,0,0,0,0,0,0,0,0,0,0,5,10,0
129170,111,208752,2,12,2,5,0,3,0,2,2,24,0.033333333,0,0,0,0,0,0,0,0,0,0,7,12,0
129176,3,907118,2,2,2,0,0,0,0,0,0,19,0.033333333,0,0,0,0,0,0,0,0,0,0,2,2,0
129190,281,907118,2,161,18,58,12,46,0,45,20,19,0.1,0,0,0,0,0,0,0,0,0,0,41,72,31
129204,313,208752,2,11,1,4,0,3,0,3,3,24,0.033333333,0,0,0,0,0,0,0,0,0,0,6,11,0
129223,97,907118,1,97,9,33,8,28,3,25,10,19,0.1,0,0,0,0,0,0,0,0,0,0,38,44,13
129224,13,38356,2,11,1,2,0,1,0,4,4,65,0.033333333,0,0,0,0,0,0,0,0,0,0,7,11,0
129238,141,907118,1,141,26,90,4,8,3,81,0,19,0.133333333,0,0,0,0,0,0,0,0,71,0,40,35,20
129239,151,155579,5,1,1,0,0,0,0,0,0,17,0.033333333,0,0,0,0,0,0,0,0,0,1,1,1,0
129245,705,38356,7,113,10,25,16,10,21,27,17,65,0.133333333,0,0,0,0,0,0,0,0,0,0,26,5,2
129247,19,907118,1,19,5,5,0,3,6,2,0,19,0.033333333,0,0,0,0,0,0,0,0,0,0,7,19,0
129251,10,907118,1,10,1,4,0,3,0,3,2,19,0.033333333,0,0,0,0,0,0,0,0,0,0,7,10,0
129253,19,907118,1,19,5,6,0,4,0,5,2,19,0.066666667,0,0,0,0,0,0,0,0,0,0,10,13,6
129265,5,195289,1,5,1,2,0,1,0,1,1,105,0.033333333,0,0,0,0,0,0,0,0,0,0,4,5,0
129272,45,907118,2,34,9,13,0,8,0,6,4,19,0.066666667,0,0,0,0,0,0,0,0,0,0,9,33,0
129276,171,907118,4,94,9,34,7,26,2,26,10,19,0.066666667,0,0,0,0,0,0,0,0,6,0,34,88,0
129289,57,208752,2,18,3,6,0,4,0,4,4,24,0.066666667,0,0,0,0,0,0,0,0,0,0,9,8,0
129326,35,907118,1,35,8,11,0,9,2,10,4,19,0.033333333,0,0,0,0,0,0,0,0,0,0,15,35,0
129353,41,195289,4,9,2,3,0,2,0,2,2,105,0.033333333,0,0,0,0,0,0,0,0,0,0,7,9,0
129379,13,155579,1,13,7,1,0,0,0,1,0,17,0.033333333,0,0,0,0,0,0,0,0,0,13,7,13,0
129402,347,195289,7,54,9,13,0,9,13,8,6,105,0.066666667,0,0,0,0,0,0,0,0,0,0,16,11,0
129413,1,155579,1,1,1,0,0,0,0,0,0,17,0.033333333,0,0,0,0,0,0,0,0,0,1,1,1,0
129415,347,208752,7,194,14,19,25,15,38,59,27,24,0.133333333,0,0,53,0,0,0,0,0,0,0,32,96,53
129425,9,155579,1,9,4,2,0,1,1,1,1,17,0.066666667,0,0,8,0,0,0,0,0,0,1,6,9,0
129429,51,907118,1,51,11,31,0,8,0,22,1,19,0.066666667,0,0,0,0,0,0,0,0,0,0,11,43,8
129433,52,195289,3,6,2,2,0,1,0,1,1,105,0.033333333,0,0,0,0,0,0,0,0,0,0,5,6,0
129446,1,907118,1,1,1,0,0,0,0,0,0,19,0.033333333,0,0,0,0,0,0,0,0,0,0,1,1,0
129447,141,208752,3,5,1,2,0,1,0,1,1,24,0.033333333,0,0,0,0,0,0,0,0,0,0,4,5,0
129452,8,907118,1,8,1,4,0,2,0,3,1,19,0.033333333,0,0,0,0,0,0,0,0,0,0,5,8,0
129469,51,208752,1,51,7,9,7,5,0,18,10,24,0.066666667,0,0,0,0,0,0,0,0,0,0,15,49,2
129474,1,907118,1,1,1,0,0,0,0,0,0,19,0.033333333,0,0,0,0,0,0,0,0,0,0,1,1,0
129486,491,208752,3,1,1,0,0,0,0,0,0,24,0.033333333,0,0,0,0,0,0,0,0,0,0,1,1,0
129488,12,208752,1,12,1,2,0,1,0,5,4,24,0.033333333,0,0,0,0,0,0,0,0,0,0,6,12,0
129490,31,907118,1,31,4,19,0,5,0,12,3,19,0.133333333,0,10,0,7,0,0,0,0,0,0,11,7,0
129502,3,208752,2,1,1,0,0,0,0,0,0,24,0.033333333,0,0,0,0,0,0,0,0,0,0,1,1,0
129522,2,907118,1,2,2,0,0,0,0,0,0,19,0.033333333,0,0,0,0,0,0,0,0,0,0,2,2,0
129529,9,907118,1,9,2,4,0,2,0,4,0,19,0.033333333,0,0,0,0,0,0,0,0,0,0,6,9,0
129532,12,907118,1,12,5,3,0,2,1,2,1,19,0.033333333,0,0,0,0,0,0,0,0,0,0,8,12,0
129537,109,208752,2,34,3,3,6,0,0,15,9,24,0.033333333,0,0,0,0,0,0,0,0,0,0,16,34,0
129555,19,195289,1,19,5,5,0,4,0,5,4,105,0.033333333,0,0,0,0,0,0,0,0,0,0,10,19,0
129557,147,208752,2,31,2,3,10,2,1,11,5,24,0.033333333,0,0,0,0,0,0,0,0,0,0,14,31,0
129562,3,907118,1,3,3,0,0,0,0,0,0,19,0.033333333,0,0,0,0,0,0,0,0,0,0,3,3,0
129571,7,652701,1,7,3,1,0,1,1,1,1,3,0.033333333,0,0,0,0,0,0,0,0,7,0,6,7,0
129573,16,652701,1,16,7,5,0,3,0,2,1,3,0.066666667,0,0,0,0,0,0,0,0,9,0,9,7,9
129580,1,148039,1,1,1,0,0,0,0,0,0,18,0.033333333,0,0,0,0,0,0,0,0,0,1,1,1,0
129590,5,652701,1,5,2,3,0,0,0,2,0,3,0.033333333,0,0,0,0,0,0,0,0,5,0,4,5,0
129598,4198,221833,27,220,50,88,0,39,1,82,24,58,0.333333333,0,0,0,0,0,11,0,0,37,6,34,188,9
129602,81,652701,1,81,8,21,9,19,11,17,9,3,0.033333333,0,0,0,0,0,0,0,0,81,0,29,81,0
129603,77,41550,10,10,8,1,0,1,0,1,0,21,0.033333333,0,0,0,10,0,0,0,0,0,0,5,10,0
129612,101,41550,2,80,8,18,0,13,30,14,4,21,0.066666667,70,0,0,10,0,0,0,0,0,0,15,70,0
129617,10,652701,1,10,3,3,0,2,0,2,2,3,0.033333333,0,0,0,0,0,0,0,0,10,0,7,10,0
129633,5,41550,1,5,5,0,0,0,0,0,0,21,0.033333333,0,0,0,5,0,0,0,0,0,0,2,5,0
129669,1,652701,1,1,1,0,0,0,0,0,0,3,0.033333333,0,0,0,0,0,0,0,0,1,0,1,1,0
129677,329,652701,2,307,43,71,18,50,54,14,2,3,0.3,0,47,0,26,0,0,0,0,34,0,26,51,23
129683,56,148039,1,56,6,28,0,14,0,19,8,18,0.066666667,0,0,0,0,0,0,13,0,0,43,21,13,0
129719,34,652701,2,33,6,8,3,8,0,8,7,3,0.033333333,0,0,0,0,0,0,0,0,33,0,21,33,0
129722,9,652701,1,9,5,1,0,1,0,1,1,3,0.033333333,0,0,0,0,0,0,0,0,9,0,8,9,0
129723,32,652701,1,32,10,10,0,6,0,5,4,3,0.1,0,0,0,0,10,17,0,0,5,0,13,10,17
129740,199,652701,1,199,9,32,122,2,0,12,0,3,0.066666667,0,0,0,0,0,0,0,0,27,0,19,172,27
129749,2,652701,1,2,2,0,0,0,0,0,0,3,0.033333333,0,0,0,0,0,0,0,0,2,0,2,2,0
129757,122,652701,1,122,13,46,7,38,1,30,12,3,0.2,0,0,0,0,0,71,0,0,17,0,31,40,7
129785,411,652701,5,377,48,90,20,52,98,15,10,3,0.433333333,1,0,28,8,20,0,0,0,7,0,40,43,206
129786,75,221833,2,51,2,14,5,12,2,14,8,58,0.066666667,0,0,0,0,0,0,0,0,10,41,22,10,41
129789,6,652701,1,6,5,0,0,0,0,0,0,3,0.033333333,0,0,0,0,0,0,0,0,6,0,6,6,0
129793,444,652701,5,194,34,50,16,36,18,7,1,3,0.3,0,25,0,0,0,15,0,0,14,0,27,78,0
129807,197,652701,1,197,26,59,8,40,20,13,2,3,0.2,0,0,0,15,0,0,0,0,28,0,28,43,0
129811,17,652701,3,2,2,0,0,0,0,0,0,3,0.033333333,0,0,0,0,0,0,0,0,2,0,2,2,0
129835,181,652701,4,177,27,49,14,31,14,4,2,3,0.233333333,13,0,0,0,0,0,0,0,13,0,21,18,131
129839,221,221833,1,221,20,39,34,31,41,63,11,58,0.166666667,0,0,0,0,0,0,0,0,5,0,31,152,0
129843,11,652701,1,11,3,3,0,2,0,2,2,3,0.033333333,0,0,0,0,0,0,0,0,11,0,7,11,0
129857,43,652701,2,5,1,2,0,1,0,1,1,3,0.033333333,0,0,0,0,0,0,0,0,5,0,4,5,0
129861,75,652701,1,75,7,8,49,4,0,1,0,3,0.066666667,0,0,0,0,0,0,0,0,6,0,10,69,0
129876,270,652701,3,176,29,33,22,23,43,12,7,3,0.233333333,0,0,0,40,0,0,0,0,28,0,34,43,1
129885,35,652701,1,35,16,10,0,4,0,0,0,3,0.1,0,0,0,0,0,0,0,0,2,0,10,12,0
129886,176,652701,2,84,16,28,8,16,1,10,4,3,0.233333333,0,0,0,0,24,0,0,0,3,8,18,23,26
129887,16,652701,1,16,7,4,0,3,0,3,1,3,0.033333333,0,0,0,0,0,0,0,0,16,0,9,16,0
129895,961,221833,11,671,61,172,56,126,7,224,77,58,0.4,0,0,176,0,0,0,0,0,41,0,94,254,200
129899,4,652701,1,4,4,0,0,0,0,0,0,3,0.033333333,0,0,0,0,0,0,0,0,4,0,3,4,0
129935,41,652701,1,41,3,6,0,6,21,6,5,3,0.066666667,0,0,0,0,0,0,0,0,36,5,14,36,5
129939,64,41550,4,1,1,0,0,0,0,0,0,21,0.033333333,0,0,0,1,0,0,0,0,0,0,1,1,0
129941,112,652701,1,112,23,30,6,17,9,5,4,3,0.3,0,0,0,0,0,0,0,0,11,6,22,27,10
129945,6,652701,1,6,2,2,0,1,0,1,1,3,0.066666667,0,0,0,0,0,0,0,0,4,2,5,4,2
129953,80,652701,3,78,11,21,8,13,6,1,0,3,0.133333333,44,0,0,0,0,0,0,0,0,6,16,44,0
129976,856,221833,11,116,21,21,16,14,12,24,3,58,0.1,0,0,0,0,0,0,0,0,0,5,23,111,0
129989,134,41550,1,134,30,31,0,16,44,26,11,21,0.1,0,0,0,0,5,0,0,0,0,0,21,71,58
130013,15,41550,1,15,3,3,0,2,6,2,1,21,0.033333333,0,0,0,0,15,0,0,0,0,0,6,15,0
130030,38,21216,2,7,3,2,0,1,0,1,1,19,0.033333333,0,0,0,0,0,0,0,0,0,0,6,7,0
130038,1358,21560,7,1,1,0,0,0,0,0,0,9,0.033333333,0,0,0,0,0,0,0,0,1,0,1,1,0
130043,1,148500,1,1,1,0,0,0,0,0,0,29,0.033333333,0,0,0,0,0,1,0,0,0,0,1,1,0
130060,2,21216,1,2,2,0,0,0,0,0,0,19,0.033333333,0,0,0,0,0,0,0,0,0,0,2,2,0
130064,10,21560,1,10,2,6,0,1,0,5,1,9,0.033333333,0,0,0,0,0,0,0,0,10,0,9,10,0
130074,146,148500,4,15,1,5,0,4,0,5,4,29,0.033333333,0,0,0,0,0,15,0,0,0,0,8,15,0
130076,722,21216,5,5,5,0,0,0,0,0,0,19,0.066666667,0,0,0,0,0,0,0,0,0,0,2,2,0
130082,25,21216,7,1,1,0,0,0,0,0,0,19,0.033333333,0,0,0,0,0,0,0,0,0,0,1,1,0
130089,4,21216,1,4,1,3,0,0,0,2,0,19,0.033333333,0,0,0,0,0,0,0,0,0,0,3,4,0
130094,93,21216,3,16,6,5,0,3,0,2,2,19,0.1,0,0,0,0,0,1,0,0,0,0,7,8,0
130101,16,878119,2,4,2,2,0,0,0,1,0,20,0.033333333,0,0,0,0,0,0,0,0,4,0,4,4,0
130106,71,878119,2,14,2,11,0,0,0,8,1,20,0.066666667,0,0,0,0,0,0,0,4,10,0,8,4,10
130132,170,878119,1,170,9,47,18,45,12,55,23,20,0.2,0,0,0,0,18,0,0,0,21,0,38,47,60
130134,36,878119,1,36,6,27,1,0,0,21,0,20,0.066666667,0,0,0,0,0,0,0,0,23,0,18,13,0
130138,107,878119,2,106,27,36,14,4,7,35,0,20,0.2,11,0,0,0,0,0,0,0,14,0,25,39,24
130157,34,878119,1,34,10,8,0,8,0,8,8,20,0.066666667,0,0,0,0,0,0,0,13,21,0,14,13,21
130160,370,878119,1,370,44,159,17,112,17,129,8,20,0.366666667,0,35,0,0,0,15,0,0,59,0,40,15,50
130174,215,878119,2,214,33,107,31,11,1,84,7,20,0.4,22,13,0,0,12,19,0,10,9,0,66,116,0
130175,203,878119,2,187,18,59,18,47,0,54,23,20,0.266666667,0,0,0,0,12,21,0,10,60,0,55,30,50
130185,286,878119,10,14,2,7,0,5,0,4,0,20,0.033333333,0,0,0,0,0,0,0,0,14,0,7,14,0
130189,372,21216,3,54,3,5,0,3,0,23,17,19,0.033333333,0,0,0,0,0,0,0,0,0,0,29,54,0
130190,58,21216,6,2,2,0,0,0,0,0,0,19,0.033333333,0,0,0,0,0,0,0,0,0,0,1,2,0
130192,1,21216,1,1,1,0,0,0,0,0,0,19,0.033333333,0,0,0,0,0,0,0,0,0,0,1,1,0
130193,9,878119,1,9,2,4,0,2,0,3,1,20,0.033333333,0,0,0,0,0,0,0,0,9,0,6,9,0
130199,162,878119,5,31,5,16,1,7,0,13,2,20,0.1,0,0,0,0,0,0,0,0,8,0,13,22,1
130204,45,878119,1,45,15,20,0,2,4,15,0,20,0.166666667,0,0,0,0,0,0,0,0,7,0,14,9,1
130205,525,148500,2,502,44,63,164,52,12,123,47,29,0.3,129,0,13,0,0,0,0,0,0,0,113,36,304
130211,21,878119,1,21,6,5,0,1,2,7,1,20,0.033333333,0,0,0,0,0,0,0,0,21,0,10,21,0
130215,36,878119,2,8,3,3,0,2,0,2,0,20,0.033333333,0,0,0,0,0,0,0,0,8,0,5,8,0
130229,21,878119,1,21,4,16,0,1,0,12,0,20,0.1,0,0,0,0,0,0,7,11,3,0,10,7,11
130234,530,878119,6,226,19,73,25,65,1,65,33,20,0.2,0,0,0,18,0,0,0,0,127,0,84,184,17
130249,187,878119,1,187,25,86,18,20,8,73,11,20,0.333333333,0,4,0,0,0,8,0,0,43,0,44,93,36
130255,13,878119,1,13,4,4,0,4,0,4,1,20,0.033333333,0,0,0,0,0,0,0,0,13,0,8,13,0
130266,1,21560,1,1,1,0,0,0,0,0,0,9,0.033333333,0,0,0,0,0,1,0,0,0,0,1,1,0
130282,47,878119,1,47,4,30,2,3,4,27,0,20,0.2,0,0,11,1,15,0,0,0,12,0,20,7,13
130292,195,878119,1,195,22,63,56,3,3,82,2,20,0.133333333,0,0,0,0,0,11,47,98,39,0,60,11,47
130295,73,878119,1,73,16,31,5,0,1,36,0,20,0.033333333,0,0,0,0,0,0,0,0,73,0,17,73,0
130296,208,878119,3,83,11,29,3,17,9,24,12,20,0.1,0,0,0,0,0,0,0,0,12,0,29,2,0
130310,8,878119,1,8,4,2,0,1,1,1,0,20,0.033333333,0,0,0,0,0,0,0,0,8,0,6,8,0
130311,70,878119,1,70,3,59,2,2,0,52,0,20,0.1,0,0,0,0,0,0,0,0,59,6,25,5,0
130322,108,21216,2,1,1,0,0,0,0,0,0,19,0.033333333,0,0,0,0,0,0,0,0,0,0,1,1,0
130325,17,878119,1,17,4,12,0,1,0,9,0,20,0.066666667,0,0,0,0,8,0,0,0,9,0,8,8,0
130330,220,21560,2,3,3,0,0,0,0,0,0,9,0.066666667,0,0,0,0,0,1,0,0,0,0,1,3,0
130335,14,878119,1,14,3,6,1,3,0,5,0,20,0.033333333,0,0,0,0,0,0,0,0,14,0,10,14,0
130342,173,878119,2,146,13,58,35,6,1,74,2,20,0.166666667,0,46,0,0,0,0,0,0,22,0,44,59,20
130345,207,148500,3,129,15,38,15,1,2,68,6,29,0.066666667,0,0,127,2,0,0,0,0,0,0,43,127,2
130358,13,878119,2,9,2,4,0,2,0,3,1,20,0.033333333,0,0,0,0,0,0,0,0,9,0,7,9,0
130370,1,878119,1,1,1,0,0,0,0,0,0,20,0.033333333,0,0,0,0,0,0,0,0,1,0,1,1,0
130388,270,208752,1,270,7,42,23,28,3,131,71,24,0.1,0,0,19,0,0,5,0,0,0,0,78,246,19
130393,5,652701,1,5,2,2,0,1,0,0,0,3,0.066666667,0,0,0,0,0,0,0,0,0,0,3,4,1
130395,528,195289,6,26,3,6,3,4,0,8,5,105,0.066666667,0,0,20,0,0,0,0,0,0,0,12,6,20
130398,38,652701,2,27,9,11,0,4,0,0,0,3,0.1,0,0,0,0,0,0,0,0,0,0,8,1,19
130406,1365,148039,7,85,11,51,6,8,0,37,2,18,0.233333333,0,0,0,0,0,0,0,0,0,0,13,33,0
130413,45,652701,3,17,4,5,0,1,0,0,0,3,0.066666667,0,0,0,0,0,0,0,0,0,0,6,13,0
130415,34,652701,1,34,10,9,3,2,1,0,0,3,0.066666667,0,0,0,0,0,0,0,0,0,0,9,16,0
130416,179,221833,2,67,4,14,13,12,3,26,5,58,0.033333333,0,0,0,0,0,0,0,0,0,0,18,67,0
130425,628,195289,4,533,38,41,203,38,2,173,35,105,0.2,0,0,344,19,47,0,18,0,17,0,124,105,344
130426,528,41550,6,7,1,3,0,2,0,2,1,21,0.033333333,0,0,0,0,0,0,0,0,0,0,5,7,0
130433,1199,195289,6,1,1,0,0,0,0,0,0,105,0.033333333,0,0,1,0,0,0,0,0,0,0,1,1,0
130436,65,652701,1,65,16,15,9,11,1,0,0,3,0.133333333,0,14,0,0,0,0,0,0,0,0,15,23,37
130438,135,652701,2,119,21,33,8,19,5,0,0,3,0.066666667,0,0,0,0,0,0,0,0,0,0,10,78,0
130453,10,652701,1,10,2,2,0,1,0,0,0,3,0.033333333,0,0,0,0,0,0,0,0,0,0,5,10,0
130466,78,221833,1,78,8,26,16,18,0,24,0,58,0.166666667,0,0,0,0,0,0,0,0,0,0,20,22,7
130476,1,38356,1,1,1,0,0,0,0,0,0,65,0.033333333,0,0,0,0,0,0,0,0,0,0,1,1,0
130481,669,148039,2,291,15,119,16,40,18,140,27,18,0.233333333,0,0,0,0,0,0,0,0,0,0,41,137,39
130483,959,38356,2,1,1,0,0,0,0,0,0,65,0.033333333,0,0,0,0,0,0,0,0,0,0,1,1,0
130504,23,208752,1,23,6,10,0,3,0,10,1,24,0.066666667,0,0,19,4,0,0,0,0,0,0,8,19,4
130508,56,156596,1,56,5,7,11,6,0,21,11,224,0.1,0,0,0,0,0,0,0,0,0,0,14,45,0
130512,50,652701,1,50,4,2,35,1,1,0,0,3,0.033333333,0,0,0,0,0,0,0,0,0,0,8,50,0
130534,45,221833,1,45,9,12,0,9,0,16,7,58,0.066666667,0,0,0,0,0,0,0,0,0,0,17,21,24
130547,3,652701,2,2,2,0,0,0,0,0,0,3,0.033333333,0,0,0,0,0,0,0,0,0,0,1,2,0
130549,3,38356,2,1,1,0,0,0,0,0,0,65,0.033333333,0,0,0,0,0,0,0,0,0,0,1,1,0
130554,459,652701,3,53,12,15,7,11,1,0,0,3,0.133333333,0,0,0,0,0,0,0,0,0,0,9,26,13
130555,290,652701,3,80,27,21,0,9,17,0,0,3,0.2,0,0,0,0,0,0,0,0,0,0,8,46,21
130559,2,652701,2,1,1,0,0,0,0,0,0,3,0.033333333,0,0,0,0,0,0,0,0,0,0,1,1,0
130563,43,652701,1,43,2,4,23,3,7,0,0,3,0.033333333,0,0,0,0,0,0,0,0,0,0,6,43,0
130566,235,195289,1,235,16,47,47,29,0,74,40,105,0.166666667,0,0,61,67,26,0,0,0,0,0,45,55,0
130568,379,41550,3,181,16,26,0,18,8,71,58,21,0.166666667,0,0,0,0,0,0,0,0,0,0,74,161,7
130589,52,652701,4,12,7,2,0,1,0,0,0,3,0.066666667,0,0,0,0,0,0,0,0,0,0,8,7,0
130592,10,148039,1,10,3,4,0,2,0,1,1,18,0.033333333,0,0,0,0,0,0,0,0,0,0,6,10,0
130596,106,221833,2,101,7,11,30,8,2,33,7,58,0.1,0,0,0,0,0,0,0,0,0,0,28,66,0
130609,12,652701,1,12,2,5,0,3,0,0,0,3,0.033333333,0,0,0,0,0,0,0,0,0,0,6,12,0
130610,687,221833,14,39,3,11,5,8,2,8,6,58,0.1,0,0,0,0,0,0,0,0,0,0,13,5,0
130612,500,221833,4,225,19,50,58,33,16,52,13,58,0.233333333,0,0,0,0,0,0,0,0,0,0,39,143,28
130617,205,221833,3,132,11,47,30,2,0,65,3,58,0.166666667,0,0,0,0,0,0,0,0,0,0,34,100,2
130637,77,208752,2,76,5,22,0,12,0,34,24,24,0.166666667,24,0,19,19,0,0,0,7,0,0,23,26,19
130647,99,652701,1,99,20,21,3,13,18,0,0,3,0.2,10,0,0,0,0,0,0,0,0,0,14,1,0
130653,31,652701,1,31,6,5,7,3,0,0,0,3,0.033333333,0,0,0,0,0,0,0,0,0,0,9,31,0
130658,40,652701,2,28,5,7,10,4,0,0,0,3,0.066666667,0,0,0,0,0,0,0,0,0,0,8,24,0
130660,96,652701,1,96,5,11,48,6,9,0,0,3,0.2,0,0,0,0,0,0,0,0,0,0,13,3,80
130667,248,208752,1,248,5,34,53,7,2,100,69,24,0.2,0,0,69,34,42,0,42,49,12,0,94,69,34
130680,46,221833,2,41,3,8,0,7,0,21,7,58,0.033333333,0,0,0,0,0,0,0,0,0,0,19,41,0
130683,2041,148039,8,439,49,180,55,27,11,156,39,18,0.433333333,0,0,0,0,0,0,15,0,0,0,53,108,103
130686,5,652701,1,5,4,0,0,0,0,0,0,3,0.033333333,0,0,0,0,0,0,0,0,0,0,4,5,0
130694,90,156596,2,84,13,28,0,21,5,21,16,224,0.1,0,0,0,0,0,0,0,0,0,0,37,82,2
130695,27,195289,1,27,10,6,0,4,3,4,2,105,0.033333333,0,0,0,27,0,0,0,0,0,0,11,27,0
130712,514,195289,4,149,7,74,23,3,0,98,2,105,0.1,0,0,122,25,2,0,0,0,0,0,35,122,25
130713,514,221833,4,256,21,64,34,29,20,109,6,58,0.233333333,0,0,0,0,0,0,0,0,0,0,48,163,17
130722,11,148039,1,11,3,3,0,2,0,2,2,18,0.033333333,0,0,0,0,0,0,0,0,0,0,8,11,0
130733,394,208752,1,394,23,67,37,52,10,145,96,24,0.1,0,0,232,0,0,0,0,0,0,0,75,5,0
130752,62,652701,1,62,10,15,7,7,9,0,0,3,0.066666667,0,0,0,0,0,0,0,0,0,0,9,50,12
130770,14,652701,1,14,3,5,0,2,0,0,0,3,0.066666667,0,0,0,0,0,0,0,0,0,0,6,10,0
130777,153,148039,1,153,5,51,12,43,7,61,21,18,0.333333333,0,0,0,0,0,0,0,0,0,0,24,26,42
130784,50,652701,2,31,8,11,0,6,2,0,0,3,0.1,0,0,0,0,0,0,0,0,0,0,8,3,7
130794,110,156596,1,110,13,12,18,8,19,23,14,224,0.1,45,0,0,0,0,0,0,0,0,0,22,28,0
130809,84,652701,2,83,20,22,21,4,0,0,0,3,0.133333333,27,0,0,0,0,0,0,0,0,0,11,49,1
130811,115,652701,1,115,30,33,13,17,0,0,0,3,0.266666667,0,39,0,0,0,0,0,0,0,0,15,40,0
130814,6,652701,1,6,2,2,0,1,0,0,0,3,0.033333333,0,0,0,0,0,0,0,0,0,0,5,6,0
130817,37,221833,2,36,4,6,8,3,7,10,2,58,0.033333333,0,0,0,0,0,0,0,0,0,0,12,36,0
130826,14,652701,1,14,3,2,0,1,6,0,0,3,0.033333333,0,0,0,0,0,0,0,0,0,0,5,14,0
130837,221,195289,3,173,14,43,41,19,7,54,11,105,0.2,0,0,9,33,0,0,0,0,0,0,46,19,101
130838,100,221833,1,100,7,16,22,10,13,37,3,58,0.133333333,0,0,0,0,0,0,0,0,0,0,19,18,0
130839,3,652701,1,3,3,0,0,0,0,0,0,3,0.033333333,0,0,0,0,0,0,0,0,0,0,1,3,0
130844,362,38356,11,31,6,8,0,6,2,6,4,65,0.066666667,0,24,0,0,0,0,0,0,0,0,12,24,0
130848,91,652701,1,91,19,11,15,6,9,0,0,3,0.066666667,0,0,0,0,0,0,0,0,0,0,10,90,0
130854,1860,652701,3,75,11,18,6,11,17,0,0,3,0.166666667,0,0,0,0,0,0,0,0,0,0,11,14,0
130866,12,652701,1,12,2,2,0,1,3,0,0,3,0.033333333,0,0,0,0,0,0,0,0,0,0,5,12,0
130868,83,652701,1,83,15,12,14,5,31,0,0,3,0.2,0,0,0,0,0,0,0,0,0,0,10,3,54
130883,111,148039,1,111,15,36,14,17,4,32,11,18,0.1,0,0,0,0,0,0,0,0,0,0,18,14,90
130885,30,41550,1,30,2,5,0,4,13,6,0,21,0.033333333,0,0,0,0,0,0,0,0,0,0,7,30,0
130892,32,208752,1,32,4,5,0,4,1,20,0,24,0.033333333,0,0,32,0,0,0,0,0,0,0,8,32,0
130893,33,208752,1,33,4,4,3,3,1,12,9,24,0.066666667,0,0,32,0,0,0,1,0,0,0,17,32,0
130916,131,652701,1,131,42,46,5,19,1,0,0,3,0.1,0,0,0,0,0,0,0,0,0,0,15,29,10
130934,434,195289,13,221,17,63,35,25,2,83,31,105,0.266666667,0,5,0,2,0,0,0,0,0,0,60,45,49
130935,56,652701,2,37,3,10,12,6,0,0,0,3,0.033333333,0,0,0,0,0,0,0,0,0,0,7,37,0
130947,8,652701,1,8,4,2,0,1,0,0,0,3,0.066666667,0,0,0,0,0,0,0,0,0,0,6,1,0
130956,271,208752,1,271,24,54,25,41,6,88,62,24,0.133333333,0,0,17,0,0,0,0,0,0,0,80,47,128
130958,277,148039,1,277,16,35,139,29,14,46,4,18,0.133333333,0,0,118,0,0,0,0,0,0,0,45,92,0
130962,12,208752,1,12,2,4,0,3,0,3,3,24,0.033333333,0,0,12,0,0,0,0,0,0,0,9,12,0
130988,67,41550,5,1,1,0,0,0,0,0,0,21,0.033333333,0,0,0,0,0,0,0,0,0,0,1,1,0
130997,175,221833,1,175,15,22,43,19,10,48,14,58,0.1,0,0,0,0,0,0,0,0,0,0,39,128,7
131001,4,652701,1,4,2,2,0,0,0,0,0,3,0.033333333,0,0,0,0,0,0,0,0,0,0,4,4,0
131008,359,148039,4,79,15,20,5,14,14,15,4,18,0.1,0,0,0,0,0,0,0,0,0,0,13,16,0
131015,46,156596,2,23,15,2,0,1,3,1,1,224,0.066666667,0,0,0,0,0,0,0,0,0,0,10,19,0
131030,67,38356,5,1,1,0,0,0,0,0,0,65,0.033333333,0,0,0,0,0,0,0,0,0,0,1,1,0
131032,67,148039,5,26,2,7,3,6,0,7,3,18,0.033333333,0,0,0,0,0,0,0,0,0,0,9,26,0
131033,59,652701,1,59,12,18,8,9,3,0,0,3,0.066666667,0,0,0,0,0,0,0,0,0,0,9,11,0
131039,23,652701,2,22,5,5,4,3,0,0,0,3,0.066666667,0,0,0,0,0,0,0,0,0,0,7,7,15
131041,189,652701,2,57,28,10,0,8,5,0,0,3,0.266666667,0,0,0,0,1,0,0,0,0,0,8,9,0
131046,1,652701,1,1,1,0,0,0,0,0,0,3,0.033333333,0,0,0,0,0,0,0,0,0,0,1,1,0
131061,32,41550,1,32,3,15,0,9,0,12,3,21,0.066666667,0,0,0,0,0,0,0,0,0,0,12,17,15
131071,9,195289,1,9,2,3,0,2,0,2,2,105,0.033333333,0,0,0,9,0,0,0,0,0,0,7,9,0
131076,473,652701,4,113,19,24,15,16,15,5,3,3,0.233333333,0,0,0,0,31,0,0,0,0,0,27,43,22
131080,12,652701,1,12,5,2,0,1,2,0,0,3,0.033333333,0,0,0,0,0,0,0,0,0,0,7,12,0
131084,588,652701,2,52,10,6,3,4,5,0,0,3,0.066666667,0,0,0,0,0,0,0,0,0,0,8,22,30
131086,345,148039,3,181,12,52,16,44,11,56,11,18,0.233333333,0,0,0,0,0,0,0,0,0,0,32,52,42
131095,150,208752,4,26,4,10,0,7,0,5,5,24,0.066666667,0,0,11,0,0,0,0,0,0,0,8,26,0
131114,188,221833,4,12,1,3,3,2,0,3,1,58,0.033333333,0,0,0,0,0,0,0,0,0,0,6,12,0
131122,90,221833,1,90,12,9,10,9,19,24,11,58,0.033333333,0,0,0,0,0,0,0,0,0,0,27,90,0
131131,6,652701,1,6,3,1,0,1,0,0,0,3,0.033333333,0,0,0,0,0,0,0,0,0,0,6,6,0
131133,510,652701,4,74,14,26,0,17,2,1,0,3,0.266666667,0,0,0,6,0,0,0,0,0,0,13,15,6
131146,217,652701,3,53,13,13,0,9,4,0,0,3,0.133333333,0,0,0,0,0,0,0,0,0,0,8,27,5
131147,510,221833,4,166,28,47,16,31,14,32,9,58,0.333333333,0,0,0,1,0,0,0,0,0,0,40,53,4
131159,75,195289,1,75,6,30,0,23,0,22,2,105,0.066666667,0,0,4,71,0,0,0,0,0,0,24,4,71
131160,57,652701,1,57,12,10,2,6,12,0,0,3,0.033333333,0,0,0,0,0,0,0,0,0,0,10,57,0
131165,59,652701,4,6,2,2,0,1,0,0,0,3,0.033333333,0,0,0,0,0,0,0,0,0,0,5,6,0
131183,72,195289,2,4,1,2,0,1,0,1,0,105,0.033333333,0,0,0,4,0,0,0,0,0,0,3,4,0
131191,106,652701,5,73,10,29,0,7,9,0,0,3,0.233333333,0,0,0,0,0,0,0,0,0,0,11,13,42
131206,43,652701,1,43,7,22,2,2,1,0,0,3,0.066666667,0,0,0,0,0,0,0,0,0,0,7,5,38
131225,579,652701,3,32,8,8,0,4,2,0,0,3,0.066666667,0,0,0,0,0,0,0,0,0,0,7,23,0
131228,72,652701,2,71,11,26,0,18,1,0,0,3,0.166666667,0,0,0,0,0,0,0,0,0,0,7,9,23
131237,216,652701,3,115,38,26,8,16,4,0,0,3,0.166666667,0,0,0,0,0,0,0,0,0,0,19,31,15
131253,61,148039,2,57,11,30,0,1,0,17,12,18,0.1,0,0,0,0,0,0,0,0,0,0,24,41,0
131262,46,652701,1,46,8,13,6,8,0,0,0,3,0.066666667,0,0,0,0,0,0,0,0,0,0,8,16,0
131266,272,156596,2,271,12,35,73,24,10,94,22,224,0.1,0,43,0,0,0,0,0,0,0,0,62,208,0
131268,253,156596,3,191,22,39,24,29,2,68,19,224,0.3,17,0,0,0,10,0,0,0,15,0,42,106,15
131307,55,652701,1,55,10,13,10,6,9,0,0,3,0.1,0,0,0,0,0,0,0,0,0,0,8,45,0
131317,136,652701,1,136,14,13,55,9,7,0,0,3,0.066666667,0,0,0,0,0,0,0,0,0,0,10,6,130
131319,9,652701,1,9,7,0,0,0,1,0,0,3,0.033333333,0,0,0,0,0,0,0,0,0,0,6,9,0
131322,2,41550,2,1,1,0,0,0,0,0,0,21,0.033333333,0,0,0,0,0,0,0,0,0,0,1,1,0
131354,275,652701,4,155,32,45,6,27,17,7,3,3,0.166666667,0,0,0,19,0,0,0,0,0,0,17,1,102
131364,181,195289,2,31,4,6,6,4,0,7,4,105,0.033333333,0,0,0,31,0,0,0,0,0,0,14,31,0
131371,16,652701,1,16,4,3,0,1,1,0,0,3,0.033333333,0,0,0,0,0,0,0,0,0,0,7,16,0
131372,48,652701,2,46,10,11,1,7,2,0,0,3,0.066666667,0,0,0,0,0,0,0,0,0,0,9,35,0
131375,48,652701,1,48,7,11,12,4,0,0,0,3,0.1,0,0,0,0,0,0,0,0,0,0,9,23,5
131376,34,652701,2,13,7,2,0,1,1,0,0,3,0.033333333,0,0,0,0,0,0,0,0,0,0,8,13,0
131391,2359,148039,11,203,23,49,19,36,1,54,25,18,0.2,0,0,0,61,0,0,0,0,0,0,48,41,49
131404,293,208752,3,1,1,0,0,0,0,0,0,24,0.033333333,0,0,1,0,0,0,0,0,0,0,1,1,0
131419,1360,148039,4,99,9,28,13,18,9,24,5,18,0.233333333,0,0,0,0,0,5,0,0,0,0,14,1,8
131424,113,221833,3,77,8,15,18,11,1,25,7,58,0.1,0,0,2,0,0,0,0,0,0,0,21,20,0
131431,61,652701,1,61,12,8,10,6,9,0,0,3,0.066666667,0,0,0,0,0,0,0,0,0,0,9,33,0
131432,89,148039,4,14,4,6,0,3,0,1,1,18,0.066666667,0,0,0,0,0,0,0,0,0,0,6,6,0
131437,89,221833,4,72,8,24,4,12,2,28,10,58,0.033333333,0,0,0,0,0,0,0,0,0,0,20,72,0
131440,110,41550,1,110,16,35,0,29,26,26,1,21,0.133333333,0,0,0,0,0,0,0,0,0,0,15,64,16
131458,53,652701,1,53,15,12,0,6,12,0,0,3,0.066666667,0,0,0,0,0,0,0,0,0,0,8,11,0
131465,7,652701,1,7,2,2,0,0,3,0,0,3,0.066666667,0,0,0,0,0,0,0,0,0,0,3,1,6
131467,290,41550,2,63,12,7,0,7,13,18,13,21,0.166666667,0,0,0,0,0,0,0,0,0,0,15,12,36
131469,5,652701,1,5,1,2,0,1,0,0,0,3,0.033333333,0,0,0,0,0,0,0,0,0,0,4,5,0
131471,74,652701,1,74,13,31,2,17,1,12,5,3,0.133333333,0,0,0,0,27,0,0,0,0,0,20,15,27
131483,93,148039,2,13,3,5,0,3,0,2,2,18,0.033333333,0,0,0,0,0,0,0,0,0,0,6,13,0
131487,181,221833,2,126,18,15,22,11,1,38,9,58,0.1,0,0,0,0,0,0,0,0,0,0,35,3,109
131491,144,652701,1,144,27,39,7,22,21,0,0,3,0.266666667,0,3,0,0,0,0,0,0,0,0,15,40,24
131512,210,208752,1,210,3,67,46,16,1,110,27,24,0.1,0,0,33,20,157,0,0,0,0,0,58,33,20
131514,7,148039,3,1,1,0,0,0,0,0,0,18,0.033333333,0,0,0,0,0,0,0,0,0,0,1,1,0
131518,107,208752,1,107,9,19,11,14,1,41,21,24,0.1,0,0,56,0,0,0,0,0,0,0,33,8,0
131521,60,148039,2,6,1,3,0,0,0,2,2,18,0.033333333,0,0,0,0,0,0,0,0,0,0,6,6,0
131543,47,195289,1,47,19,13,0,7,5,4,3,105,0.066666667,0,0,0,5,0,0,0,0,0,0,12,42,0
131544,348,652701,4,58,7,2,31,1,10,0,0,3,0.033333333,0,0,0,0,0,0,0,0,0,0,8,58,0
131545,661,148039,11,47,4,16,3,12,0,13,6,18,0.133333333,0,0,0,0,0,0,0,0,0,0,13,26,17
131551,47,41550,3,29,5,9,0,6,0,8,5,21,0.1,0,0,0,0,0,0,0,0,0,0,11,10,1
131554,206,652701,2,17,4,4,4,2,0,0,0,3,0.066666667,0,0,0,0,0,0,0,0,0,0,7,12,0
131555,439,148039,5,121,24,32,7,19,14,22,9,18,0.333333333,0,0,0,0,0,0,6,0,0,0,18,40,22
131562,47,652701,1,47,9,6,22,4,0,0,0,3,0.033333333,0,0,0,0,0,0,0,0,0,0,10,47,0
131563,42,41550,1,42,13,8,0,6,13,5,0,21,0.1,0,0,0,0,0,0,0,0,0,0,9,21,11
131575,1,652701,1,1,1,0,0,0,0,0,0,3,0.033333333,0,0,0,0,0,0,0,0,0,0,1,1,0
131580,12,221833,1,12,2,5,0,3,0,2,2,58,0.066666667,0,0,0,0,0,0,0,0,0,0,5,5,0
131592,258,221833,1,258,14,46,43,37,0,97,37,58,0.133333333,0,0,0,0,0,0,0,0,0,0,60,11,0
131601,7,652701,1,7,2,2,0,1,0,0,0,3,0.066666667,0,0,0,0,0,0,0,0,0,0,4,6,0
131609,141,208752,1,141,4,26,25,22,2,52,31,24,0.066666667,0,0,1,0,0,0,0,0,0,0,33,140,1
131610,655,148039,12,58,5,30,0,19,0,21,4,18,0.166666667,0,4,0,0,0,0,0,0,0,0,16,19,0
131623,289,38356,4,52,12,8,0,6,3,14,12,65,0.033333333,0,0,0,0,0,0,0,0,0,0,18,52,0
131626,90,652701,1,90,22,19,3,12,5,0,0,3,0.1,0,0,0,0,0,0,0,0,0,0,10,81,0
131638,2,652701,1,2,2,0,0,0,0,0,0,3,0.033333333,0,0,0,0,0,0,0,0,0,0,2,2,0
131645,43,652701,1,43,6,10,4,7,4,0,0,3,0.066666667,0,0,0,0,0,0,0,0,0,0,12,23,0
131658,161,148039,3,22,3,8,2,2,0,6,2,18,0.066666667,0,0,0,0,0,0,0,0,0,0,9,22,0
131664,15,652701,1,15,6,2,0,1,4,0,0,3,0.033333333,0,0,0,0,0,0,0,0,0,0,7,15,0
131675,61,652701,1,61,16,19,0,11,2,0,0,3,0.066666667,0,0,0,0,0,0,0,0,0,0,9,12,49
131677,6,38356,2,1,1,0,0,0,0,0,0,65,0.033333333,0,0,0,0,0,0,0,0,0,0,1,1,0
131681,15,652701,1,15,8,2,0,1,0,0,0,3,0.1,0,0,1,0,0,0,0,0,0,0,5,13,1
131688,31,156596,1,31,9,11,0,8,0,5,3,224,0.066666667,0,0,0,0,0,0,0,0,8,0,14,23,0
131701,36,652701,1,36,5,4,17,2,2,0,0,3,0.033333333,0,0,0,0,0,0,0,0,0,0,9,36,0
131706,48,652701,1,48,11,4,16,3,2,0,0,3,0.066666667,0,0,0,0,0,0,0,0,0,0,9,39,9
131707,67,652701,1,67,13,7,21,5,1,0,0,3,0.1,0,0,0,0,0,0,0,0,0,0,10,3,1
131709,26,652701,1,26,7,8,0,5,1,0,0,3,0.033333333,0,0,0,0,0,0,0,0,0,0,8,26,0
131713,8,652701,1,8,3,2,0,2,0,0,0,3,0.033333333,0,0,0,0,0,0,0,0,0,0,5,8,0
131722,42,652701,1,42,13,10,9,2,2,0,0,3,0.133333333,0,0,0,0,0,0,0,0,0,0,9,10,6
131732,288,652701,4,64,4,11,1,7,34,0,0,3,0.066666667,0,0,0,0,0,0,0,0,0,0,7,57,0
131735,25,208752,1,25,2,11,0,4,0,12,6,24,0.033333333,0,0,25,0,0,0,0,0,0,0,11,25,0
131745,38,652701,1,38,8,8,1,5,1,0,0,3,0.033333333,0,0,0,0,0,0,0,0,0,0,10,38,0
131749,98,195289,2,90,7,17,13,11,2,33,14,105,0.1,0,0,0,8,47,0,0,0,0,35,21,8,47
131750,180,652701,2,156,22,41,11,23,34,3,1,3,0.4,6,0,30,0,0,0,0,0,0,0,24,30,72
131768,26,148039,1,26,5,6,2,5,0,6,4,18,0.033333333,0,0,0,0,0,0,0,0,0,0,13,26,0
131770,149,652701,3,65,19,19,1,11,3,0,0,3,0.233333333,0,10,0,0,0,0,0,0,0,0,12,19,0
131793,108,652701,1,108,28,45,2,17,0,0,0,3,0.2,0,0,0,0,0,0,0,0,0,0,14,26,12
131798,488,652701,4,241,32,66,17,43,22,14,5,3,0.266666667,0,0,0,86,0,0,0,0,0,0,26,118,108
131804,35,221833,1,35,7,10,0,5,2,13,3,58,0.033333333,0,0,0,0,0,0,0,0,0,0,15,35,0
131810,25,652701,1,25,6,5,0,3,2,0,0,3,0.033333333,0,0,0,0,0,0,0,0,0,0,8,25,0
131832,97,652701,2,44,11,10,5,4,10,0,0,3,0.166666667,0,3,0,0,0,0,0,0,0,0,9,14,0
131840,2,652701,1,2,2,0,0,0,0,0,0,3,0.033333333,0,0,0,0,0,0,0,0,0,0,2,2,0
131841,12,652701,1,12,7,0,0,0,3,0,0,3,0.033333333,0,0,0,0,0,0,0,0,0,0,6,12,0
131843,5,195289,1,5,1,3,0,0,0,2,1,105,0.033333333,0,0,0,5,0,0,0,0,0,0,5,5,0
131853,500,652701,5,29,9,14,0,3,0,0,0,3,0.133333333,0,0,0,0,0,0,0,0,0,0,4,10,3
131859,56,156596,2,37,2,20,0,10,0,17,5,224,0.033333333,0,0,0,0,0,0,0,0,0,0,14,37,0
131866,203,148039,2,65,8,27,2,16,0,12,7,18,0.166666667,0,0,0,0,0,0,0,0,0,0,11,9,14
131872,29,652701,1,29,4,15,0,7,0,0,0,3,0.066666667,0,0,0,0,0,0,0,0,0,0,5,22,0
131876,14,221833,1,14,5,1,2,1,0,3,2,58,0.033333333,0,0,0,0,0,0,0,0,0,0,9,14,0
131878,6,652701,1,6,2,0,0,0,4,0,0,3,0.066666667,0,0,0,0,0,0,0,0,0,0,2,5,1
131882,15,156596,1,15,2,3,2,2,0,4,3,224,0.033333333,0,0,0,0,0,0,0,0,0,0,9,15,0
131894,17,221833,1,17,4,3,0,0,8,2,2,58,0.033333333,0,0,0,0,0,0,0,0,0,0,7,17,0
131896,117,148039,1,117,15,43,12,27,1,30,6,18,0.166666667,0,0,0,0,0,0,0,0,0,0,24,7,52
131906,264,652701,1,264,41,86,17,50,10,0,0,3,0.366666667,0,0,0,0,3,0,0,0,0,0,20,10,72
131920,382,652701,2,68,20,20,5,13,2,3,1,3,0.3,0,0,18,0,0,0,0,0,0,0,17,4,52
131921,2,41550,1,2,2,0,0,0,0,0,0,21,0.033333333,0,0,0,0,0,0,0,0,0,0,2,2,0
131936,132,652701,1,132,11,57,5,29,5,39,15,3,0.233333333,0,3,0,0,46,44,0,0,0,0,30,9,0
131945,2,652701,1,2,2,0,0,0,0,0,0,3,0.066666667,0,0,0,0,0,0,0,0,0,0,1,1,1
131948,309,148039,2,124,15,50,6,19,14,43,4,18,0.166666667,0,0,0,0,0,0,0,0,0,0,23,13,75
131959,672,195289,4,358,11,44,136,32,9,92,45,105,0.2,0,0,0,29,186,69,43,0,0,26,91,5,26
131963,154,221833,5,10,4,2,0,2,0,3,1,58,0.033333333,0,0,0,0,0,0,0,0,0,0,8,10,0
131973,1124,148039,6,51,5,19,0,12,3,14,8,18,0.066666667,0,0,0,0,0,0,0,0,0,0,22,25,0
131981,6,652701,1,6,1,2,0,1,0,0,0,3,0.033333333,0,0,0,0,0,0,0,0,0,0,4,6,0
131989,768,41550,3,1,1,0,0,0,0,0,0,21,0.033333333,0,0,0,0,0,0,0,0,0,0,1,1,0
131999,391,148039,4,14,6,3,0,2,0,2,2,18,0.033333333,0,0,0,0,0,0,0,0,0,0,9,14,0
132006,16,156596,1,16,2,5,0,1,0,6,6,224,0.033333333,0,0,0,0,0,0,0,0,0,0,8,16,0
132016,219,148039,3,7,3,4,0,0,0,1,0,18,0.066666667,0,0,0,0,0,0,0,0,0,0,4,4,0
132037,175,652701,1,175,51,41,16,27,11,5,2,3,0.266666667,34,0,31,0,0,0,0,0,0,0,22,38,28
132079,90,652701,1,90,12,24,0,16,28,7,5,3,0.166666667,0,0,0,0,18,11,0,0,0,0,17,38,16
132086,34,652701,2,33,10,14,0,2,0,0,0,3,0.133333333,0,0,0,0,0,0,0,0,0,0,9,7,26
132087,679,652701,5,37,6,6,10,3,0,0,0,3,0.033333333,0,0,0,0,0,0,0,0,0,0,9,37,0
132093,1,156596,1,1,1,0,0,0,0,0,0,224,0.033333333,0,0,0,0,0,0,0,0,0,0,1,1,0
132098,53,652701,1,53,7,16,0,10,1,0,0,3,0.1,0,0,0,0,0,0,0,0,0,0,8,11,0
132107,70,148039,1,70,14,19,6,13,3,19,8,18,0.066666667,0,0,0,0,0,0,0,0,0,0,16,17,53
132109,19,652701,1,19,4,5,0,3,0,0,0,3,0.033333333,0,0,0,0,0,0,0,0,0,0,7,19,0
132123,8,652701,1,8,3,2,0,1,1,0,0,3,0.066666667,0,0,0,0,0,0,0,0,0,0,5,7,0
132145,193,652701,2,5,1,2,0,1,0,0,0,3,0.033333333,0,0,0,0,0,0,0,0,0,0,4,5,0
132154,50,195289,2,22,4,6,2,4,0,6,4,105,0.066666667,0,0,0,0,4,0,0,0,0,0,12,18,0
132157,43,652701,2,7,2,3,0,1,0,0,0,3,0.066666667,0,0,0,0,0,0,0,0,0,0,5,1,0
132158,1,652701,1,1,1,0,0,0,0,0,0,3,0.033333333,0,0,0,0,0,0,0,0,0,0,1,1,0
132163,106,41550,1,106,3,11,0,9,0,49,42,21,0.033333333,0,0,0,0,0,0,0,0,0,0,52,106,0
132174,44,652701,1,44,11,12,0,5,8,0,0,3,0.033333333,0,0,0,0,0,0,0,0,0,0,8,44,0
132182,13,221833,2,1,1,0,0,0,0,0,0,58,0.033333333,0,0,0,0,0,0,0,0,0,0,1,1,0
132185,28,652701,1,28,8,2,0,0,15,0,0,3,0.066666667,3,0,0,0,0,0,0,0,0,0,6,25,0
132190,1173,208752,4,123,8,35,26,26,0,34,14,24,0.166666667,0,0,0,8,17,23,0,0,17,0,51,58,0
132195,79,195289,1,79,11,22,11,9,0,31,11,105,0.1,0,16,0,0,51,12,0,0,0,0,17,28,0
132213,154,195289,6,17,3,6,0,4,0,4,3,105,0.066666667,0,0,10,0,7,0,0,0,0,0,10,10,0
132217,1,38356,1,1,1,0,0,0,0,0,0,65,0.033333333,0,0,0,0,0,0,0,0,0,0,1,1,0
132222,47,221833,3,36,3,15,0,11,0,12,4,58,0.066666667,0,0,0,0,0,0,0,0,0,0,16,25,0
132242,35,652701,1,35,3,5,16,3,0,0,0,3,0.066666667,0,0,0,0,0,0,0,0,0,0,7,23,0
132269,376,156596,3,276,15,51,77,25,10,93,29,224,0.1,85,9,0,0,0,0,0,0,0,0,78,182,85
132295,81,41550,8,2,2,0,0,0,0,0,0,21,0.033333333,0,0,0,0,0,0,0,0,0,0,1,2,0
132304,24,652701,1,24,6,5,2,3,1,0,0,3,0.033333333,0,0,0,0,0,0,0,0,0,0,9,24,0
132310,72,652701,1,72,1,5,56,3,0,0,0,3,0.033333333,0,0,0,0,0,0,0,0,0,0,5,72,0
132333,26,221833,1,26,2,6,7,2,1,8,3,58,0.033333333,0,0,0,0,0,0,0,0,0,0,9,26,0
132335,65,652701,1,65,10,6,15,0,25,0,0,3,0.033333333,0,0,0,0,0,0,0,0,0,0,9,65,0
132343,10,652701,1,10,3,2,2,1,0,0,0,3,0.033333333,0,0,0,0,0,0,0,0,0,0,6,10,0
132354,55,652701,1,55,13,16,6,7,4,0,0,3,0.066666667,0,0,0,0,0,0,0,0,0,0,9,50,5
132367,1327,221833,6,247,31,58,28,37,29,71,12,58,0.166666667,0,0,0,0,0,0,0,0,0,0,42,206,3
132373,18,652701,1,18,6,2,0,1,4,0,0,3,0.033333333,0,0,0,0,0,0,0,0,0,0,7,18,0
132377,1327,652701,6,121,24,39,0,20,28,0,0,3,0.2,0,0,0,0,0,0,0,0,0,0,9,34,12
132404,71,652701,1,71,8,24,13,11,1,0,0,3,0.066666667,0,0,0,0,0,0,0,0,0,0,8,67,0
132415,201,195289,2,32,8,16,0,3,1,11,2,105,0.133333333,0,12,6,0,3,0,0,0,0,0,15,11,3
132429,974,221833,7,9,2,3,0,2,0,2,2,58,0.033333333,0,0,0,0,0,0,0,0,0,0,7,9,0
132438,393,221833,3,24,2,9,0,8,0,8,4,58,0.033333333,0,0,0,0,0,0,0,0,0,0,16,24,0
132448,4,41550,2,1,1,0,0,0,0,0,0,21,0.033333333,0,0,0,0,0,0,0,0,0,0,1,1,0
132449,5,652701,1,5,3,2,0,0,0,0,0,3,0.033333333,0,0,0,0,0,0,0,0,0,0,5,5,0
132459,6,652701,1,6,1,2,0,1,1,0,0,3,0.033333333,0,0,0,0,0,0,0,0,0,0,4,6,0
132466,12,652701,1,12,4,2,0,1,1,0,0,3,0.033333333,0,0,0,0,0,0,0,0,0,0,4,12,0
132472,21,221833,2,1,1,0,0,0,0,0,0,58,0.033333333,0,0,0,0,0,0,0,0,0,0,1,1,0
132481,1,652701,1,1,1,0,0,0,0,0,0,3,0.033333333,0,0,0,0,0,0,0,0,0,0,1,1,0
132540,43,652701,2,37,16,7,3,4,1,0,0,3,0.133333333,0,0,0,0,0,0,0,0,0,0,10,29,1
132544,11,652701,1,11,5,2,0,1,1,0,0,3,0.033333333,0,0,0,0,0,0,0,0,0,0,6,11,0
132549,32,652701,1,32,10,7,0,3,4,0,0,3,0.066666667,0,0,0,0,0,0,0,0,0,0,8,15,0
132555,71,148039,4,25,4,12,0,6,0,5,3,18,0.1,0,0,0,0,0,0,0,0,0,0,8,3,14
132556,2,156596,2,1,1,0,0,0,0,0,0,224,0.033333333,0,0,0,0,0,0,0,0,0,0,1,1,0
132570,113,652701,1,113,18,30,0,18,8,0,0,3,0.133333333,0,0,0,0,0,0,0,0,0,0,14,88,5
132576,400,148039,4,132,15,46,0,33,13,34,14,18,0.2,0,0,0,0,0,0,0,0,0,0,22,54,21
132628,15,221833,1,15,4,6,0,3,0,3,2,58,0.033333333,0,0,0,0,0,0,0,0,0,0,9,15,0
132634,296,652701,2,172,32,55,10,36,12,17,13,3,0.333333333,0,0,0,74,0,0,0,0,0,0,35,11,30
132654,38,652701,1,38,14,10,2,6,0,0,0,3,0.133333333,0,0,0,0,0,0,0,0,0,0,9,4,0
132661,763,652701,7,42,11,18,2,9,0,0,0,3,0.2,0,0,0,0,7,0,0,0,0,0,9,5,16
132667,93,221833,2,79,7,10,22,7,6,21,7,58,0.066666667,0,0,0,0,0,0,0,0,0,0,20,19,0
132679,53,652701,1,53,9,12,5,7,0,0,0,3,0.033333333,0,0,0,0,0,0,0,0,0,0,10,53,0
132682,166,41550,4,2,2,0,0,0,0,0,0,21,0.033333333,0,0,0,0,0,0,0,0,0,0,1,2,0
132683,11,148039,1,11,1,4,0,3,0,3,2,18,0.033333333,0,0,0,0,0,0,0,0,0,0,7,11,0
132689,124,652701,2,24,5,9,0,4,0,0,0,3,0.066666667,0,0,0,0,0,0,0,0,0,0,6,10,0
132692,2050,148039,11,29,5,8,2,6,0,9,3,18,0.066666667,0,0,0,0,0,0,0,0,0,0,12,14,0
132702,35,652701,1,35,9,14,1,7,2,0,0,3,0.066666667,0,0,0,0,0,0,0,0,0,0,8,4,31
132704,223,148039,2,2,2,0,0,0,0,0,0,18,0.066666667,0,0,0,0,0,0,0,0,0,0,1,1,0
132710,8,148039,1,8,1,3,0,2,0,2,2,18,0.033333333,0,0,0,0,0,0,0,0,0,0,6,8,0
132712,12,652701,1,12,9,0,0,0,2,0,0,3,0.033333333,0,0,0,0,0,0,0,0,0,0,6,12,0
132716,294,652701,3,2,2,0,0,0,0,0,0,3,0.066666667,0,1,0,0,0,0,0,0,0,0,1,1,0
132728,8,652701,1,8,4,2,0,1,0,0,0,3,0.033333333,0,0,0,0,0,0,0,0,0,0,6,8,0
132729,14,652701,1,14,6,2,0,1,3,0,0,3,0.033333333,0,0,0,0,0,0,0,0,0,0,7,14,0
132741,276,652701,2,124,19,41,9,20,17,12,7,3,0.166666667,0,0,0,0,59,0,0,0,0,0,27,8,0
132759,62,148039,2,48,2,12,11,10,0,14,6,18,0.066666667,0,0,0,0,0,0,0,0,0,0,19,26,22
132764,164,652701,2,7,2,3,0,2,0,0,0,3,0.033333333,0,0,0,0,0,0,0,0,0,0,4,7,0
132771,7,652701,1,7,3,2,0,1,0,0,0,3,0.033333333,0,0,0,0,0,0,0,0,0,0,5,7,0
132794,2,195289,1,2,2,0,0,0,0,0,0,105,0.033333333,0,0,0,0,2,0,0,0,0,0,2,2,0
132798,335,195289,3,52,36,3,0,2,0,8,5,105,0.066666667,0,0,0,0,1,0,0,0,0,0,10,51,0
132802,58,652701,1,58,15,15,0,9,1,0,0,3,0.1,0,0,0,0,0,0,0,0,0,0,9,33,18
132805,48,652701,1,48,12,8,0,5,5,0,0,3,0.033333333,0,0,0,0,0,0,0,0,0,0,9,48,0
132825,8,652701,1,8,3,2,0,1,1,0,0,3,0.033333333,0,0,0,0,0,0,0,0,0,0,6,8,0
132828,231,195289,2,115,7,26,18,17,0,37,20,105,0.166666667,0,0,33,0,61,0,0,0,0,4,23,7,10
132866,11,652701,1,11,2,2,0,0,0,0,0,3,0.066666667,0,0,0,0,0,0,0,0,0,0,5,11,0
132872,2,148039,2,1,1,0,0,0,0,0,0,18,0.033333333,0,0,0,0,0,0,0,0,0,0,1,1,0
132887,89,41550,3,22,5,10,0,6,0,5,0,21,0.066666667,0,0,0,0,0,0,0,0,0,0,8,13,9
132889,1,652701,1,1,1,0,0,0,0,0,0,3,0.033333333,0,0,0,0,0,0,0,0,0,0,1,1,0
132906,32,652701,1,32,11,5,0,3,5,0,0,3,0.066666667,0,0,0,0,0,0,0,0,0,0,8,21,0
132909,28,652701,1,28,5,9,5,1,5,0,0,3,0.033333333,0,0,0,0,0,0,0,0,0,0,5,28,0
132919,16,148039,1,16,2,4,1,3,0,6,2,18,0.033333333,0,0,0,0,0,0,0,0,0,0,9,16,0
132922,479,195289,10,1,1,0,0,0,0,0,0,105,0.033333333,0,0,0,0,1,0,0,0,0,0,1,1,0
132931,8,652701,1,8,8,0,0,0,0,0,0,3,0.066666667,0,0,0,0,0,0,0,0,0,0,2,7,1
132932,195,156596,3,97,24,26,12,18,13,10,1,224,0.033333333,97,0,0,0,0,0,0,0,0,0,18,97,0
132937,42,652701,1,42,9,10,13,1,4,0,0,3,0.033333333,0,0,0,0,0,0,0,0,0,0,8,42,0
132952,33,652701,1,33,6,6,1,0,11,0,0,3,0.066666667,0,0,0,0,0,0,0,0,0,0,8,32,0
132958,70,195289,4,22,13,4,0,2,0,3,0,105,0.033333333,0,0,0,0,22,0,0,0,0,0,8,22,0
132964,57,652701,3,27,7,6,0,4,1,0,0,3,0.033333333,0,0,0,0,0,0,0,0,0,0,8,27,0
132974,70,221833,4,17,5,4,0,3,0,8,0,58,0.033333333,0,0,0,0,0,0,0,0,0,0,7,17,0
132997,46,652701,2,28,5,7,5,4,0,0,0,3,0.033333333,0,0,0,0,0,0,0,0,0,0,8,28,0
133015,1,208752,1,1,1,0,0,0,0,0,0,24,0.033333333,0,0,0,1,0,0,0,0,0,0,1,1,0
133033,34,652701,1,34,12,9,2,5,1,0,0,3,0.033333333,0,0,0,0,0,0,0,0,0,0,9,34,0
133038,281,652701,1,281,46,71,4,44,55,33,23,3,0.266666667,27,0,0,51,59,0,0,0,0,0,32,37,121
133044,479,148039,10,8,7,0,0,0,1,0,0,18,0.133333333,0,1,0,0,0,0,0,0,0,0,3,3,0
133047,62,208752,3,46,2,24,0,11,0,22,7,24,0.033333333,0,0,0,46,0,0,0,0,0,0,13,46,0
133070,280,148039,2,279,19,74,24,45,41,82,21,18,0.366666667,0,14,0,0,0,10,37,0,0,0,46,59,54
133078,45,652701,1,45,2,1,39,0,0,0,0,3,0.066666667,0,0,0,0,0,0,0,0,0,0,5,44,1
133084,142,156596,3,61,10,20,0,8,0,30,11,224,0.066666667,53,0,0,0,0,0,0,0,0,0,15,53,0
133092,13,195289,1,13,8,0,0,0,4,0,0,105,0.033333333,0,0,0,0,13,0,0,0,0,0,5,13,0
133107,96,652701,1,96,17,27,25,9,4,0,0,3,0.133333333,0,0,0,0,0,0,0,0,0,0,9,27,52
133110,860,652701,6,37,5,12,8,7,0,0,0,3,0.166666667,0,0,0,0,0,0,0,0,0,0,6,5,16
133114,39,652701,1,39,5,10,8,5,1,0,0,3,0.1,0,0,0,0,0,0,0,0,0,0,7,21,0
133124,81,652701,2,80,12,16,5,9,28,0,0,3,0.1,0,0,0,0,0,0,0,0,0,0,9,55,0
133129,46,41550,2,11,3,5,0,2,0,2,1,21,0.033333333,0,0,0,0,0,0,0,0,0,0,7,11,0
133142,10,652701,1,10,3,2,0,1,2,0,0,3,0.033333333,0,0,0,0,0,0,0,0,0,0,6,10,0
133155,339,221833,2,91,6,18,22,14,0,25,12,58,0.133333333,0,0,0,0,0,7,0,0,0,0,30,79,0
133171,1,652701,1,1,1,0,0,0,0,0,0,3,0.033333333,0,0,0,0,0,0,0,0,0,0,1,1,0
133179,1,652701,1,1,1,0,0,0,0,0,0,3,0.033333333,0,0,0,0,0,0,0,0,0,0,1,1,0
133182,15,652701,1,15,7,2,0,1,1,0,0,3,0.033333333,0,0,0,0,0,0,0,0,0,0,7,15,0
133186,17,148039,2,13,5,4,0,2,0,3,2,18,0.033333333,0,0,0,0,0,0,0,0,0,0,7,13,0
133195,185,652701,1,185,46,42,17,27,17,14,7,3,0.2,0,0,0,0,48,0,0,0,0,0,27,49,24
133213,198,208752,2,85,4,14,18,11,0,31,18,24,0.066666667,0,0,0,47,0,0,0,0,0,0,36,85,0
133214,7,652701,1,7,3,0,0,0,3,0,0,3,0.033333333,0,0,0,0,0,0,0,0,0,0,4,7,0
133220,48,195289,3,9,3,4,0,0,0,3,2,105,0.066666667,0,0,0,0,1,0,0,0,0,8,7,1,0
133222,111,221833,3,5,5,0,0,0,0,0,0,58,0.033333333,0,0,0,0,0,0,0,0,0,0,4,5,0
133228,1,652701,1,1,1,0,0,0,0,0,0,3,0.033333333,0,0,0,0,0,0,0,0,0,0,1,1,0
133230,465,195289,8,9,2,3,0,2,0,2,2,105,0.033333333,0,0,0,0,9,0,0,0,0,0,7,9,0
133235,28,652701,5,1,1,0,0,0,0,0,0,3,0.033333333,0,0,0,0,0,0,0,0,0,0,1,1,0
133241,15,148039,1,15,3,6,0,3,1,3,2,18,0.033333333,0,0,0,0,0,0,0,0,0,0,8,15,0
133248,10,652701,1,10,3,2,0,1,0,0,0,3,0.033333333,0,0,0,0,0,0,0,0,0,0,6,10,0
133258,39,41550,2,1,1,0,0,0,0,0,0,21,0.033333333,0,0,0,0,0,0,0,0,0,0,1,1,0
133264,23,208752,1,23,1,5,2,4,0,9,6,24,0.033333333,0,0,0,23,0,0,0,0,0,0,10,23,0
133272,29,652701,1,29,5,11,2,5,0,0,0,3,0.1,0,0,0,0,0,0,0,0,0,0,8,24,5
133274,106,156596,1,106,4,10,13,7,2,56,23,224,0.033333333,106,0,0,0,0,0,0,0,0,0,36,106,0
133298,301,41550,5,14,2,6,0,5,0,5,1,21,0.033333333,0,0,0,0,0,0,0,0,0,0,9,14,0
133299,13,652701,1,13,4,2,0,1,1,0,0,3,0.066666667,0,0,0,0,0,0,0,0,0,0,5,1,0
133302,183,148039,2,28,3,7,4,5,0,7,3,18,0.066666667,0,0,0,0,0,0,0,0,0,0,12,21,7
133303,2,652701,1,2,2,0,0,0,0,0,0,3,0.033333333,0,0,0,0,0,0,0,0,0,0,2,2,0
133304,974,41550,12,19,2,2,0,1,14,1,0,21,0.033333333,0,0,0,0,0,0,0,0,0,0,4,19,0
133308,41,652701,1,41,8,5,7,3,9,0,0,3,0.033333333,0,0,0,0,0,0,0,0,0,0,9,41,0
133328,8,652701,1,8,4,2,0,1,0,0,0,3,0.033333333,0,0,0,0,0,0,0,0,0,0,6,8,0
133333,1,41550,1,1,1,0,0,0,0,0,0,21,0.033333333,0,0,0,0,0,0,0,0,0,0,1,1,0
133336,34,652701,1,34,4,5,4,3,8,0,0,3,0.066666667,0,0,0,0,0,0,0,0,0,0,7,14,20
133343,771,148039,5,67,9,24,0,17,0,18,10,18,0.166666667,10,0,0,0,0,0,15,0,0,0,26,21,30
133347,70,652701,1,70,8,17,15,8,11,0,0,3,0.1,0,0,0,0,0,0,0,0,0,0,8,32,3
133381,93,652701,2,92,13,30,6,15,2,3,2,3,0.2,0,0,0,0,0,16,0,0,0,0,21,21,12
133383,36,148039,2,9,2,3,0,2,0,2,2,18,0.033333333,0,0,0,0,0,0,0,0,0,0,5,9,0
133388,17,652701,1,17,5,2,0,1,1,0,0,3,0.033333333,0,0,0,0,0,0,0,0,0,0,6,17,0
133390,13,195289,2,11,4,2,0,2,1,2,2,105,0.033333333,0,0,0,0,11,0,0,0,0,0,8,11,0
133394,198,195289,2,60,14,11,9,5,0,17,7,105,0.1,0,0,6,0,53,0,0,0,0,0,16,1,0
133395,226,148039,4,48,5,15,8,11,0,10,5,18,0.1,8,0,0,0,0,0,0,0,0,0,21,33,7
133405,41,652701,1,41,4,8,22,0,1,0,0,3,0.033333333,0,0,0,0,0,0,0,0,0,0,7,41,0
133414,10,652701,1,10,5,2,0,1,0,0,0,3,0.033333333,0,0,0,0,0,0,0,0,0,0,7,10,0
133418,68,156596,2,67,13,24,8,11,2,27,2,224,0.1,50,1,0,0,0,0,0,0,0,0,20,16,0
133421,6,156596,2,1,1,0,0,0,0,0,0,224,0.033333333,1,0,0,0,0,0,0,0,0,0,1,1,0
133422,51,652701,1,51,8,20,0,12,2,0,0,3,0.2,0,0,0,0,0,0,0,0,0,0,10,23,0
133439,4,652701,1,4,1,2,0,0,0,0,0,3,0.033333333,0,0,0,0,0,0,0,0,0,0,4,4,0
133477,28,221833,3,1,1,0,0,0,0,0,0,58,0.033333333,0,0,0,0,0,0,0,0,0,0,1,1,0
133482,2,148039,1,2,2,0,0,0,0,0,0,18,0.033333333,0,0,0,0,0,0,0,0,0,0,1,2,0
133495,276,156596,3,182,24,22,14,16,28,66,21,224,0.133333333,113,0,0,0,0,0,0,0,7,0,26,65,0
133506,47,652701,1,47,8,18,0,7,3,0,0,3,0.033333333,0,0,0,0,0,0,0,0,0,0,8,47,0
133515,79,148039,4,63,22,21,0,12,2,8,5,18,0.133333333,0,0,0,0,0,0,0,0,0,0,12,18,0
133522,28,208752,2,12,4,2,0,1,0,3,3,24,0.033333333,0,0,0,0,0,0,0,0,0,0,7,12,0
133528,169,38356,5,70,12,11,9,10,0,29,9,65,0.133333333,0,53,2,5,0,0,0,0,0,0,24,53,10
133530,47,652701,1,47,7,8,3,6,12,0,0,3,0.033333333,0,0,0,0,0,0,0,0,0,0,9,47,0
133533,2,652701,1,2,2,0,0,0,0,0,0,3,0.033333333,0,0,0,0,0,0,0,0,0,0,2,2,0
133543,18,148039,2,1,1,0,0,0,0,0,0,18,0.033333333,0,0,0,0,0,0,0,0,0,0,1,1,0
133553,314,195289,5,94,12,30,4,17,0,29,10,105,0.2,0,0,4,0,0,0,4,0,0,0,14,64,14
133563,17,652701,1,17,6,6,0,3,0,0,0,3,0.066666667,0,0,0,0,0,0,0,0,0,0,6,9,0
133568,2,652701,1,2,2,0,0,0,0,0,0,3,0.033333333,0,0,0,0,0,0,0,0,0,0,1,2,0
133571,1,652701,1,1,1,0,0,0,0,0,0,3,0.033333333,0,0,0,0,0,0,0,0,0,0,1,1,0
133576,83,652701,1,83,17,17,9,10,1,0,0,3,0.033333333,0,0,0,0,0,0,0,0,0,0,9,83,0
133577,34,652701,1,34,10,5,2,3,4,0,0,3,0.033333333,0,0,0,0,0,0,0,0,0,0,10,34,0
133578,63,195289,3,53,10,19,0,12,1,12,10,105,0.1,0,0,15,0,0,0,0,0,0,0,13,8,30
133584,205,208752,8,1,1,0,0,0,0,0,0,24,0.033333333,0,0,0,0,0,0,0,0,0,0,1,1,0
133590,178,195289,3,3,3,0,0,0,0,0,0,105,0.066666667,0,0,2,0,0,0,0,0,0,0,2,1,2
133592,127,221833,2,126,1,43,21,3,23,61,7,58,0.033333333,0,0,0,0,0,0,0,0,0,0,27,126,0
133594,1,148039,1,1,1,0,0,0,0,0,0,18,0.033333333,0,0,0,0,0,0,0,0,0,0,1,1,0
133603,16,41550,1,16,2,8,0,6,0,7,0,21,0.033333333,0,0,0,0,0,0,0,0,0,0,5,16,0
133610,2,148039,2,1,1,0,0,0,0,0,0,18,0.033333333,0,0,0,0,0,0,0,0,0,0,1,1,0
133611,61,652701,1,61,13,9,2,5,23,0,0,3,0.133333333,0,0,0,0,0,0,0,0,0,0,10,1,52
133645,117,41550,5,1,1,0,0,0,0,0,0,21,0.033333333,0,0,0,0,0,0,0,0,0,0,1,1,0
133649,105,652701,3,57,17,17,6,7,3,0,0,3,0.133333333,0,0,0,0,0,0,0,0,0,0,10,5,0
133651,81,221833,1,81,4,16,21,5,1,34,10,58,0.1,0,0,0,0,0,0,0,0,0,0,31,2,0
133655,33,652701,1,33,6,5,0,3,15,0,0,3,0.033333333,0,0,0,0,0,0,0,0,0,0,8,33,0
133666,829,221833,9,139,21,33,16,23,0,47,13,58,0.2,1,0,0,0,0,0,0,0,0,0,36,12,19
133671,1181,221833,2,130,9,31,20,7,7,56,3,58,0.133333333,0,0,0,61,12,0,0,0,0,0,34,27,0
133672,445,156596,1,445,27,64,147,47,3,110,48,224,0.233333333,0,82,0,0,0,0,0,0,0,0,142,211,37
133673,23,652701,1,23,8,2,0,2,7,0,0,3,0.033333333,0,0,0,0,0,0,0,0,0,0,7,23,0
133678,394,652701,6,20,4,7,0,4,0,0,0,3,0.1,0,0,0,0,0,0,0,0,0,0,5,6,0
133700,8,221833,1,8,4,2,0,1,0,1,1,58,0.033333333,0,0,0,0,0,0,0,0,0,0,7,8,0
133708,16,652701,1,16,4,3,0,1,2,0,0,3,0.033333333,0,0,0,0,0,0,0,0,0,0,7,16,0
133711,51,41550,4,29,3,10,0,9,0,11,5,21,0.033333333,0,0,0,0,0,0,0,0,0,0,17,29,0
133730,19,41550,2,18,7,11,0,0,0,6,0,21,0.066666667,0,0,0,0,0,0,0,0,0,16,9,2,16
133742,1,41550,1,1,1,0,0,0,0,0,0,21,0.033333333,0,0,0,0,0,0,0,0,0,0,1,1,0
133743,13,41550,1,13,6,3,0,2,1,2,0,21,0.033333333,0,0,0,0,0,0,0,0,0,0,7,13,0
133750,41,221833,1,41,1,12,0,11,0,20,7,58,0.033333333,0,0,0,0,0,0,0,0,0,0,14,41,0
133789,21,652701,1,21,5,8,0,5,0,0,0,3,0.1,0,0,0,0,0,0,0,0,0,0,6,7,7
133799,18,652701,1,18,5,6,0,4,0,2,2,3,0.066666667,0,0,0,0,12,0,0,0,0,0,11,6,0
133824,13,41550,2,2,2,0,0,0,0,0,0,21,0.033333333,0,0,0,0,0,0,0,0,0,0,2,2,0
133830,1,41550,1,1,1,0,0,0,0,0,0,21,0.033333333,0,0,0,0,0,0,0,0,0,0,1,1,0
133835,127,41550,2,1,1,0,0,0,0,0,0,21,0.033333333,0,0,0,0,0,0,0,0,0,0,1,1,0
133837,83,652701,1,83,10,25,8,5,16,0,0,3,0.133333333,0,0,0,0,0,0,0,0,0,0,14,10,34
133846,99,652701,2,2,2,0,0,0,0,0,0,3,0.066666667,0,0,0,0,0,0,0,0,0,0,1,1,0
133855,15,41550,2,12,2,5,0,0,0,5,4,21,0.033333333,0,0,0,0,0,0,0,0,0,0,10,12,0
133868,18,221833,1,18,9,4,0,2,1,1,1,58,0.033333333,0,0,0,0,0,0,0,0,0,0,10,18,0
133891,19,652701,1,19,4,2,1,1,4,0,0,3,0.033333333,0,0,0,0,0,0,0,0,0,0,7,19,0
133897,38,652701,2,6,1,2,0,0,0,0,0,3,0.033333333,0,0,0,0,0,0,0,0,0,0,4,6,0
133902,22,652701,1,22,7,4,2,2,1,0,0,3,0.033333333,0,0,0,0,0,0,0,0,0,0,10,22,0
133939,35,148039,2,11,4,3,0,2,0,2,2,18,0.033333333,0,0,0,0,0,0,0,0,0,0,6,11,0
133965,67,221833,1,67,8,19,0,16,1,27,8,58,0.033333333,0,0,0,0,0,0,0,0,0,0,20,67,0
133971,1,652701,1,1,1,0,0,0,0,0,0,3,0.033333333,0,0,0,0,0,0,0,0,0,0,1,1,0
133974,2359,41550,11,6,1,3,0,2,0,2,0,21,0.033333333,0,0,0,0,0,0,0,0,0,0,4,6,0
133978,2359,221833,11,365,28,71,80,52,8,98,29,58,0.233333333,0,0,0,0,0,0,0,0,0,0,61,13,218
133981,130,652701,2,110,14,10,8,6,56,0,0,3,0.066666667,0,0,0,0,0,0,0,0,0,0,9,85,0
134000,47,652701,3,10,5,2,0,1,0,0,0,3,0.033333333,0,0,0,0,0,0,0,0,0,0,8,10,0
134009,151,208752,2,150,15,35,15,28,2,51,23,24,0.1,0,0,0,0,0,0,0,0,78,0,40,150,0
134022,9,652701,1,9,5,2,0,1,0,0,0,3,0.033333333,0,0,0,0,0,0,0,0,0,0,7,9,0
134027,151,652701,8,68,12,27,0,14,4,0,0,3,0.133333333,0,0,0,0,0,0,0,0,0,0,12,29,0
134032,74,652701,2,30,9,12,0,6,0,1,1,3,0.133333333,0,0,0,8,8,0,0,0,0,0,10,5,0
134037,49,652701,1,49,16,18,1,0,4,0,0,3,0.133333333,0,0,0,0,0,0,0,0,0,0,10,5,24
134044,22,652701,2,20,7,6,0,4,0,0,0,3,0.066666667,0,0,0,0,0,0,0,0,0,0,9,11,0
134062,609,221833,3,72,5,17,0,14,0,36,10,58,0.033333333,0,0,0,0,0,0,0,0,0,0,18,72,0
134063,599,148039,7,48,10,22,0,10,1,7,4,18,0.166666667,0,0,0,0,0,0,0,0,0,0,10,18,21
134072,13,41550,1,13,8,2,0,1,0,2,0,21,0.033333333,0,0,0,0,0,0,0,0,0,0,6,13,0
134077,10,41550,2,2,2,0,0,0,0,0,0,21,0.033333333,0,0,0,0,0,0,0,0,0,0,2,2,0
134087,20,652701,1,20,3,5,0,1,5,0,0,3,0.033333333,0,0,0,0,0,0,0,0,0,0,4,20,0
134108,11,652701,1,11,4,4,0,2,0,0,0,3,0.033333333,0,0,0,0,0,0,0,0,0,0,7,11,0
134121,58,148039,2,11,8,1,0,1,0,1,1,18,0.033333333,0,0,0,0,0,0,0,0,0,0,6,11,0
134122,1,41550,1,1,1,0,0,0,0,0,0,21,0.033333333,0,0,0,0,0,0,0,0,0,0,1,1,0
134125,1,652701,1,1,1,0,0,0,0,0,0,3,0.033333333,0,0,0,0,0,0,0,0,0,0,1,1,0
134134,2,652701,1,2,2,0,0,0,0,0,0,3,0.033333333,0,0,0,0,0,0,0,0,0,0,1,2,0
134179,5,221833,1,5,1,2,0,1,0,1,1,58,0.033333333,0,0,0,0,0,0,0,0,0,0,4,5,0
134184,40,41550,1,40,4,15,0,12,1,18,0,21,0.033333333,0,0,0,0,0,0,0,0,0,0,12,40,0
134188,1,208752,1,1,1,0,0,0,0,0,0,24,0.033333333,0,0,0,0,0,0,0,0,0,0,1,1,0
134203,31,208752,2,14,1,6,0,2,0,7,3,24,0.033333333,0,0,0,0,0,0,0,0,0,0,7,14,0
134207,2,41550,1,2,2,0,0,0,0,0,0,21,0.033333333,0,0,0,0,0,0,0,0,0,0,2,2,0
134213,271,221833,4,26,2,8,2,7,1,8,4,58,0.033333333,0,0,0,0,0,0,0,0,0,0,9,26,0
134236,17,652701,1,17,2,2,10,1,0,0,0,3,0.033333333,0,0,0,0,0,0,0,0,0,0,6,17,0
134258,47,652701,1,47,6,7,16,4,0,0,0,3,0.033333333,0,0,0,0,0,0,0,0,0,0,9,47,0
134277,984,38356,7,1,1,0,0,0,0,0,0,65,0.033333333,0,0,0,0,0,0,0,0,0,0,1,1,0
134290,29,148039,2,16,6,5,0,3,0,2,2,18,0.033333333,0,0,0,0,0,0,0,0,0,0,8,16,0
134292,56,652701,1,56,7,5,0,0,33,0,0,3,0.033333333,0,0,0,0,0,0,0,0,0,0,9,56,0
134293,27,195289,3,1,1,0,0,0,0,0,0,105,0.033333333,0,0,1,0,0,0,0,0,0,0,1,1,0
134299,17,652701,1,17,8,3,0,2,1,0,0,3,0.066666667,0,0,0,0,0,0,0,0,0,0,7,15,2
134320,8,652701,1,8,1,2,2,1,0,0,0,3,0.033333333,0,0,0,0,0,0,0,0,0,0,5,8,0
134321,934,221833,7,56,4,7,18,6,0,15,4,58,0.1,0,0,0,0,0,0,0,0,0,0,23,1,0
134327,48,652701,1,48,8,6,9,4,6,0,0,3,0.033333333,0,0,0,0,0,0,0,0,0,0,10,48,0
134330,54,208752,1,54,8,12,0,9,3,16,14,24,0.033333333,0,0,0,0,0,0,0,0,0,0,25,54,0
134338,8,156596,1,8,2,2,0,1,0,2,2,224,0.033333333,0,0,0,0,0,0,0,0,0,0,6,8,0
134349,30,148039,2,1,1,0,0,0,0,0,0,18,0.033333333,0,0,0,0,0,0,0,0,0,0,1,1,0
134350,173,652701,2,25,7,5,1,3,0,0,0,3,0.1,0,0,0,0,0,0,0,0,0,0,9,24,1
134352,21,195289,3,3,3,0,0,0,0,0,0,105,0.033333333,0,0,3,0,0,0,0,0,0,0,2,3,0
134364,189,148039,3,98,17,33,0,27,5,25,14,18,0.133333333,0,0,0,0,0,39,0,0,0,0,34,18,39
134371,500,148039,2,1,1,0,0,0,0,0,0,18,0.033333333,0,0,0,0,0,0,0,0,0,0,1,1,0
134373,28,652701,1,28,8,7,0,4,3,0,0,3,0.1,0,0,0,0,0,0,0,0,0,0,9,8,0
134384,189,195289,3,86,5,27,8,23,0,23,18,105,0.1,0,0,55,0,0,0,0,0,0,25,39,6,0
134385,290,652701,3,26,7,5,3,4,0,0,0,3,0.1,0,22,0,0,0,0,0,0,0,0,9,4,0
134396,4,41550,1,4,1,2,0,1,0,1,0,21,0.033333333,0,0,0,0,0,0,0,0,0,0,3,4,0
134403,86,652701,1,86,13,15,16,10,8,0,0,3,0.1,0,0,0,0,0,0,0,0,0,0,9,63,0
134416,1,652701,1,1,1,0,0,0,0,0,0,3,0.033333333,0,0,0,0,0,0,0,0,0,0,1,1,0
134424,71,652701,2,48,12,9,13,5,0,0,0,3,0.066666667,0,0,0,0,0,0,0,0,0,0,10,40,8
134435,308,221833,2,245,27,43,33,38,7,87,14,58,0.1,0,0,0,0,0,0,0,0,0,0,33,221,0
134436,18,652701,1,18,7,2,0,1,0,0,0,3,0.066666667,1,0,0,0,0,0,0,0,0,0,7,17,0
134439,7,221833,1,7,3,2,0,1,0,1,1,58,0.033333333,0,0,0,0,0,0,0,0,0,0,6,7,0
134467,9,148039,2,6,3,3,0,0,0,2,0,18,0.033333333,0,0,0,0,0,0,0,0,0,0,3,6,0
134470,112,221833,1,112,20,28,0,19,20,33,6,58,0.133333333,0,0,0,0,0,0,0,0,0,0,20,19,0
134491,81,652701,3,9,3,2,0,1,2,0,0,3,0.033333333,0,0,0,0,0,0,0,0,0,0,6,9,0
134506,4,41550,2,2,2,0,0,0,0,0,0,21,0.033333333,0,0,0,0,0,0,0,0,0,0,2,2,0
134512,4,652701,2,2,2,0,0,0,0,0,0,3,0.033333333,0,0,0,0,0,0,0,0,0,0,2,2,0
134517,34,652701,1,34,11,2,6,1,7,0,0,3,0.033333333,0,0,0,0,0,0,0,0,0,0,8,34,0
134520,803,195289,4,46,7,16,2,7,1,14,5,105,0.066666667,0,0,6,0,0,0,0,0,40,0,15,6,0
134524,28,41550,1,28,10,8,0,5,3,3,1,21,0.033333333,0,0,0,0,0,0,0,0,0,0,9,28,0
134527,15,652701,1,15,3,7,0,4,0,0,0,3,0.033333333,0,0,0,0,0,0,0,0,0,0,6,15,0
134540,30,652701,3,28,7,12,0,5,0,0,0,3,0.066666667,0,0,0,0,0,0,0,0,0,0,9,16,0
134563,33,148039,3,6,2,2,0,1,0,1,1,18,0.033333333,0,0,0,0,0,0,0,0,0,0,5,6,0
134568,26,652701,1,26,4,7,6,2,2,0,0,3,0.033333333,0,0,0,0,0,0,0,0,0,0,8,26,0
134583,7,652701,1,7,6,0,0,0,0,0,0,3,0.033333333,0,0,0,0,0,0,0,0,0,0,5,7,0
134610,23,652701,1,23,4,11,0,7,0,0,0,3,0.133333333,0,0,0,0,0,0,0,0,0,0,7,12,0
134614,38,652701,1,38,8,13,1,7,3,0,0,3,0.1,0,0,0,0,0,0,0,0,0,0,8,11,0
134622,29,652701,1,29,3,2,10,1,6,0,0,3,0.033333333,0,0,0,0,0,0,0,0,0,0,6,29,0
134632,4,195289,3,1,1,0,0,0,0,0,0,105,0.033333333,0,0,1,0,0,0,0,0,0,0,1,1,0
134650,163,148039,2,151,19,55,3,30,18,39,15,18,0.1,0,0,0,0,0,0,0,0,0,0,29,98,0
134672,9,148039,1,9,5,2,0,1,0,2,0,18,0.033333333,0,0,0,0,0,0,0,0,0,0,6,9,0
134675,7,148039,1,7,3,2,0,1,0,1,1,18,0.033333333,0,0,0,0,0,0,0,0,0,0,5,7,0
134680,52,652701,2,7,3,2,0,1,0,0,0,3,0.066666667,0,0,0,0,0,0,0,0,0,0,4,3,0
134686,127,208752,1,127,11,18,17,13,3,47,26,24,0.066666667,0,0,0,0,0,0,0,0,0,0,51,63,0
134689,578,148039,9,14,3,5,0,4,0,4,2,18,0.066666667,0,0,0,0,0,0,0,0,0,0,8,13,0
134703,5,208752,1,5,2,2,0,0,0,2,0,24,0.033333333,0,0,0,0,0,0,0,0,0,0,4,5,0
134705,1,41550,1,1,1,0,0,0,0,0,0,21,0.033333333,0,0,0,0,0,0,0,0,0,0,1,1,0
134708,110,38356,4,1,1,0,0,0,0,0,0,65,0.033333333,0,0,0,0,0,0,0,0,0,0,1,1,0
134710,12,652701,1,12,1,6,0,3,0,0,0,3,0.033333333,0,0,0,0,0,0,0,0,0,0,5,12,0
134717,80,652701,1,80,13,14,9,10,6,0,0,3,0.066666667,0,0,0,0,0,0,0,0,0,0,16,35,45
134721,48,148039,1,48,6,17,2,13,0,14,8,18,0.1,0,0,0,9,0,0,0,0,0,0,16,33,0
134723,105,652701,1,105,16,22,13,14,16,0,0,3,0.133333333,0,0,0,0,0,0,0,0,0,0,14,75,7
134744,56,652701,1,56,10,9,0,4,11,0,0,3,0.066666667,0,0,0,0,0,0,0,0,0,0,8,48,0
134763,1329,195289,3,14,4,5,0,3,0,2,2,105,0.1,0,9,1,0,0,0,0,0,4,0,8,9,0
134771,48,652701,2,33,9,20,0,0,0,10,0,3,0.166666667,0,0,0,11,4,0,0,0,0,0,15,9,15
134777,38,652701,1,38,9,14,0,8,4,0,0,3,0.166666667,0,0,0,0,0,0,0,0,0,0,6,3,11
134781,1,652701,1,1,1,0,0,0,0,0,0,3,0.033333333,0,0,0,0,0,0,0,0,0,0,1,1,0
134784,64,652701,1,64,7,13,24,4,0,0,0,3,0.033333333,0,0,0,0,0,0,0,0,0,0,9,64,0
134793,29,41550,1,29,4,13,0,11,0,11,1,21,0.033333333,0,0,0,0,0,0,0,0,0,0,11,29,0
134794,19,41550,1,19,10,0,0,0,8,0,0,21,0.033333333,0,0,0,0,0,0,0,0,0,0,6,19,0
134795,6,652701,1,6,1,2,0,1,0,0,0,3,0.033333333,0,0,0,0,0,0,0,0,0,0,4,6,0
134799,36,652701,1,36,4,4,20,2,0,0,0,3,0.066666667,0,0,0,0,0,0,0,0,0,0,9,35,1
134805,481,148039,9,9,2,3,0,2,0,2,2,18,0.033333333,0,0,0,0,0,0,0,0,0,0,7,9,0
134817,27,221833,2,21,11,5,0,3,0,3,1,58,0.033333333,0,0,0,0,0,0,0,0,0,0,11,21,0
134844,3,148039,2,2,2,0,0,0,0,0,0,18,0.033333333,0,0,0,0,0,0,0,0,0,0,2,2,0
134868,52,652701,1,52,13,11,0,7,9,0,0,3,0.066666667,0,0,0,0,0,0,0,0,0,0,8,48,0
134873,6,148039,1,6,1,3,0,1,0,2,1,18,0.033333333,0,0,0,0,0,0,0,0,0,0,5,6,0
134874,89,652701,1,89,15,32,12,12,2,0,0,3,0.133333333,0,0,0,0,0,0,0,0,0,0,9,60,23
134880,57,652701,1,57,16,8,13,3,3,0,0,3,0.066666667,0,0,0,0,0,0,0,0,0,0,10,1,56
134893,227,41550,3,12,2,5,0,4,0,4,1,21,0.033333333,0,0,0,0,0,0,0,0,0,0,8,12,0
134913,35,457932,2,25,2,10,3,6,0,7,4,21,0.066666667,0,0,0,0,0,0,0,0,0,0,13,17,8
134915,1422,42723,10,23,3,11,1,8,0,5,0,6,0.1,0,0,0,0,0,0,0,0,0,0,7,7,0
134929,520,260769,7,254,11,37,66,29,58,43,19,0,0.1,0,0,0,0,0,0,0,0,0,0,60,249,0
134940,1212,110497,13,16,11,3,0,1,0,3,1,24,0.166666667,0,0,0,0,0,0,0,0,0,0,6,2,6
134941,11,457932,1,11,3,3,2,2,0,2,1,21,0.033333333,0,0,0,0,0,0,0,0,0,0,8,11,0
134952,924,502584,8,428,12,48,174,39,17,113,23,143,0.166666667,0,22,0,0,0,5,0,0,0,0,76,2,0
134959,3,346877,1,3,1,2,0,0,0,1,0,9,0.033333333,0,0,0,0,0,0,0,0,0,0,3,3,0
134968,393,250865,2,5,1,2,0,1,0,2,0,34,0.033333333,0,0,0,0,0,0,0,0,0,0,3,5,0
134975,1417,457932,8,49,3,15,6,13,0,12,10,21,0.066666667,0,0,0,0,0,0,0,0,0,0,24,44,5
135007,73,140022,3,43,8,17,0,8,0,18,4,232,0.1,0,0,0,0,0,0,0,0,0,0,14,33,1
135011,121,457932,1,121,11,62,4,24,6,44,10,21,0.066666667,0,0,0,0,0,0,0,0,0,0,27,34,87
135018,100,334927,2,31,2,12,0,9,0,9,8,7,0.066666667,0,0,0,0,0,0,0,0,0,0,13,8,23
135021,3,127749,1,3,3,0,0,0,0,0,0,102,0.033333333,0,0,0,0,0,0,0,0,0,0,2,3,0
135026,132,346877,3,99,7,33,44,0,9,30,0,9,0.1,0,0,0,0,0,0,0,62,0,0,33,1,36
135032,3,247683,1,3,3,0,0,0,0,0,0,23,0.033333333,0,0,0,0,0,0,0,0,0,0,2,3,0
135040,219,127749,2,9,9,0,0,0,0,0,0,102,0.033333333,0,0,0,0,0,0,0,0,0,0,2,9,0
135047,22,261579,3,8,3,3,0,1,0,2,1,5,0.066666667,0,0,0,0,1,7,0,0,0,0,5,1,7
135054,8,334927,1,8,6,2,0,0,0,2,0,7,0.033333333,0,0,0,0,0,0,0,0,0,0,4,8,0
135063,1222,399092,4,2,2,0,0,0,0,0,0,101,0.066666667,0,1,0,0,0,0,0,0,0,0,1,1,0
135064,2570,110497,4,1,1,0,0,0,0,0,0,24,0.033333333,0,0,0,0,0,0,0,0,0,0,1,1,0
135075,56,502584,1,56,5,6,18,3,0,15,2,143,0.066666667,0,0,0,0,0,0,0,0,0,0,9,8,0
135076,373,247683,3,28,6,7,0,1,12,4,1,23,0.066666667,0,0,0,0,0,0,0,0,0,0,9,2,0
135085,158,250865,2,1,1,0,0,0,0,0,0,34,0.033333333,0,0,0,0,0,0,0,0,0,0,1,1,0
135088,701,457932,4,262,16,86,26,70,5,65,54,21,0.333333333,0,0,0,0,0,3,4,109,0,0,68,12,39
135099,179,334927,2,4,1,3,0,0,0,2,0,7,0.033333333,0,0,0,0,0,0,0,0,0,0,4,4,0
135101,219,457932,5,17,6,6,4,0,0,5,0,21,0.066666667,0,0,0,0,0,0,0,0,0,0,8,1,16
135120,299,24979,8,28,5,10,0,8,0,6,5,25,0.1,0,6,0,0,0,0,0,0,0,0,16,22,0
135133,185,247683,1,185,31,104,30,7,5,86,4,23,0.433333333,0,30,0,0,8,5,6,15,0,0,56,7,1
135157,246,399092,2,19,4,8,0,5,0,4,1,101,0.066666667,0,9,10,0,0,0,0,0,0,0,8,9,0
135168,299,85576,8,114,3,11,65,6,9,12,2,54,0.066666667,0,0,0,0,0,0,0,0,0,0,13,6,108
135172,391,86829,5,39,9,25,0,2,1,18,1,63,0.133333333,0,0,0,0,0,0,0,0,0,0,16,22,0
135176,155,334927,5,46,5,27,7,2,0,26,1,7,0.066666667,0,0,0,0,0,0,0,0,0,0,17,24,0
135181,20,457932,3,5,2,2,0,1,0,1,0,21,0.033333333,0,0,0,0,0,0,0,0,0,0,4,5,0
135217,188,250865,3,13,6,2,0,1,2,1,1,34,0.033333333,0,0,0,0,0,0,0,0,0,0,6,13,0
135222,245,346877,3,7,3,2,0,1,0,1,1,9,0.033333333,0,0,0,0,0,0,0,0,0,0,6,7,0
135233,980,140022,5,15,3,2,0,1,0,6,1,232,0.033333333,0,0,0,0,0,0,0,0,0,0,5,15,0
135245,6,502584,1,6,4,2,0,0,0,2,0,143,0.033333333,0,0,0,0,0,0,0,0,0,0,3,6,0
135246,1257,502584,3,1180,49,160,318,105,193,312,56,143,0.4,0,0,0,171,61,48,0,31,0,0,167,379,144
135252,1135,85168,8,182,4,39,37,35,0,70,6,139,0.066666667,0,0,0,0,0,0,0,0,0,0,43,5,0
135254,14,260769,2,1,1,0,0,0,0,0,0,0,0.033333333,0,0,0,0,0,0,0,0,0,0,1,1,0
135255,14,250865,2,13,2,8,0,0,0,7,3,34,0.033333333,0,0,0,0,0,0,0,0,0,0,10,13,0
135259,44,399092,3,23,4,9,0,0,10,6,0,101,0.066666667,0,6,17,0,0,0,0,0,0,0,10,6,0
135260,116,399092,1,116,20,37,5,20,0,55,12,101,0.033333333,0,116,0,0,0,0,0,0,0,0,27,116,0
135267,100,261579,5,1,1,0,0,0,0,0,0,5,0.033333333,0,0,0,0,0,1,0,0,0,0,1,1,0
135284,124,110497,2,11,1,7,0,0,0,6,0,24,0.033333333,0,0,0,0,0,0,0,0,0,0,7,11,0
135288,3,502584,1,3,3,0,0,0,0,0,0,143,0.033333333,0,0,0,0,0,0,0,0,0,0,2,3,0
135296,5,399092,1,5,5,0,0,0,0,0,0,101,0.033333333,0,5,0,0,0,0,0,0,0,0,2,5,0
135299,466,399092,5,200,11,30,48,21,12,50,12,101,0.1,0,65,37,0,0,0,0,0,0,0,31,135,0
135302,159,502584,2,34,4,12,0,5,1,12,0,143,0.133333333,0,0,0,0,0,0,0,0,0,0,4,7,0
135304,257,85576,5,1,1,0,0,0,0,0,0,54,0.033333333,0,0,0,0,0,0,0,0,0,0,1,1,0
135305,257,127749,5,2,2,0,0,0,0,0,0,102,0.033333333,0,0,0,0,0,0,0,0,0,0,1,2,0
135324,32,502584,1,32,9,12,0,9,1,7,0,143,0.033333333,0,0,0,0,0,0,0,0,0,0,8,32,0
135325,23,334927,3,1,1,0,0,0,0,0,0,7,0.033333333,0,0,0,0,0,0,0,0,0,0,1,1,0
135340,1257,334927,3,55,6,18,3,13,6,11,6,7,0.1,0,0,0,0,0,0,0,0,0,0,19,41,0
135352,432,250865,4,84,2,19,0,4,0,29,45,34,0.033333333,0,0,0,0,0,0,0,0,0,0,18,84,0
135354,18,399092,2,4,4,0,0,0,0,0,0,101,0.033333333,0,4,0,0,0,0,0,0,0,0,1,4,0
135355,35,250865,1,35,3,4,0,1,0,19,1,34,0.033333333,0,0,0,0,0,0,0,0,0,0,7,35,0
135357,165,334927,4,31,7,13,0,8,0,5,3,7,0.1,0,0,0,0,0,0,0,0,0,0,9,6,17
135361,372,399092,3,3,3,0,0,0,0,0,0,101,0.033333333,0,3,0,0,0,0,0,0,0,0,2,3,0
135377,1129,346877,8,165,15,62,16,33,3,60,13,9,0.2,0,0,2,0,0,0,0,0,0,0,40,37,3
135388,186,399092,2,4,2,2,0,0,0,1,0,101,0.033333333,0,4,0,0,0,0,0,0,0,0,4,4,0
135389,17,260769,3,6,2,2,0,1,0,1,1,0,0.033333333,0,0,0,0,0,0,0,0,0,0,5,6,0
135398,537,46603,7,12,2,5,0,3,0,2,2,5,0.066666667,0,0,0,0,0,0,0,0,0,0,7,5,0
135407,26,457932,1,26,9,7,1,3,0,7,2,21,0.033333333,0,0,0,0,0,0,0,0,0,0,14,26,0
135421,14,399092,1,14,11,2,0,1,0,1,0,101,0.133333333,0,7,0,0,0,0,0,0,0,0,4,3,2
135428,293,85576,2,7,1,5,0,1,0,3,0,54,0.033333333,0,0,0,0,0,0,0,0,0,0,3,7,0
135431,17,247683,1,17,5,4,2,3,2,3,1,23,0.033333333,0,0,0,0,0,0,0,0,0,0,8,17,0
135448,980,334927,5,16,6,5,0,3,0,2,1,7,0.033333333,0,0,0,0,0,0,0,0,0,0,9,16,0
135454,623,261579,4,23,2,19,0,1,0,14,1,5,0.033333333,0,0,0,0,0,23,0,0,0,0,9,23,0
135461,18,399092,2,17,4,9,0,1,0,9,0,101,0.1,0,4,0,0,0,0,0,0,0,0,10,1,0
135464,6,346877,1,6,2,2,0,1,0,1,1,9,0.033333333,0,0,0,0,0,0,0,0,0,0,5,6,0
135484,49,346877,2,6,2,2,0,1,0,1,1,9,0.033333333,0,0,0,0,0,0,0,0,0,0,5,6,0
135503,220,250865,3,83,8,46,10,1,3,39,1,34,0.133333333,0,0,0,0,0,0,0,0,0,0,17,11,2
135507,466,127749,3,82,4,11,49,5,0,8,2,102,0.066666667,0,0,0,0,0,0,0,0,0,0,21,75,7
135517,22,502584,2,18,10,3,0,2,0,2,2,143,0.033333333,0,0,0,0,0,0,0,0,0,0,10,18,0
135529,5,346877,1,5,1,4,0,0,0,3,0,9,0.033333333,0,0,0,0,0,0,0,0,0,0,3,5,0
135531,11,110497,5,3,3,0,0,0,0,0,0,24,0.033333333,0,0,0,0,0,0,0,0,0,0,2,3,0
135539,52,457932,2,19,2,5,3,4,0,5,3,21,0.033333333,0,0,0,0,0,0,0,0,0,0,11,19,0
135554,136,346877,3,113,9,36,14,28,0,36,15,9,0.166666667,0,0,0,0,0,0,0,0,0,0,29,35,13
135555,194,247683,1,194,17,97,32,2,38,83,2,23,0.166666667,0,0,0,0,0,0,0,0,0,0,53,81,0
135563,4,502584,1,4,2,2,0,0,0,2,0,143,0.033333333,0,0,0,0,0,0,0,0,0,0,2,4,0
135566,5,127749,1,5,5,0,0,0,0,0,0,102,0.033333333,0,0,0,0,0,0,0,0,0,0,2,5,0
135589,16,334927,2,2,2,0,0,0,0,0,0,7,0.033333333,0,0,0,0,0,0,0,0,0,0,2,2,0
135603,45,247683,1,45,10,14,3,9,1,10,6,23,0.066666667,0,0,0,0,0,0,0,0,0,0,21,32,0
135613,222,346877,7,57,8,13,11,8,6,14,4,9,0.166666667,1,0,0,0,0,0,0,0,0,0,17,48,0
135632,37,457932,2,34,10,13,3,3,0,6,3,21,0.1,0,0,0,0,0,0,0,0,7,0,17,13,0
135635,10,334927,2,1,1,0,0,0,0,0,0,7,0.033333333,0,0,0,0,0,0,0,0,0,0,1,1,0
135637,187,399092,7,22,1,9,0,8,0,9,2,101,0.033333333,0,22,0,0,0,0,0,0,0,0,11,22,0
135654,175,502584,1,175,4,18,99,11,0,43,5,143,0.066666667,0,0,0,0,0,0,0,0,0,0,49,175,0
135666,18,334927,2,16,6,5,0,3,0,2,2,7,0.066666667,0,0,0,0,0,0,0,0,0,0,8,9,0
135667,24,250865,3,9,3,3,0,2,0,2,1,34,0.033333333,0,0,0,0,0,0,0,0,0,0,6,9,0
135670,24,247683,3,2,2,0,0,0,0,0,0,23,0.033333333,0,0,0,0,0,0,0,0,0,0,2,2,0
135675,49,260769,3,15,5,5,0,3,0,2,2,0,0.066666667,0,0,0,0,0,0,0,0,0,0,8,7,0
135690,24,334927,3,13,2,5,0,4,0,4,2,7,0.033333333,0,0,0,0,0,0,0,0,0,0,8,13,0
135703,441,346877,6,48,10,27,0,0,3,19,0,9,0.166666667,0,0,0,0,0,0,0,0,0,0,16,7,0
135707,530,250865,6,23,3,9,0,7,0,6,4,34,0.066666667,0,0,0,0,0,0,0,0,0,0,11,23,0
135710,127,85576,4,1,1,0,0,0,0,0,0,54,0.033333333,0,0,0,0,0,0,0,0,0,0,1,1,0
135739,4,110497,2,3,3,0,0,0,0,0,0,24,0.066666667,0,0,0,2,0,0,0,0,0,0,1,1,0
135740,3,334927,1,3,1,2,0,0,0,1,0,7,0.033333333,0,0,0,0,0,0,0,0,0,0,3,3,0
135746,411,502584,4,401,21,73,107,59,32,139,13,143,0.233333333,0,4,0,0,0,0,0,0,0,0,83,181,165
135750,6,86829,2,5,5,0,0,0,0,0,0,63,0.033333333,0,0,0,0,0,0,0,0,0,0,2,5,0
135756,19,502584,1,19,6,5,0,1,1,9,1,143,0.066666667,0,0,0,0,0,0,1,0,0,0,7,19,0
135758,12,42723,2,6,2,2,0,1,0,1,1,6,0.033333333,0,0,0,0,0,0,0,0,0,0,5,6,0
135764,328,502584,3,9,2,3,0,2,0,2,2,143,0.033333333,0,0,0,0,0,0,0,0,0,0,7,9,0
135769,12,250865,2,6,2,2,0,1,0,1,1,34,0.033333333,0,0,0,0,0,0,0,0,0,0,5,6,0
135772,1,85576,1,1,1,0,0,0,0,0,0,54,0.033333333,0,0,0,0,0,0,0,0,0,0,1,1,0
135779,45,502584,4,1,1,0,0,0,0,0,0,143,0.033333333,0,0,0,0,0,0,0,0,0,0,1,1,0
135780,2,399092,1,2,2,0,0,0,0,0,0,101,0.033333333,0,2,0,0,0,0,0,0,0,0,2,2,0
135781,55,334927,1,55,16,13,0,11,5,9,8,7,0.033333333,0,0,0,0,0,0,0,0,0,0,20,55,0
135796,138,247683,1,138,10,50,13,37,0,53,16,23,0.133333333,0,0,0,0,0,0,0,37,0,0,57,12,0
135803,59,457932,5,9,2,4,0,2,0,3,1,21,0.066666667,0,0,0,0,0,0,0,0,8,0,6,1,0
135809,126,457932,1,126,14,47,4,23,19,29,13,21,0.1,0,0,0,0,0,0,0,0,0,0,23,30,0
135830,154,457932,2,148,26,61,26,17,4,37,9,21,0.166666667,0,0,0,0,21,44,6,0,0,0,58,23,0
135832,163,110497,2,89,7,44,12,2,10,30,2,24,0.133333333,0,0,0,0,0,24,21,6,0,0,16,38,0
135841,142,34988,4,39,10,23,0,2,0,13,2,108,0.133333333,0,0,0,0,0,0,0,0,0,0,13,27,0
135859,6,334927,1,6,2,2,0,1,0,1,1,7,0.033333333,0,0,0,0,0,0,0,0,0,0,5,6,0
135865,157,346877,1,157,7,42,32,32,0,50,23,9,0.166666667,0,0,68,6,4,19,60,0,0,0,37,68,6
135868,13,878119,1,13,4,5,0,3,0,4,1,20,0.033333333,0,0,0,0,0,0,0,0,0,0,6,13,0
135869,65,247683,1,65,2,39,0,16,0,30,8,23,0.066666667,0,0,0,0,34,31,0,0,0,0,19,34,31
135874,70,878119,2,58,14,13,2,12,6,15,5,20,0.066666667,0,0,0,0,0,0,0,0,0,0,22,48,0
135875,18,86829,2,17,2,6,0,5,0,6,3,63,0.033333333,0,0,0,0,0,0,17,0,0,0,9,17,0
135877,137,878119,1,137,15,77,8,15,10,63,5,20,0.133333333,0,0,0,0,0,0,0,0,0,0,31,83,42
135887,372,188602,4,115,17,29,24,15,0,35,5,96,0.033333333,0,0,0,0,0,0,115,0,0,0,19,115,0
135890,1,34988,1,1,1,0,0,0,0,0,0,108,0.033333333,0,0,0,0,0,0,0,0,0,0,1,1,0
135913,323,457932,2,1,1,0,0,0,0,0,0,21,0.033333333,0,0,0,0,1,0,0,0,0,0,1,1,0
135915,72,43183,1,72,6,9,15,7,2,23,3,24,0.033333333,0,0,0,0,0,0,0,0,0,0,18,72,0
135933,378,457932,6,7,1,3,0,2,0,2,1,21,0.033333333,0,0,0,0,7,0,0,0,0,0,5,7,0
135937,17,334927,1,17,2,8,4,1,0,8,0,7,0.033333333,17,0,0,0,0,0,0,0,0,0,10,17,0
135957,32,878119,2,25,3,16,1,1,0,16,1,20,0.066666667,0,0,0,0,0,0,0,0,0,0,19,16,9
135973,120,250865,2,2,2,0,0,0,0,0,0,34,0.033333333,0,0,0,2,0,0,0,0,0,0,2,2,0
135983,435,260769,6,14,3,7,0,3,0,4,1,0,0.1,0,0,0,1,5,0,8,0,0,0,7,1,5
135993,206,878119,2,175,9,77,61,3,0,84,1,20,0.133333333,0,0,0,133,0,0,0,0,0,0,56,21,14
135995,43,334927,1,43,5,12,3,9,2,13,8,7,0.066666667,34,0,0,0,0,0,0,0,0,0,21,9,34
135998,10,334927,2,2,2,0,0,0,0,0,0,7,0.033333333,2,0,0,0,0,0,0,0,0,0,2,2,0
136013,115,188602,4,69,17,8,20,7,3,9,4,96,0.033333333,0,0,0,0,0,0,69,0,0,0,21,69,0
136019,115,34988,4,38,4,4,13,3,0,12,2,108,0.033333333,0,0,0,0,0,0,0,0,0,0,13,38,0
136029,33,878119,3,26,8,15,0,1,1,10,0,20,0.066666667,0,0,0,0,0,0,0,0,0,0,13,16,10
136031,57,188602,1,57,15,23,0,11,1,10,4,96,0.066666667,0,0,0,0,0,0,50,0,7,0,12,50,0
136052,33,42723,3,1,1,0,0,0,0,0,0,6,0.033333333,0,0,0,0,0,0,1,0,0,0,1,1,0
136057,86,878119,2,85,27,21,4,17,4,19,4,20,0.066666667,0,0,0,0,0,0,0,0,0,0,18,77,8
136068,214,188602,3,9,2,4,0,2,0,3,1,96,0.033333333,0,0,0,0,0,0,9,0,0,0,6,9,0
136078,153,457932,3,59,13,31,6,2,1,21,1,21,0.1,0,0,0,0,8,0,0,0,10,0,24,51,0
136084,1,878119,1,1,1,0,0,0,0,0,0,20,0.033333333,0,0,0,0,0,0,0,0,0,0,1,1,0
136094,24,878119,1,24,3,20,0,0,0,18,0,20,0.033333333,0,0,0,0,0,0,0,0,0,0,10,24,0
136100,487,247683,4,14,6,3,0,2,0,2,2,23,0.033333333,0,0,0,0,0,14,0,0,0,0,10,14,0
136110,3,127749,2,2,2,0,0,0,0,0,0,102,0.033333333,0,0,0,2,0,0,0,0,0,0,2,2,0
136111,1,110497,1,1,1,0,0,0,0,0,0,24,0.033333333,0,0,0,0,0,0,1,0,0,0,1,1,0
136112,2,334927,1,2,2,0,0,0,0,0,0,7,0.033333333,2,0,0,0,0,0,0,0,0,0,2,2,0
136119,2,247683,1,2,2,0,0,0,0,0,0,23,0.033333333,0,0,0,0,0,2,0,0,0,0,2,2,0
136120,115,346877,4,7,1,3,0,2,0,2,1,9,0.033333333,0,0,0,0,0,0,7,0,0,0,4,7,0
136138,13,334927,3,3,3,0,0,0,0,0,0,7,0.033333333,3,0,0,0,0,0,0,0,0,0,2,3,0
136150,351,346877,4,67,3,18,14,15,4,21,7,9,0.066666667,0,0,0,0,0,0,5,0,0,0,28,62,0
136153,433,346877,2,174,15,79,4,43,4,54,22,9,0.166666667,0,12,0,65,0,45,1,0,0,0,22,57,1
136163,70,334927,2,1,1,0,0,0,0,0,0,7,0.033333333,1,0,0,0,0,0,0,0,0,0,1,1,0
136187,97,457932,1,97,5,31,13,25,0,24,19,21,0.1,0,0,0,0,31,35,0,0,0,0,38,31,0
136188,115,42723,4,1,1,0,0,0,0,0,0,6,0.033333333,0,0,0,0,0,0,1,0,0,0,1,1,0
136190,8,85576,1,8,2,5,0,1,0,4,0,54,0.033333333,0,0,0,0,0,0,8,0,0,0,7,8,0
136194,171,457932,1,171,10,51,25,47,0,46,37,21,0.1,0,76,0,0,48,0,0,0,0,0,56,47,0
136200,254,188602,4,7,3,2,0,1,0,1,1,96,0.033333333,0,0,0,0,0,0,7,0,0,0,5,7,0
136211,269,188602,1,269,21,90,47,62,5,72,28,96,0.1,0,0,0,0,0,0,189,0,0,0,38,191,0
136215,87,46603,6,2,2,0,0,0,0,0,0,5,0.033333333,0,0,2,0,0,0,0,0,0,0,2,2,0
136220,289,148500,5,137,6,34,28,30,0,55,8,29,0.133333333,0,0,0,0,0,0,0,0,0,0,27,6,85
136223,27,188602,2,26,9,6,0,4,1,5,3,96,0.033333333,0,0,0,0,0,0,26,0,0,0,13,26,0
136233,9,334927,1,9,2,3,0,2,0,2,2,7,0.033333333,9,0,0,0,0,0,0,0,0,0,5,9,0
136235,10,334927,1,10,8,0,0,0,2,0,0,7,0.1,7,0,0,0,0,0,0,0,0,0,4,2,7
136248,103,21560,2,9,2,4,0,2,0,2,1,9,0.033333333,0,0,0,0,0,0,0,0,0,0,6,9,0
136252,27,110497,2,1,1,0,0,0,0,0,0,24,0.033333333,0,0,0,0,0,0,1,0,0,0,1,1,0
136256,122,247683,9,6,6,0,0,0,0,0,0,23,0.066666667,0,0,0,0,0,5,1,0,0,0,3,5,1
136260,178,247683,6,6,2,2,0,1,0,1,1,23,0.033333333,0,0,0,0,0,0,6,0,0,0,5,6,0
136268,3,878119,1,3,3,0,0,0,0,0,0,20,0.033333333,0,0,0,0,0,0,0,0,0,0,1,3,0
136280,29,346877,3,17,4,6,0,4,0,3,3,9,0.1,9,4,0,0,0,0,4,0,0,0,6,9,4
136288,120,110497,2,1,1,0,0,0,0,0,0,24,0.033333333,0,0,0,0,0,0,1,0,0,0,1,1,0
136295,303,188602,3,116,16,44,32,6,0,31,6,96,0.2,0,0,0,0,0,0,7,6,10,0,27,1,0
136300,12,250865,1,12,2,4,0,3,0,3,3,34,0.033333333,0,0,0,12,0,0,0,0,0,0,7,12,0
136303,107,21560,2,1,1,0,0,0,0,0,0,9,0.033333333,0,0,0,0,0,0,0,0,0,0,1,1,0
136306,52,260769,3,8,2,2,0,0,4,1,0,0,0.033333333,0,0,0,8,0,0,0,0,0,0,4,8,0
136309,9,334927,5,1,1,0,0,0,0,0,0,7,0.033333333,1,0,0,0,0,0,0,0,0,0,1,1,0
136311,27,110497,1,27,5,6,2,5,0,10,3,24,0.033333333,0,0,0,0,0,0,27,0,0,0,12,27,0
136313,310,334927,2,309,44,136,21,73,4,82,13,7,0.133333333,26,0,0,0,0,0,0,0,0,0,33,35,210
136326,19,457932,17,1,1,0,0,0,0,0,0,21,0.033333333,0,0,0,0,1,0,0,0,0,0,1,1,0
136329,25,878119,1,25,4,11,6,2,0,8,0,20,0.1,0,0,0,0,0,0,0,0,0,0,10,2,10
136334,454,188602,1,454,19,54,238,52,3,89,33,96,0.033333333,0,0,0,0,0,0,454,0,0,0,120,454,0
136335,3,110497,2,1,1,0,0,0,0,0,0,24,0.033333333,0,0,0,0,0,0,1,0,0,0,1,1,0
136336,9,85576,5,1,1,0,0,0,0,0,0,54,0.033333333,0,0,0,0,0,0,1,0,0,0,1,1,0
136340,19,46603,17,2,2,0,0,0,0,0,0,5,0.033333333,0,0,2,0,0,0,0,0,0,0,1,2,0
136362,457,34988,2,30,17,7,0,1,0,10,1,108,0.066666667,0,0,0,0,0,0,0,0,0,0,5,19,0
136367,186,878119,1,186,30,85,31,8,0,78,7,20,0.2,0,0,0,36,0,47,15,28,0,0,45,52,44
136374,184,247683,1,184,14,65,12,55,6,55,30,23,0.1,0,0,0,0,4,0,41,0,0,0,67,139,4
136381,65,457932,3,63,5,23,4,16,0,16,12,21,0.133333333,0,0,0,5,21,0,0,0,0,0,17,11,5
136386,645,346877,4,169,13,103,0,30,0,74,23,9,0.3,0,0,0,0,0,49,1,0,0,0,26,57,8
136391,18,140022,1,18,6,3,2,2,0,4,2,232,0.033333333,0,0,0,18,0,0,0,0,0,0,11,18,0
136406,167,110497,3,14,4,6,0,2,1,1,1,24,0.033333333,0,0,0,0,0,0,14,0,0,0,6,14,0
136408,2,457932,1,2,2,0,0,0,0,0,0,21,0.033333333,0,0,0,0,2,0,0,0,0,0,2,2,0
136420,124,346877,3,100,6,23,23,20,0,25,15,9,0.066666667,0,0,0,0,10,0,90,0,0,0,36,10,0
136423,93,334927,4,49,14,13,0,1,18,7,0,7,0.166666667,1,0,1,0,1,0,0,0,0,0,11,25,21
136424,192,247683,1,192,11,60,22,58,16,59,23,23,0.233333333,5,0,0,0,2,0,40,0,0,1,69,66,85
136436,48,878119,1,48,9,20,0,19,0,18,0,20,0.133333333,0,0,0,0,0,0,0,0,0,0,14,9,14
136446,52,86829,4,12,2,4,0,3,0,3,3,63,0.033333333,0,0,0,0,0,0,12,0,0,0,9,12,0
136451,8,334927,1,8,3,4,0,1,0,1,0,7,0.033333333,8,0,0,0,0,0,0,0,0,0,5,8,0
136459,7,878119,1,7,2,3,0,1,0,2,1,20,0.033333333,0,0,0,0,0,0,0,0,0,0,6,7,0
136460,15,148500,1,15,8,3,0,1,2,2,1,29,0.066666667,0,0,0,0,0,0,0,0,0,0,7,9,0
136461,2262,34988,16,66,16,5,3,3,36,2,1,108,0.233333333,0,0,0,0,0,8,0,0,0,0,7,15,16
136480,88,334927,1,88,12,27,21,10,5,16,0,7,0.066666667,82,0,0,0,0,0,0,0,0,0,17,82,0
136491,703,148500,6,45,2,8,0,7,0,28,3,29,0.033333333,0,0,0,0,0,0,0,0,0,0,12,45,0
136493,11,346877,1,11,5,2,0,1,1,1,1,9,0.033333333,0,0,0,0,0,0,11,0,0,0,8,11,0
136504,645,247683,4,179,8,114,0,33,0,97,20,23,0.233333333,0,0,0,0,0,0,4,0,0,0,32,103,17
136508,42,110497,4,2,2,0,0,0,0,0,0,24,0.066666667,0,0,0,0,0,0,1,0,0,0,1,1,0
136526,293,878119,2,286,37,95,31,56,16,103,8,20,0.233333333,0,19,0,0,0,0,0,0,0,0,40,44,121
136543,67,878119,3,25,3,11,0,8,0,6,3,20,0.1,0,0,0,0,0,0,0,0,0,0,11,4,21
136548,136,878119,3,132,12,47,15,30,0,47,12,20,0.1,0,0,44,0,0,0,0,0,0,0,40,132,0
136553,21,43183,2,13,3,5,0,3,0,3,0,24,0.033333333,0,0,0,0,0,0,0,0,0,0,6,13,0
136577,1467,334927,12,35,11,3,14,3,0,3,0,7,0.066666667,14,0,0,0,0,0,0,0,0,0,11,21,0
136580,14,457932,1,14,2,7,4,0,0,6,0,21,0.033333333,0,0,0,0,14,0,0,0,0,0,7,14,0
136604,252,247683,3,148,6,56,9,50,0,47,27,23,0.133333333,0,0,0,0,0,0,56,0,0,0,44,9,63
136611,6,148500,1,6,1,3,0,1,0,2,1,29,0.033333333,0,0,0,0,0,0,0,0,0,0,5,6,0
136614,210,334927,3,13,6,5,0,1,0,2,0,7,0.1,8,0,0,0,0,0,0,0,0,0,7,4,1
136627,78,188602,4,27,8,13,0,1,0,14,1,96,0.1,0,9,0,0,0,0,17,0,0,0,13,9,17
136653,1,34988,1,1,1,0,0,0,0,0,0,108,0.033333333,0,0,0,0,0,0,0,0,0,0,1,1,0
136664,140,457932,2,1,1,0,0,0,0,0,0,21,0.033333333,0,0,0,0,1,0,0,0,0,0,1,1,0
136665,4,334927,2,2,2,0,0,0,0,0,0,7,0.033333333,2,0,0,0,0,0,0,0,0,0,2,2,0
136681,128,334927,3,89,11,42,0,22,0,29,14,7,0.1,41,0,0,0,0,0,0,0,0,0,32,73,0
136682,15,127749,1,15,8,2,0,2,0,2,2,102,0.033333333,0,0,0,15,0,0,0,0,0,0,9,15,0
136683,242,86829,4,219,29,74,13,45,8,65,35,63,0.266666667,0,0,0,0,0,0,36,29,5,0,54,123,29
136696,861,85576,10,7,4,3,0,0,0,1,0,54,0.033333333,0,0,0,0,0,0,7,0,0,0,6,7,0
136702,36,247683,2,1,1,0,0,0,0,0,0,23,0.033333333,0,0,0,0,0,0,1,0,0,0,1,1,0
136707,2,34988,1,2,2,0,0,0,0,0,0,108,0.033333333,0,0,0,0,0,0,0,0,0,0,1,2,0
136709,97,127749,4,22,3,10,7,1,0,7,0,102,0.066666667,0,0,0,5,0,0,0,0,0,0,13,17,0
136711,207,878119,4,1,1,0,0,0,0,0,0,20,0.033333333,0,0,0,0,0,0,0,0,0,0,1,1,0
136712,2,127749,1,2,2,0,0,0,0,0,0,102,0.033333333,0,0,0,2,0,0,0,0,0,0,2,2,0
136716,472,457932,3,53,8,17,6,11,2,12,8,21,0.1,0,0,0,0,9,0,0,0,0,0,23,44,0
136717,130,878119,4,1,1,0,0,0,0,0,0,20,0.033333333,0,0,0,0,0,0,0,0,0,0,1,1,0
136718,83,334927,4,17,4,12,0,0,0,5,1,7,0.1,4,0,0,0,0,0,0,0,0,0,6,4,9
136719,71,250865,2,30,3,11,0,2,1,21,0,34,0.066666667,0,0,0,6,24,0,0,0,0,0,7,6,24
136721,71,878119,2,41,7,11,13,2,0,7,0,20,0.066666667,0,0,0,0,0,0,0,0,0,0,14,26,15
136724,103,334927,3,49,7,17,1,13,2,10,9,7,0.1,5,0,0,0,0,0,0,0,0,0,24,37,0
136727,378,43183,5,129,31,48,10,6,7,37,0,24,0.266666667,0,0,0,0,0,0,0,0,0,0,19,75,0
136753,128,43183,3,30,2,17,0,5,0,15,3,24,0.033333333,0,0,0,0,0,0,0,0,0,0,10,30,0
136769,225,878119,2,8,2,3,0,2,0,2,1,20,0.033333333,0,0,0,0,0,0,0,0,0,0,6,8,0
136776,37,878119,2,35,6,20,0,4,2,15,3,20,0.066666667,0,0,0,0,0,0,0,0,0,0,18,24,0
136787,22,140022,1,22,8,7,0,7,0,7,0,232,0.066666667,0,0,0,4,0,0,0,0,0,0,6,18,0
136788,187,457932,1,187,6,76,38,19,30,69,14,21,0.166666667,0,0,0,0,30,0,18,103,0,35,57,1,30
136800,128,346877,3,6,2,3,0,0,0,3,0,9,0.033333333,0,0,0,0,0,0,6,0,0,0,4,6,0
136807,346,878119,2,214,26,70,37,54,2,68,0,20,0.266666667,0,0,87,0,0,0,0,0,0,0,50,36,154
136819,3,188602,1,3,3,0,0,0,0,0,0,96,0.033333333,0,0,0,0,0,0,3,0,0,0,2,3,0
136823,410,127749,5,1,1,0,0,0,0,0,0,102,0.033333333,0,0,0,1,0,0,0,0,0,0,1,1,0
136835,28,247683,2,1,1,0,0,0,0,0,0,23,0.033333333,0,0,0,0,0,0,1,0,0,0,1,1,0
136844,14,260769,1,14,5,5,0,2,0,2,1,0,0.033333333,0,0,0,14,0,0,0,0,0,0,9,14,0
136852,28,42723,2,27,8,8,0,4,1,5,4,6,0.033333333,0,0,0,0,0,0,27,0,0,0,15,27,0
136856,1,334927,1,1,1,0,0,0,0,0,0,7,0.033333333,1,0,0,0,0,0,0,0,0,0,1,1,0
136878,1,878119,1,1,1,0,0,0,0,0,0,20,0.033333333,0,0,0,0,0,0,0,0,0,0,1,1,0
136891,41,878119,1,41,7,11,0,10,3,12,7,20,0.033333333,0,0,0,0,0,0,0,0,0,0,24,41,0
136894,1,334927,1,1,1,0,0,0,0,0,0,7,0.033333333,1,0,0,0,0,0,0,0,0,0,1,1,0
136895,32,85576,3,12,3,4,0,3,0,3,0,54,0.033333333,0,0,0,0,0,0,12,0,0,0,5,12,0
136896,88,346877,2,87,22,19,16,1,19,15,1,9,0.133333333,0,0,0,59,0,0,4,0,4,0,15,20,59
136919,9,334927,1,9,5,1,0,1,1,1,1,7,0.066666667,8,0,0,0,0,0,0,0,0,0,6,1,0
136943,17,127749,1,17,5,7,0,3,0,2,2,102,0.1,0,0,0,7,0,0,4,0,0,0,9,6,0
136955,12,86829,1,12,7,2,0,2,0,2,1,63,0.033333333,0,0,0,0,0,0,12,0,0,0,7,12,0
136956,18,878119,1,18,7,7,0,4,0,2,0,20,0.066666667,0,0,0,0,0,0,0,0,0,0,8,13,0
136957,30,27035,13,1,1,0,0,0,0,0,0,60,0.033333333,0,0,0,0,1,0,0,0,0,0,1,1,0
136959,30,21560,13,1,1,0,0,0,0,0,0,9,0.033333333,0,0,0,0,0,0,0,0,0,0,1,1,0
136988,9,85576,1,9,3,0,0,0,6,0,0,54,0.066666667,0,0,0,0,0,0,8,1,0,0,3,8,1
137008,233,334927,4,1,1,0,0,0,0,0,0,7,0.033333333,1,0,0,0,0,0,0,0,0,0,1,1,0
137018,18,148500,1,18,1,4,0,3,0,12,1,29,0.033333333,0,0,0,0,0,0,0,0,0,0,6,18,0
137023,1,334927,1,1,1,0,0,0,0,0,0,7,0.033333333,1,0,0,0,0,0,0,0,0,0,1,1,0
137037,37,260769,5,6,2,3,0,1,0,2,0,0,0.033333333,0,0,0,6,0,0,0,0,0,0,5,6,0
137043,311,878119,2,138,20,42,7,1,63,21,0,20,0.166666667,0,0,0,0,0,0,0,0,0,0,24,71,21
137059,1,457932,1,1,1,0,0,0,0,0,0,21,0.033333333,0,0,0,0,1,0,0,0,0,0,1,1,0
137067,1,148500,1,1,1,0,0,0,0,0,0,29,0.033333333,0,0,0,0,0,0,0,0,0,0,1,1,0
137069,4,247683,1,4,4,0,0,0,0,0,0,23,0.033333333,0,0,0,0,0,0,4,0,0,0,2,4,0
137083,4,457932,1,4,4,0,0,0,0,0,0,21,0.033333333,0,0,0,0,4,0,0,0,0,0,2,4,0
137084,167,110497,2,38,8,15,0,9,0,7,5,24,0.1,0,0,25,0,0,0,1,0,0,0,12,12,0
137092,12,188602,2,6,2,4,0,0,0,3,0,96,0.033333333,0,0,0,0,0,0,6,0,0,0,6,6,0
137115,87,878119,7,3,3,0,0,0,0,0,0,20,0.033333333,0,0,0,0,0,0,0,0,0,0,3,3,0
137131,1,334927,1,1,1,0,0,0,0,0,0,7,0.033333333,1,0,0,0,0,0,0,0,0,0,1,1,0
137132,90,260769,2,53,8,26,0,9,0,26,9,0,0.1,0,0,0,4,35,0,0,0,0,0,24,14,4
137135,2,878119,1,2,2,0,0,0,0,0,0,20,0.033333333,0,0,0,0,0,0,0,0,0,0,2,2,0
137147,70,346877,4,7,4,2,0,1,0,1,0,9,0.066666667,0,0,0,0,2,0,5,0,0,0,4,2,0
137171,217,457932,2,20,6,5,4,3,1,2,0,21,0.1,0,0,0,0,1,0,0,0,0,0,8,8,0
137173,68,21560,2,1,1,0,0,0,0,0,0,9,0.033333333,0,0,0,0,0,0,0,0,0,0,1,1,0
137186,582,457932,3,1,1,0,0,0,0,0,0,21,0.033333333,0,0,0,0,1,0,0,0,0,0,1,1,0
137193,120,86829,13,16,3,10,0,2,0,5,1,63,0.066666667,0,0,0,0,0,0,3,0,0,0,8,13,0
137196,1,260769,1,1,1,0,0,0,0,0,0,0,0.033333333,0,0,0,1,0,0,0,0,0,0,1,1,0
137222,4,878119,2,2,2,0,0,0,0,0,0,20,0.033333333,0,0,0,0,0,0,0,0,0,0,2,2,0
137233,56,457932,5,1,1,0,0,0,0,0,0,21,0.033333333,0,0,0,0,1,0,0,0,0,0,1,1,0
137242,4,334927,1,4,2,2,0,0,0,1,0,7,0.033333333,4,0,0,0,0,0,0,0,0,0,4,4,0
137256,63,346877,3,2,2,0,0,0,0,0,0,9,0.033333333,0,0,0,0,0,0,2,0,0,0,2,2,0
137271,171,334927,2,170,18,64,2,39,21,41,25,7,0.233333333,23,23,0,0,0,0,0,0,0,0,22,45,51
137277,29,346877,2,27,5,18,0,0,4,15,0,9,0.1,0,0,0,0,0,0,12,14,0,0,17,1,0
137333,4,74042,1,4,4,0,0,0,0,0,0,27,0.033333333,0,0,0,0,0,0,0,0,0,0,2,4,0
137334,17,74042,1,17,4,5,0,3,0,5,4,27,0.033333333,0,0,0,0,0,0,0,0,0,0,8,17,0
137337,4,74042,1,4,2,2,0,0,0,1,0,27,0.033333333,0,0,0,0,0,0,0,0,0,0,4,4,0
137362,19,74042,2,18,11,2,0,1,2,1,1,27,0.033333333,0,0,0,0,0,0,0,0,0,0,7,18,0
137365,475,74042,5,23,1,6,0,4,7,5,3,27,0.033333333,0,0,0,0,0,0,0,0,0,0,7,23,0
137368,46,74042,2,10,4,3,0,2,0,2,1,27,0.033333333,0,0,0,0,0,0,0,0,0,0,5,10,0
137389,234,74042,2,1,1,0,0,0,0,0,0,27,0.033333333,0,0,0,0,0,0,0,0,0,0,1,1,0
137390,2,74042,1,2,2,0,0,0,0,0,0,27,0.033333333,0,0,0,0,0,0,0,0,0,0,2,2,0
137393,6,74042,1,6,6,0,0,0,0,0,0,27,0.033333333,0,0,0,0,0,0,0,0,0,0,2,6,0
137395,6,74042,1,6,2,2,0,1,0,1,1,27,0.033333333,0,0,0,0,0,0,0,0,0,0,5,6,0
137396,129,74042,3,15,4,3,0,2,2,3,2,27,0.033333333,0,0,0,0,0,0,0,0,0,0,8,15,0
137409,19,74042,2,18,3,7,0,5,0,4,3,27,0.066666667,0,0,0,0,0,0,0,0,0,0,9,14,4
137419,26,74042,1,26,1,6,6,4,0,9,4,27,0.033333333,0,0,0,0,0,0,0,0,0,0,8,26,0
137426,2,74042,1,2,2,0,0,0,0,0,0,27,0.033333333,0,0,0,0,0,0,0,0,0,0,2,2,0
137428,8,74042,1,8,3,3,0,2,0,2,0,27,0.033333333,0,0,0,0,0,0,0,0,0,0,4,8,0
137430,13,74042,2,12,9,1,0,1,0,1,1,27,0.033333333,0,0,0,0,0,0,0,0,0,0,6,12,0
137444,7,74042,1,7,2,2,0,1,0,2,1,27,0.033333333,0,0,0,0,0,0,0,0,0,0,5,7,0
137454,1,74042,1,1,1,0,0,0,0,0,0,27,0.033333333,0,0,0,0,0,0,0,0,0,0,1,1,0
137455,21,74042,2,1,1,0,0,0,0,0,0,27,0.033333333,0,0,0,0,0,0,0,0,0,0,1,1,0
137457,5,74042,1,5,2,3,0,0,0,2,0,27,0.033333333,0,0,0,0,0,0,0,0,0,0,5,5,0
137469,404,652701,3,25,5,7,1,5,0,0,0,3,0.066666667,0,0,0,0,0,0,0,0,0,0,9,2,0
137478,304,221833,2,153,21,39,0,28,39,28,19,58,0.166666667,0,0,0,0,24,0,0,0,0,0,15,14,44
137479,169,652701,4,16,3,7,0,3,0,0,0,3,0.033333333,0,0,0,0,0,0,0,0,0,0,10,16,0
137486,108,652701,9,39,8,15,0,9,1,0,0,3,0.133333333,0,0,0,0,0,0,0,0,0,0,12,17,0
137496,1,652701,1,1,1,0,0,0,0,0,0,3,0.033333333,0,0,0,0,0,0,0,0,0,0,1,1,0
137505,100,652701,2,99,14,38,3,21,0,14,9,3,0.2,4,0,0,44,0,0,0,0,0,0,29,63,25
137512,56,652701,3,43,8,21,0,11,0,0,0,3,0.1,0,11,1,0,0,0,0,0,0,0,10,31,0
137515,17,41550,1,17,8,4,0,3,1,4,0,21,0.033333333,0,0,0,0,0,0,0,0,0,0,8,17,0
137517,112,148039,2,23,2,5,3,4,0,6,3,18,0.066666667,2,0,0,0,0,0,0,0,0,0,12,21,2
137553,21,148039,2,9,2,3,0,2,0,2,2,18,0.033333333,9,0,0,0,0,0,0,0,0,0,7,9,0
137555,18,221833,1,18,6,4,0,3,1,4,2,58,0.033333333,0,0,0,0,0,0,0,0,0,0,11,18,0
137579,34,652701,2,32,9,14,5,0,1,0,0,3,0.133333333,0,0,0,0,0,0,0,0,0,0,13,10,15
137589,51,652701,1,51,2,9,8,8,0,0,0,3,0.033333333,0,0,0,0,0,0,0,0,0,0,12,51,0
137602,269,221833,2,1,1,0,0,0,0,0,0,58,0.033333333,0,0,0,0,0,0,0,0,0,0,1,1,0
137608,22,652701,1,22,1,5,4,5,0,0,0,3,0.033333333,0,0,0,0,0,0,0,0,0,0,11,22,0
137625,311,652701,3,88,22,32,0,18,1,0,0,3,0.266666667,0,0,0,0,0,0,0,0,0,0,11,37,7
137630,6,652701,1,6,2,2,0,1,0,0,0,3,0.033333333,0,0,0,0,0,0,0,0,0,0,5,6,0
137636,47,221833,1,47,19,12,0,6,4,9,3,58,0.033333333,0,0,0,0,0,0,0,0,0,0,12,47,0
137645,52,156596,1,52,2,14,19,2,0,18,2,224,0.033333333,0,0,0,0,0,52,0,0,0,0,24,52,0
137647,20,221833,1,20,9,6,0,2,2,4,0,58,0.033333333,0,0,0,0,0,0,0,0,0,0,8,20,0
137661,194,652701,2,162,16,43,7,35,26,28,24,3,0.066666667,0,0,0,139,0,0,0,0,0,0,28,162,0
137669,679,652701,9,2,2,0,0,0,0,0,0,3,0.066666667,0,0,0,0,0,0,0,0,0,0,1,1,0
137678,68,156596,1,68,7,20,7,12,0,24,6,224,0.066666667,0,0,0,0,0,26,42,0,0,0,22,26,42
137680,1920,652701,10,24,4,10,0,4,0,0,0,3,0.066666667,0,0,0,0,0,0,0,0,0,0,7,24,0
137712,48,652701,3,22,4,5,5,4,1,0,0,3,0.033333333,0,0,0,0,0,0,0,0,0,0,9,22,0
137720,23,652701,1,23,4,10,0,5,0,0,0,3,0.066666667,0,0,0,0,0,0,0,0,0,0,9,23,0
137729,77,652701,2,62,4,25,0,18,0,12,10,3,0.133333333,0,0,38,0,0,0,0,0,0,0,21,14,10
137752,83,652701,3,72,16,11,10,7,3,0,0,3,0.066666667,0,0,0,0,0,0,0,0,0,0,12,72,0
137755,408,156596,3,1,1,0,0,0,0,0,0,224,0.033333333,0,0,0,0,0,0,1,0,0,0,1,1,0
137758,111,652701,2,110,17,19,8,13,4,0,0,3,0.133333333,0,0,0,0,0,0,0,0,0,0,16,20,88
137761,7,652701,1,7,3,2,0,1,0,0,0,3,0.033333333,0,0,0,0,0,0,0,0,0,0,4,7,0
137775,93,652701,1,93,16,35,8,2,1,8,0,3,0.133333333,0,0,0,0,16,0,0,0,0,0,19,77,16
137790,3,652701,1,3,2,1,0,0,0,0,0,3,0.033333333,0,0,0,0,0,0,0,0,0,0,3,3,0
137802,11,652701,1,11,3,3,0,2,0,0,0,3,0.033333333,0,0,0,0,0,0,0,0,0,0,6,11,0
137808,103,652701,1,103,23,16,14,8,9,0,0,3,0.133333333,0,0,0,0,0,0,0,0,0,0,15,1,0
137810,30,652701,1,30,15,11,1,2,0,0,0,3,0.033333333,0,0,0,0,0,0,0,0,0,0,10,30,0
137821,92,652701,2,33,5,13,0,8,0,3,3,3,0.1,0,0,0,0,0,13,0,0,0,0,11,23,0
137829,2,652701,1,2,2,0,0,0,0,0,0,3,0.033333333,0,0,0,0,0,0,0,0,0,0,2,2,0
137836,106,652701,1,106,14,28,9,15,15,0,0,3,0.166666667,0,0,0,0,0,0,0,0,0,0,17,1,31
137837,2,221833,1,2,2,0,0,0,0,0,0,58,0.033333333,0,0,0,0,0,0,0,0,0,0,2,2,0
137838,70,652701,1,70,4,18,8,10,0,0,0,3,0.066666667,0,0,0,0,0,0,0,0,0,0,14,1,0
137843,778,148039,9,11,8,1,0,0,0,1,0,18,0.1,4,0,0,0,1,0,0,0,0,0,6,6,0
137873,1,652701,1,1,1,0,0,0,0,0,0,3,0.033333333,0,0,0,0,0,0,0,0,0,0,1,1,0
137876,1,221833,1,1,1,0,0,0,0,0,0,58,0.033333333,0,0,0,0,0,0,0,0,0,0,1,1,0
137889,14,652701,1,14,2,5,0,4,0,0,0,3,0.033333333,0,0,0,0,0,0,0,0,0,0,9,14,0
137892,8,156596,1,8,2,2,0,1,0,2,1,224,0.033333333,0,0,0,0,0,0,8,0,0,0,5,8,0
137911,10,652701,1,10,7,2,0,1,0,0,0,3,0.033333333,0,0,0,0,0,0,0,0,0,0,4,10,0
137920,2,652701,1,2,2,0,0,0,0,0,0,3,0.066666667,1,0,0,0,0,0,0,0,0,0,1,1,1
137924,14,652701,1,14,5,3,0,2,2,0,0,3,0.033333333,14,0,0,0,0,0,0,0,0,0,9,14,0
137940,92,41550,2,45,2,11,0,10,1,19,4,21,0.033333333,0,0,0,0,0,0,0,0,0,0,15,45,0
137955,1,89830,1,1,1,0,0,0,0,0,0,108,0.033333333,0,0,0,0,0,0,1,0,0,0,1,1,0
137968,78,907118,2,38,3,14,4,11,0,14,4,19,0.133333333,0,0,0,0,5,0,0,0,0,0,15,2,5
137972,1,907118,1,1,1,0,0,0,0,0,0,19,0.033333333,0,0,0,0,0,0,0,0,0,0,1,1,0
137974,8,907118,2,6,6,0,0,0,0,0,0,19,0.033333333,0,0,0,0,0,0,0,0,0,0,2,6,0
137983,155,907118,1,155,32,59,5,38,1,35,15,19,0.2,0,0,0,0,0,0,0,0,0,0,33,70,68
137987,111,91935,4,49,5,16,0,11,0,12,12,26,0.166666667,0,21,0,0,7,0,0,0,0,0,16,26,0
137993,77,907118,2,53,2,22,0,18,0,19,8,19,0.066666667,0,0,0,0,0,0,0,0,0,0,14,13,40
137998,1364,155579,7,5,1,2,0,1,0,1,1,17,0.033333333,0,0,5,0,0,0,0,0,0,0,4,5,0
138006,47,907118,1,47,21,6,0,3,14,1,0,19,0.066666667,0,0,0,0,0,0,0,0,0,0,9,35,0
138007,26,907118,1,26,1,10,0,8,0,9,7,19,0.066666667,0,0,0,0,0,0,0,0,0,0,11,17,9
138014,54,907118,1,54,7,21,4,12,1,20,7,19,0.033333333,0,0,0,0,0,0,0,0,0,0,20,54,0
138016,7,155579,1,7,3,2,0,1,0,1,1,17,0.033333333,0,0,7,0,0,0,0,0,0,0,5,7,0
138020,8,907118,1,8,2,3,0,2,0,2,1,19,0.033333333,0,0,0,0,0,0,0,0,0,0,6,8,0
138044,109,907118,3,89,14,29,4,22,3,21,12,19,0.133333333,0,0,0,0,0,0,0,0,0,0,33,20,0
138053,69,907118,1,69,8,27,7,14,0,26,8,19,0.1,0,0,0,0,0,0,0,0,0,0,24,25,44
138076,129,907118,1,129,34,34,13,23,7,25,12,19,0.133333333,0,0,0,0,0,0,0,0,0,0,40,55,0
138079,17,907118,1,17,5,7,0,4,0,4,1,19,0.066666667,0,0,0,0,0,0,0,0,0,0,8,1,16
138083,45,907118,2,21,8,6,0,4,0,5,2,19,0.033333333,0,0,0,0,0,0,0,0,0,0,11,21,0
138084,38,907118,2,1,1,0,0,0,0,0,0,19,0.033333333,0,0,0,0,0,0,0,0,0,0,1,1,0
138098,2,91935,2,1,1,0,0,0,0,0,0,26,0.033333333,0,0,0,0,1,0,0,0,0,0,1,1,0
138106,16,907118,1,16,6,5,0,3,0,3,1,19,0.033333333,0,0,0,0,0,0,0,0,0,0,10,16,0
138133,174,89830,2,9,2,3,0,2,0,2,2,108,0.033333333,0,0,0,0,0,0,9,0,0,0,7,9,0
138140,140,89830,8,9,2,3,0,2,1,2,1,108,0.033333333,0,0,0,0,0,0,9,0,0,0,6,9,0
138142,160,907118,1,160,12,65,25,49,0,53,1,19,0.2,0,4,0,60,0,0,0,0,0,0,35,1,4
138151,226,91935,2,12,6,3,0,1,0,2,1,26,0.066666667,0,0,10,0,2,0,0,0,0,0,8,10,0
138165,252,91935,2,238,29,87,46,45,6,60,25,26,0.333333333,58,0,0,0,9,0,39,29,0,0,51,13,59
138171,3,907118,1,3,2,0,0,0,0,0,0,19,0.033333333,0,0,0,0,0,0,0,0,0,0,3,3,0
138178,167,21216,2,6,2,2,0,1,0,1,1,19,0.033333333,0,0,0,0,0,0,0,0,0,0,5,6,0
138181,2,148500,1,2,2,0,0,0,0,0,0,29,0.033333333,0,0,0,0,0,0,0,0,0,2,1,2,0
138207,1,21216,1,1,1,0,0,0,0,0,0,19,0.033333333,0,0,0,0,0,0,0,0,0,0,1,1,0
138213,10,148500,2,1,1,0,0,0,0,0,0,29,0.033333333,0,0,0,0,0,0,0,0,0,1,1,1,0
138224,3,148500,1,3,3,0,0,0,0,0,0,29,0.033333333,0,0,0,0,0,0,0,0,0,3,2,3,0
138225,86,21216,5,6,2,2,0,1,0,1,1,19,0.033333333,0,0,0,0,0,0,0,0,0,0,5,6,0
138229,154,457932,1,154,20,67,30,2,15,57,1,21,0.2,0,0,0,50,0,3,1,0,0,0,46,51,0
138240,39,346877,3,1,1,0,0,0,0,0,0,9,0.033333333,0,0,0,0,0,0,0,1,0,0,1,1,0
138265,10,878119,1,10,1,5,0,3,0,4,1,20,0.033333333,0,0,0,0,0,0,0,0,0,0,7,10,0
138270,16,42723,2,10,6,2,0,1,0,1,1,6,0.033333333,0,0,0,0,0,0,0,0,10,0,7,10,0
138280,16,457932,1,16,5,4,0,3,0,4,2,21,0.066666667,0,0,0,0,0,14,2,0,0,0,10,14,2
138290,324,110497,2,1,1,0,0,0,0,0,0,24,0.033333333,0,0,0,0,0,0,0,0,1,0,1,1,0
138291,3,878119,2,2,2,0,0,0,0,0,0,20,0.033333333,0,0,0,0,0,0,0,0,0,0,2,2,0
138306,906,260769,6,2,2,0,0,0,0,0,0,0,0.033333333,0,0,0,0,0,2,0,0,0,0,2,2,0
138309,20,346877,3,1,1,0,0,0,0,0,0,9,0.033333333,0,0,0,0,0,0,0,0,1,0,1,1,0
138310,14,878119,1,14,2,7,0,3,0,6,2,20,0.033333333,0,0,0,0,0,0,0,0,0,0,9,14,0
138317,6,85576,3,3,3,0,0,0,0,0,0,54,0.033333333,0,0,0,0,0,0,0,0,3,0,2,3,0
138331,187,457932,2,145,13,48,24,37,0,29,22,21,0.166666667,0,0,0,0,0,0,14,0,0,0,40,86,1
138333,2,334927,1,2,2,0,0,0,0,0,0,7,0.033333333,0,0,0,0,0,0,0,0,0,0,2,2,0
138334,123,878119,2,58,10,31,6,2,2,25,1,20,0.166666667,0,0,0,0,0,0,0,0,0,0,25,19,5
138335,24,85576,1,24,5,17,0,1,0,9,1,54,0.033333333,0,0,0,0,0,0,0,0,24,0,11,24,0
138342,695,878119,5,13,4,4,2,3,0,3,0,20,0.066666667,0,0,0,0,0,0,0,0,0,0,8,2,0
138348,184,457932,2,26,2,10,4,5,0,7,3,21,0.033333333,0,0,0,0,0,0,26,0,0,0,12,26,0
138349,348,247683,4,21,7,12,0,1,0,5,1,23,0.033333333,0,0,0,0,0,0,0,21,0,0,8,21,0
138372,7,260769,2,1,1,0,0,0,0,0,0,0,0.033333333,0,0,0,0,0,1,0,0,0,0,1,1,0
138399,216,878119,1,216,28,103,9,34,16,85,11,20,0.3,0,11,0,0,0,0,11,0,0,0,41,34,29
138413,113,46603,1,113,13,73,11,5,2,65,5,5,0.1,0,0,0,0,75,25,0,0,0,0,34,13,0
138419,49,457932,1,49,3,14,7,13,0,13,10,21,0.066666667,0,0,0,0,0,0,48,1,0,0,27,48,1
138427,20,334927,1,20,4,9,0,4,0,4,3,7,0.066666667,0,0,0,0,0,0,0,0,0,0,11,13,7
138431,1,346877,1,1,1,0,0,0,0,0,0,9,0.033333333,0,0,0,0,0,0,0,0,1,0,1,1,0
138436,2,334927,2,1,1,0,0,0,0,0,0,7,0.033333333,0,0,0,0,0,0,0,0,0,0,1,1,0
138452,835,457932,3,20,1,6,3,5,0,5,4,21,0.033333333,0,0,0,0,0,0,20,0,0,0,12,20,0
138456,3,148500,2,2,2,0,0,0,0,0,0,29,0.033333333,0,0,0,0,0,0,0,0,0,0,2,2,0
138463,225,346877,2,94,4,23,19,20,0,32,11,9,0.1,0,0,0,32,0,0,0,0,10,0,41,62,0
138465,98,334927,1,98,12,23,10,20,15,19,13,7,0.1,0,0,0,0,0,0,0,0,0,0,30,42,56
138466,225,457932,2,131,6,35,25,30,6,28,24,21,0.133333333,57,0,20,0,0,0,34,20,0,0,62,57,0
138467,9,148500,3,1,1,0,0,0,0,0,0,29,0.033333333,0,0,0,0,0,0,0,0,0,0,1,1,0
138490,19,260769,2,18,3,6,0,4,0,7,1,0,0.033333333,0,0,0,0,0,18,0,0,0,0,7,18,0
138492,2818,43183,12,1,1,0,0,0,0,0,0,24,0.033333333,0,0,0,0,0,0,0,0,0,0,1,1,0
138506,47,457932,2,46,8,16,5,9,4,11,4,21,0.033333333,0,0,0,0,0,0,46,0,0,0,18,46,0
138508,4198,188602,27,46,10,23,0,10,0,12,3,96,0.166666667,0,0,0,0,0,0,0,0,15,0,13,24,12
138511,113,878119,2,112,22,59,10,6,4,40,5,20,0.366666667,6,16,9,0,0,0,0,0,0,0,34,7,9
138513,100,457932,3,13,2,6,3,1,0,5,1,21,0.066666667,0,0,0,0,0,0,12,0,0,0,9,13,0
138522,150,247683,1,150,21,46,21,37,5,36,16,23,0.2,0,0,0,0,0,0,0,30,2,0,61,117,2
138530,30,43183,2,29,7,11,0,6,0,4,2,24,0.166666667,0,0,5,0,0,0,0,0,0,0,8,16,0
138534,167,148500,4,11,8,1,0,1,0,1,1,29,0.033333333,0,0,0,0,0,0,0,0,0,0,9,11,0
138541,130,878119,3,121,36,56,5,7,3,37,2,20,0.166666667,0,0,0,0,0,0,0,0,0,0,23,83,16
138542,59,878119,1,59,6,19,4,15,2,17,7,20,0.033333333,0,0,0,0,0,0,0,0,0,0,19,59,0
138549,97,260769,1,97,4,31,5,25,2,31,20,0,0.033333333,0,0,0,0,0,97,0,0,0,0,48,97,0
138553,4198,346877,27,90,18,31,14,17,0,25,6,9,0.2,0,0,0,0,0,0,0,0,1,0,15,11,1
138555,47,334927,1,47,10,27,0,4,2,16,3,7,0.1,0,0,0,0,0,0,0,0,0,0,14,20,13
138557,20,334927,3,5,1,2,0,1,0,1,1,7,0.033333333,0,0,0,0,0,0,0,0,0,0,4,5,0
138566,34,878119,1,34,3,11,4,9,0,8,5,20,0.033333333,0,0,0,0,0,0,0,0,0,0,12,34,0
138567,6,878119,1,6,2,2,0,1,0,2,0,20,0.033333333,0,0,0,0,0,0,0,0,0,0,4,6,0
138575,19,250865,2,8,2,2,0,1,0,3,0,34,0.033333333,0,0,0,0,0,8,0,0,0,0,4,8,0
138580,388,247683,3,137,6,89,0,39,0,82,3,23,0.066666667,0,0,0,0,0,86,0,0,51,0,40,86,0
138581,2,188602,1,2,2,0,0,0,0,0,0,96,0.033333333,0,0,0,0,0,0,0,0,2,0,2,2,0
138591,35,878119,1,35,14,13,0,4,0,6,3,20,0.066666667,0,0,0,0,0,0,0,0,0,0,11,28,0
138592,146,346877,4,1,1,0,0,0,0,0,0,9,0.033333333,0,0,0,0,0,0,0,0,1,0,1,1,0
138597,10,127749,1,10,6,2,0,1,0,1,1,102,0.033333333,0,0,0,0,0,10,0,0,0,0,7,10,0
138600,12,110497,1,12,2,4,0,3,0,3,3,24,0.033333333,0,0,0,0,0,0,0,0,12,0,9,12,0
138610,483,878119,3,106,11,42,3,28,2,28,18,20,0.2,0,0,0,0,0,0,0,0,0,0,26,12,43
138611,335,21560,4,59,2,18,0,13,0,24,12,9,0.033333333,0,0,0,0,0,0,0,0,0,0,14,59,0
138621,221,86829,17,2,2,0,0,0,0,0,0,63,0.066666667,0,0,0,0,0,0,0,0,1,0,1,2,0
138636,29,346877,2,26,9,12,0,2,0,8,3,9,0.033333333,0,0,0,0,0,0,0,0,26,0,14,26,0
138646,34,46603,3,3,1,2,0,0,0,1,0,5,0.033333333,0,0,0,0,3,0,0,0,0,0,3,3,0
138652,5,878119,1,5,1,4,0,0,0,3,0,20,0.033333333,0,0,0,0,0,0,0,0,0,0,5,5,0
138668,2,346877,2,1,1,0,0,0,0,0,0,9,0.033333333,0,0,0,0,0,0,0,0,1,0,1,1,0
138672,39,334927,2,10,3,4,0,2,1,3,0,7,0.033333333,0,0,0,0,0,0,0,0,0,0,6,10,0
138674,45,334927,1,45,2,13,10,11,0,10,6,7,0.066666667,0,0,0,0,0,0,0,0,0,0,19,10,0
138679,246,878119,2,170,7,69,13,58,0,56,19,20,0.2,40,57,0,0,10,0,0,41,0,0,39,57,57
138686,43,334927,2,42,5,24,6,2,2,20,1,7,0.033333333,0,0,0,0,0,0,0,0,0,0,18,42,0
138691,28,260769,1,28,6,10,0,7,0,5,5,0,0.033333333,0,0,0,0,0,28,0,0,0,0,16,28,0
138697,162,346877,3,51,2,17,0,15,1,18,12,9,0.033333333,0,0,0,0,0,0,0,0,51,0,11,51,0
138704,24,878119,1,24,6,7,0,5,3,5,1,20,0.033333333,0,0,0,0,0,0,0,0,0,0,10,24,0
138726,116,43183,5,44,5,5,0,4,7,16,4,24,0.033333333,0,0,0,0,0,0,0,0,0,0,14,44,0
138729,34,247683,1,34,4,14,0,12,0,11,4,23,0.033333333,0,0,0,0,0,0,0,0,34,0,19,34,0
138755,12,260769,1,12,5,1,0,1,3,1,1,0,0.1,0,9,0,0,0,1,0,0,0,0,7,10,2
138765,4,457932,1,4,2,2,0,0,0,1,0,21,0.033333333,0,0,0,0,0,0,4,0,0,0,4,4,0
138768,11,878119,1,11,5,3,0,1,0,2,1,20,0.066666667,0,0,0,0,0,0,0,0,0,0,8,9,2
138772,11,334927,4,1,1,0,0,0,0,0,0,7,0.033333333,0,0,0,0,0,0,0,0,0,0,1,1,0
138775,111,334927,2,19,6,7,0,3,1,4,2,7,0.066666667,0,0,0,0,0,0,0,0,0,0,9,8,11
138781,1,140022,1,1,1,0,0,0,0,0,0,232,0.033333333,0,0,0,0,0,1,0,0,0,0,1,1,0
138801,143,260769,2,142,15,22,0,15,81,9,8,0,0.2,0,0,0,0,0,31,0,0,0,0,24,54,19
138806,205,346877,8,6,2,2,0,1,0,1,1,9,0.033333333,0,0,0,0,0,0,0,0,6,0,5,6,0
138807,183,260769,2,149,23,50,0,17,39,37,8,0,0.166666667,0,0,71,0,0,18,0,0,0,0,21,31,12
138811,1,878119,1,1,1,0,0,0,0,0,0,20,0.033333333,0,0,0,0,0,0,0,0,0,0,1,1,0
138820,106,21560,4,43,1,19,0,7,0,24,6,9,0.033333333,0,0,0,0,0,0,0,0,0,0,12,43,0
138840,65,878119,1,65,19,33,0,1,4,19,2,20,0.133333333,0,0,0,0,0,0,0,0,0,0,18,12,0
138849,12,878119,1,12,3,5,0,3,0,2,1,20,0.033333333,0,0,0,0,0,0,0,0,0,0,8,12,0
138861,66,247683,1,66,5,32,27,0,0,27,0,23,0.1,0,0,12,0,0,0,0,0,46,0,26,54,12
138862,29,334927,1,29,5,8,0,8,0,8,8,7,0.033333333,0,0,0,0,0,0,0,0,0,0,17,29,0
138869,8,334927,1,8,4,2,0,1,0,1,1,7,0.033333333,0,0,0,0,0,0,0,0,0,0,5,8,0
138873,322,346877,4,56,5,24,0,13,0,23,6,9,0.133333333,0,0,0,7,0,0,0,0,5,0,15,30,0
138912,1,878119,1,1,1,0,0,0,0,0,0,20,0.033333333,0,0,0,0,0,0,0,0,0,0,1,1,0
138919,71,260769,3,57,4,24,0,17,0,20,11,0,0.033333333,0,0,0,0,0,57,0,0,0,0,24,57,0
138940,581,85576,7,17,2,5,2,4,0,5,3,54,0.033333333,0,0,0,0,0,0,0,0,17,0,6,17,0
138952,254,334927,5,242,29,87,21,8,80,37,6,7,0.333333333,0,0,0,0,0,0,10,0,0,14,36,25,13
138964,6,346877,1,6,2,2,0,1,0,1,1,9,0.033333333,0,0,0,0,0,0,0,0,6,0,5,6,0
138966,18,334927,1,18,8,3,0,1,5,2,0,7,0.066666667,0,0,0,0,0,0,0,0,0,0,7,4,0
138977,3,260769,2,1,1,0,0,0,0,0,0,0,0.033333333,0,0,0,0,0,1,0,0,0,0,1,1,0
138978,3,250865,2,2,2,0,0,0,0,0,0,34,0.033333333,0,0,0,0,0,2,0,0,0,0,1,2,0
138989,17,878119,1,17,6,6,0,4,0,3,0,20,0.033333333,0,0,0,0,0,0,0,0,0,0,10,17,0
139001,422,346877,5,153,11,34,43,24,4,43,7,9,0.233333333,0,0,0,12,42,0,0,0,8,0,34,9,79
139005,13,46603,2,8,3,2,0,1,0,2,1,5,0.066666667,0,0,0,0,5,3,0,0,0,0,7,5,3
139009,2,148500,1,2,2,0,0,0,0,0,0,29,0.033333333,0,0,0,0,0,0,0,0,0,0,2,2,0
139064,207,878119,1,207,36,80,56,3,1,70,2,20,0.233333333,62,0,0,0,43,0,0,0,0,0,54,35,0
139069,40,878119,2,13,1,10,0,1,0,9,1,20,0.033333333,0,0,0,0,0,0,0,0,0,0,7,13,0
139077,572,148500,10,6,1,3,0,1,0,2,1,29,0.033333333,0,0,0,0,0,0,0,0,0,0,4,6,0
139078,572,878119,10,34,8,15,0,8,0,8,3,20,0.133333333,0,0,0,0,0,0,0,0,0,0,14,22,0
139084,23,878119,1,23,4,13,0,2,1,9,1,20,0.066666667,13,0,0,0,0,0,0,0,0,0,12,23,0
139088,317,110497,5,26,2,11,0,6,0,12,3,24,0.133333333,0,0,0,1,0,0,0,0,13,0,11,24,0
139097,278,148500,5,1,1,0,0,0,0,0,0,29,0.033333333,0,0,0,0,0,0,0,0,0,0,1,1,0
139101,9,260769,1,9,2,3,0,1,0,3,1,0,0.033333333,0,0,0,0,0,9,0,0,0,0,6,9,0
139106,69,878119,1,69,8,46,0,11,0,39,4,20,0.166666667,13,0,1,0,0,0,0,0,0,0,24,47,15
139110,184,86829,4,1,1,0,0,0,0,0,0,63,0.033333333,0,0,0,0,0,0,0,0,1,0,1,1,0
139111,7,188602,1,7,2,3,0,1,0,2,1,96,0.033333333,0,0,0,0,0,0,0,0,7,0,5,7,0
139116,422,457932,5,65,3,21,9,17,0,18,11,21,0.1,0,0,0,0,0,0,30,0,0,0,25,13,30
139122,431,85576,9,2,2,0,0,0,0,0,0,54,0.033333333,0,0,0,0,0,0,0,0,2,0,1,2,0
139125,12,878119,1,12,5,3,0,1,1,2,1,20,0.033333333,0,0,0,0,0,0,0,0,0,0,8,12,0
139128,41,346877,1,41,8,15,9,3,0,12,3,9,0.133333333,0,0,0,0,8,2,0,0,24,0,15,7,24
139130,103,346877,2,5,2,2,0,1,0,1,0,9,0.033333333,0,0,0,0,0,0,0,0,5,0,4,5,0
139140,6,140022,1,6,2,2,0,1,0,1,1,232,0.033333333,0,0,0,0,0,6,0,0,0,0,5,6,0
139152,34,346877,1,34,5,12,0,9,0,9,8,9,0.033333333,0,0,0,0,0,0,0,0,34,0,8,34,0
139153,3,334927,1,3,3,0,0,0,0,0,0,7,0.066666667,0,0,0,0,0,0,0,0,0,0,1,2,0
139209,5,878119,1,5,2,3,0,0,0,2,0,20,0.033333333,0,0,0,0,0,0,0,0,0,0,5,5,0
139212,13,27035,1,13,2,6,0,1,0,4,1,60,0.033333333,0,0,0,0,0,0,13,0,0,0,9,13,0
139216,1632,334927,4,2,2,0,0,0,0,0,0,7,0.066666667,0,0,0,0,0,0,0,0,0,0,1,1,0
139217,659,86829,5,500,38,119,191,61,12,93,38,63,0.333333333,0,0,0,3,0,0,0,121,21,0,97,159,125
139218,35,250865,4,7,3,2,0,1,0,1,1,34,0.033333333,0,0,0,0,0,7,0,0,0,0,5,7,0
139222,490,85576,6,33,3,8,20,0,0,7,0,54,0.1,0,0,0,0,0,0,0,0,27,0,9,1,0
139225,24,878119,1,24,2,9,3,7,0,6,2,20,0.033333333,0,0,0,0,0,0,0,0,0,0,10,24,0
139226,83,457932,1,83,11,31,12,27,0,24,0,21,0.1,0,0,0,0,0,0,41,23,0,0,25,19,0
139229,52,334927,2,51,16,20,0,10,1,7,4,7,0.066666667,0,41,0,0,0,0,0,0,0,0,9,41,10
139234,105,250865,1,105,8,22,23,19,5,30,7,34,0.066666667,0,0,75,0,0,30,0,0,0,0,18,75,0
139248,138,457932,6,27,4,12,4,1,4,7,1,21,0.066666667,0,0,0,0,0,0,12,0,0,0,13,15,0
139254,83,457932,4,36,3,9,2,8,1,8,7,21,0.033333333,0,0,0,0,0,0,36,0,0,0,20,36,0
139261,3,21560,2,1,1,0,0,0,0,0,0,9,0.033333333,0,0,0,0,0,0,0,0,0,0,1,1,0
139268,9,86829,2,1,1,0,0,0,0,0,0,63,0.033333333,0,0,0,0,0,0,0,0,1,0,1,1,0
139283,75,878119,1,75,17,38,4,8,0,28,6,20,0.166666667,0,0,0,0,0,0,0,0,0,0,28,24,6
139294,6,346877,1,6,2,2,0,1,0,1,1,9,0.033333333,0,0,0,0,0,0,0,0,6,0,5,6,0
139310,1136,260769,4,618,41,138,110,106,2,175,71,0,0.266666667,0,168,0,0,154,3,0,0,0,0,123,160,171
139318,691,878119,5,97,17,36,1,28,0,25,13,20,0.2,0,7,0,0,0,0,0,0,0,0,25,22,0
139321,5,250865,1,5,3,2,0,0,0,1,0,34,0.033333333,0,0,0,0,0,5,0,0,0,0,4,5,0
139331,552,346877,4,272,32,67,68,52,9,57,20,9,0.3,46,0,0,5,43,5,0,4,68,0,61,57,25
139333,408,260769,2,407,46,110,73,91,43,89,23,0,0.3,8,80,0,0,0,24,0,76,0,0,79,37,36
139339,115,27035,4,1,1,0,0,0,0,0,0,60,0.033333333,0,0,0,0,0,0,1,0,0,0,1,1,0
139345,316,140022,4,5,1,2,0,1,0,1,1,232,0.033333333,0,0,0,0,0,5,0,0,0,0,4,5,0
139351,4,878119,2,2,2,0,0,0,0,0,0,20,0.033333333,0,0,0,0,0,0,0,0,0,0,2,2,0
139356,84,86829,1,84,4,24,19,17,0,30,8,63,0.033333333,0,0,0,0,0,0,0,0,84,0,18,84,0
139358,1,85168,1,1,1,0,0,0,0,0,0,139,0.033333333,0,0,0,0,0,0,0,0,1,0,1,1,0
139365,34,86829,2,8,3,4,0,0,0,3,0,63,0.033333333,0,0,0,0,0,0,0,0,8,0,5,8,0
139374,13,878119,1,13,4,4,0,0,3,4,0,20,0.033333333,0,0,0,0,0,0,0,0,0,0,6,13,0
139376,15,148500,1,15,1,10,0,2,0,9,2,29,0.033333333,0,0,0,0,0,0,0,0,0,0,5,15,0
139379,6,85168,1,6,2,3,0,1,0,2,0,139,0.066666667,0,0,0,0,0,0,0,0,2,0,4,6,0
139385,7,110497,2,6,6,0,0,0,0,0,0,24,0.066666667,0,0,0,0,0,0,0,0,1,0,2,6,0
139386,17,334927,1,17,6,5,0,4,2,4,0,7,0.033333333,0,0,0,0,0,0,0,0,0,0,9,17,0
139405,100,457932,2,17,4,10,1,1,0,5,1,21,0.066666667,0,0,0,12,0,0,5,0,0,0,9,12,0
139420,126,878119,1,126,15,44,7,29,9,34,19,20,0.1,0,0,0,0,0,0,32,0,0,0,44,52,0
139423,142,457932,1,142,9,34,30,30,14,30,22,21,0.1,0,0,0,0,0,81,16,45,0,0,52,81,16
139432,1,188602,1,1,1,0,0,0,0,0,0,96,0.033333333,0,0,0,0,0,0,0,0,1,0,1,1,0
139436,857,85576,2,293,24,61,107,36,2,58,12,54,0.3,30,82,0,0,0,0,0,34,24,0,51,60,29
139441,140,457932,1,140,5,80,32,3,17,65,3,21,0.1,0,0,0,0,0,0,18,121,0,0,47,1,0
139447,2,878119,1,2,2,0,0,0,0,0,0,20,0.033333333,0,0,0,0,0,0,0,0,0,0,2,2,0
139464,289,42723,5,168,6,52,7,12,5,78,13,6,0.366666667,0,11,5,26,0,0,0,8,7,0,22,18,90
139465,3,148500,2,2,2,0,0,0,0,0,0,29,0.033333333,0,0,0,0,0,0,0,0,0,0,1,2,0
139475,85,457932,2,15,7,3,3,0,0,2,0,21,0.066666667,0,0,0,0,0,0,7,8,0,0,9,7,8
139477,893,334927,6,8,3,3,0,1,0,2,1,7,0.033333333,0,0,0,0,0,0,0,0,0,0,5,8,0
139508,13,334927,1,13,5,3,0,2,0,2,2,7,0.033333333,0,0,0,0,0,0,0,0,0,0,6,13,0
139514,438,878119,2,138,20,46,5,21,24,29,15,20,0.166666667,0,0,0,0,0,0,0,0,0,0,38,14,10
139522,18,334927,3,3,3,0,0,0,0,0,0,7,0.066666667,0,0,0,0,1,0,0,0,0,0,2,2,0
139530,61,346877,1,61,6,21,0,18,0,16,16,9,0.1,0,0,0,0,0,0,0,0,8,44,36,17,44
139542,522,34988,4,1,1,0,0,0,0,0,0,108,0.033333333,0,0,0,0,0,0,0,0,0,0,1,1,0
139557,129,46603,2,17,4,9,0,4,0,4,0,5,0.1,0,0,0,0,7,0,0,0,0,0,5,6,7
139564,51,250865,1,51,8,13,2,4,0,22,8,34,0.133333333,0,0,0,0,0,19,12,14,6,0,21,19,12
139577,105,878119,2,32,4,16,0,8,0,13,4,20,0.066666667,0,0,0,0,0,0,0,0,0,0,11,24,0
139583,2,346877,2,1,1,0,0,0,0,0,0,9,0.033333333,0,0,0,0,0,0,0,0,1,0,1,1,0
139584,224,878119,3,33,11,12,0,6,3,7,1,20,0.1,0,0,0,0,0,0,0,0,0,0,12,24,4
139587,292,457932,4,18,3,5,3,4,0,4,2,21,0.033333333,0,0,0,0,0,0,18,0,0,0,9,18,0
139588,14,127749,1,14,12,0,0,0,1,0,0,102,0.033333333,0,0,0,0,0,14,0,0,0,0,7,14,0
139595,122,260769,2,2,2,0,0,0,0,0,0,0,0.033333333,0,0,0,0,0,2,0,0,0,0,2,2,0
139604,7,334927,1,7,3,2,0,1,0,1,1,7,0.033333333,0,0,0,0,0,0,0,0,0,0,5,7,0
139605,3,250865,1,3,3,0,0,0,0,0,0,34,0.033333333,0,0,0,0,0,3,0,0,0,0,3,3,0
139607,159,457932,3,70,10,42,11,1,0,23,0,21,0.166666667,0,0,14,3,0,0,44,6,0,0,17,9,0
139608,53,457932,2,13,2,4,2,3,0,3,2,21,0.033333333,0,0,0,0,0,0,13,0,0,0,9,13,0
139617,44,34988,6,1,1,0,0,0,0,0,0,108,0.033333333,0,0,0,0,0,0,0,0,0,0,1,1,0
139624,55,110497,2,15,4,8,0,2,0,3,1,24,0.066666667,0,0,0,0,0,0,0,0,8,7,8,8,7
139629,9,334927,1,9,5,2,0,1,0,1,1,7,0.033333333,0,0,0,0,0,0,0,0,0,0,7,9,0
139653,687,346877,3,1,1,0,0,0,0,0,0,9,0.033333333,0,0,0,0,0,0,0,0,1,0,1,1,0
139662,143,346877,3,17,2,6,0,5,0,5,4,9,0.033333333,0,0,0,0,0,0,0,0,17,0,12,17,0
139673,292,127749,7,1,1,0,0,0,0,0,0,102,0.033333333,0,0,0,0,0,0,1,0,0,0,1,1,0
139692,16,250865,1,16,6,5,0,3,0,2,1,34,0.033333333,0,0,0,0,0,16,0,0,0,0,8,16,0
139695,79,457932,5,1,1,0,0,0,0,0,0,21,0.033333333,0,0,0,0,0,0,1,0,0,0,1,1,0
139697,6,878119,4,1,1,0,0,0,0,0,0,20,0.033333333,0,0,0,0,0,0,0,0,0,0,1,1,0
139706,4,148500,2,2,2,0,0,0,0,0,0,29,0.033333333,0,0,0,0,0,0,0,0,0,0,2,2,0
139713,320,148500,3,5,1,2,0,1,0,1,1,29,0.033333333,0,0,0,0,0,0,0,0,0,0,4,5,0
139718,579,334927,4,95,20,56,7,6,0,40,3,7,0.2,0,0,0,0,0,0,0,0,0,0,26,70,7
139725,9,907118,1,9,3,3,0,2,0,2,1,19,0.033333333,0,0,0,0,0,0,0,0,0,0,6,9,0
139756,329,155579,1,329,27,109,32,55,62,116,0,17,0.133333333,0,0,0,0,0,0,0,0,0,0,21,62,0
139775,12,907118,1,12,4,3,0,2,1,3,1,19,0.033333333,0,0,0,0,0,0,0,0,0,0,8,12,0
139784,50,907118,1,50,14,17,0,13,1,10,5,19,0.033333333,0,0,0,0,0,0,0,0,0,0,16,50,0
139797,672,155579,3,1,1,0,0,0,0,0,0,17,0.033333333,0,0,0,0,0,0,0,0,0,0,1,1,0
139808,8,907118,1,8,2,3,0,2,0,2,1,19,0.033333333,0,0,0,0,0,0,0,0,0,0,6,8,0
139812,59,907118,1,59,14,24,0,15,0,14,5,19,0.066666667,0,0,0,0,0,0,0,0,0,0,19,45,0
139819,52,907118,1,52,8,26,3,13,1,18,0,19,0.1,0,0,0,0,0,0,0,0,0,0,19,21,18
139833,6,155579,1,6,2,2,0,0,0,3,0,17,0.033333333,0,0,0,0,0,0,0,0,0,0,4,6,0
139847,1,907118,1,1,1,0,0,0,0,0,0,19,0.033333333,0,0,0,0,0,0,0,0,0,0,1,1,0
139850,65,89830,4,1,1,0,0,0,0,0,0,108,0.033333333,1,0,0,0,0,0,0,0,0,0,1,1,0
139853,34,907118,1,34,2,18,3,9,0,13,2,19,0.033333333,0,0,0,0,0,0,0,0,0,0,14,34,0
139856,23,907118,1,23,9,6,0,5,0,5,3,19,0.066666667,0,0,0,0,0,0,0,0,0,0,12,8,15
139857,12,907118,1,12,3,5,0,4,0,4,0,19,0.033333333,0,0,0,0,0,0,0,0,0,0,6,12,0
139863,15,907118,1,15,7,5,0,3,0,2,0,19,0.033333333,0,0,0,0,0,0,0,0,0,0,7,15,0
139864,13,155579,1,13,3,5,0,3,0,2,2,17,0.033333333,0,0,0,0,0,0,0,0,0,0,5,13,0
139873,33,907118,1,33,8,16,0,6,1,10,1,19,0.033333333,0,0,0,0,0,0,0,0,0,0,11,33,0
139882,93,155579,1,93,2,21,17,16,2,32,15,17,0.1,0,0,0,0,0,0,0,0,0,0,23,12,0
139901,56,907118,1,56,10,22,3,15,0,13,5,19,0.066666667,0,0,0,0,0,0,0,0,0,0,23,39,0
139942,1,907118,1,1,1,0,0,0,0,0,0,19,0.033333333,0,0,0,0,0,0,0,0,0,0,1,1,0
139948,53,907118,1,53,10,19,2,13,0,12,8,19,0.066666667,0,0,0,0,0,0,0,0,0,0,21,17,36
139951,112,155579,2,1,1,0,0,0,0,0,0,17,0.033333333,0,0,0,0,0,0,0,0,0,0,1,1,0
139964,24,907118,1,24,3,9,0,8,0,8,4,19,0.033333333,0,0,0,0,0,0,0,0,0,0,9,24,0
139983,19,907118,1,19,4,7,0,5,0,5,3,19,0.066666667,0,0,0,0,0,0,0,0,0,0,10,12,0
140002,17,91935,3,10,4,3,0,1,0,2,1,26,0.033333333,0,0,0,0,0,0,0,0,0,0,7,10,0
140020,31,907118,1,31,9,13,0,7,0,6,2,19,0.033333333,0,0,0,0,0,0,0,0,0,0,11,31,0
140038,89,907118,1,89,22,27,2,20,2,20,9,19,0.1,0,0,0,0,0,0,0,0,0,0,28,20,32
140046,152,91935,4,2,2,0,0,0,0,0,0,26,0.066666667,0,0,0,0,0,0,1,0,0,0,1,1,0
140052,10,155579,1,10,3,0,0,0,4,0,0,17,0.066666667,0,0,0,0,0,0,0,0,0,0,4,8,2
140053,27,907118,1,27,3,17,0,7,0,14,0,19,0.133333333,0,0,0,5,0,0,0,0,0,0,8,1,0
140086,54,878119,6,2,2,0,0,0,0,0,0,20,0.066666667,0,0,0,0,0,1,0,0,0,0,2,2,0
140094,201,21216,2,1,1,0,0,0,0,0,0,19,0.033333333,0,0,0,0,0,0,0,0,0,0,1,1,0
140103,122,878119,1,122,19,45,7,38,7,32,0,20,0.1,0,0,0,0,51,45,0,0,0,0,27,26,0
140106,1,878119,1,1,1,0,0,0,0,0,0,20,0.033333333,0,0,0,0,0,1,0,0,0,0,1,1,0
140108,24,21216,3,9,4,2,0,1,0,1,1,19,0.033333333,0,0,0,0,0,0,0,0,0,0,7,9,0
140111,808,34988,2,175,2,12,79,9,0,45,22,108,0.033333333,0,0,0,0,0,0,0,0,0,175,55,175,0
140128,3,21216,1,3,3,0,0,0,0,0,0,19,0.066666667,0,0,0,0,0,0,0,0,0,0,2,2,1
140140,250,878119,3,221,8,77,28,69,0,73,26,20,0.233333333,45,0,54,0,60,24,0,0,0,0,76,61,0
140143,34,878119,2,2,2,0,0,0,0,0,0,20,0.033333333,0,0,0,0,0,2,0,0,0,0,1,2,0
140145,21,43183,1,21,2,7,0,6,0,6,6,24,0.033333333,0,0,0,0,0,0,0,21,0,0,10,21,0
140146,39,21216,3,1,1,0,0,0,0,0,0,19,0.033333333,0,0,0,0,0,0,0,0,0,0,1,1,0
140156,6,21216,1,6,2,2,0,1,0,1,1,19,0.033333333,0,0,0,0,0,0,0,0,0,0,5,6,0
140170,426,878119,1,426,57,138,36,104,6,125,50,20,0.166666667,156,0,0,0,35,73,0,0,0,0,81,245,73
140178,26,43183,2,13,2,3,0,1,0,6,3,24,0.033333333,0,0,0,0,0,0,0,13,0,0,8,13,0
140197,4,878119,1,4,2,2,0,0,0,1,0,20,0.033333333,0,0,0,0,0,4,0,0,0,0,4,4,0
140206,4,878119,1,4,2,2,0,0,0,1,0,20,0.033333333,0,0,0,0,0,4,0,0,0,0,4,4,0
140217,63,878119,1,63,13,21,0,14,0,17,9,20,0.166666667,0,0,9,0,5,4,0,0,0,0,19,19,26
140227,34,878119,2,9,1,4,0,3,0,3,1,20,0.033333333,0,0,0,0,0,9,0,0,0,0,5,9,0
140228,11,21216,1,11,2,5,0,3,0,4,1,19,0.033333333,0,0,0,0,0,0,0,0,0,0,6,11,0
140237,8,878119,1,8,2,4,0,1,0,3,1,20,0.033333333,0,0,0,0,0,8,0,0,0,0,7,8,0
140261,1,34988,1,1,1,0,0,0,0,0,0,108,0.033333333,0,0,0,0,0,0,0,0,0,1,1,1,0
140277,28,878119,1,28,5,15,0,6,0,8,2,20,0.066666667,0,0,0,0,0,8,20,0,0,0,8,8,20
140289,68,43183,2,1,1,0,0,0,0,0,0,24,0.033333333,0,0,0,0,0,0,0,1,0,0,1,1,0
140300,2301,878119,7,1,1,0,0,0,0,0,0,20,0.033333333,0,0,0,0,0,1,0,0,0,0,1,1,0
140312,19,878119,1,19,5,5,0,5,0,5,3,20,0.033333333,0,0,0,0,0,19,0,0,0,0,11,19,0
140322,1,43183,1,1,1,0,0,0,0,0,0,24,0.033333333,0,0,0,0,0,0,0,1,0,0,1,1,0
140324,4,878119,1,4,2,2,0,0,0,2,0,20,0.033333333,0,0,0,0,0,4,0,0,0,0,4,4,0
140330,3,21216,1,3,3,0,0,0,0,0,0,19,0.033333333,0,0,0,0,0,0,0,0,0,0,2,3,0
140346,67,43183,4,6,3,2,0,0,0,2,0,24,0.033333333,0,0,0,0,0,0,0,6,0,0,4,6,0
140352,5,878119,1,5,4,0,0,0,0,0,0,20,0.033333333,0,0,0,0,0,0,5,0,0,0,5,5,0
140370,1,155579,1,1,1,0,0,0,0,0,0,17,0.033333333,0,0,0,0,0,0,0,0,0,0,1,1,0
140373,1,155579,1,1,1,0,0,0,0,0,0,17,0.033333333,0,0,0,0,0,0,0,0,0,0,1,1,0
140374,158,91935,2,12,5,2,0,1,2,1,1,26,0.033333333,0,0,0,0,0,0,0,0,0,0,7,12,0
140385,106,89830,3,83,8,23,12,9,2,28,8,108,0.133333333,0,0,0,0,0,0,0,72,0,0,18,76,3
140390,24,155579,2,8,4,2,0,1,0,1,1,17,0.033333333,0,0,0,0,0,0,0,0,0,0,7,8,0
140392,222,89830,2,1,1,0,0,0,0,0,0,108,0.033333333,0,0,0,0,0,0,0,0,0,0,1,1,0
140408,6,155579,2,5,5,0,0,0,0,0,0,17,0.033333333,0,0,0,0,0,0,0,0,0,0,3,5,0
140409,15,155579,1,15,5,1,2,1,1,4,2,17,0.033333333,0,0,0,0,0,0,0,0,0,0,7,15,0
140414,7,91935,1,7,5,2,0,0,0,2,0,26,0.033333333,0,0,0,0,0,0,0,0,0,0,4,7,0
140427,337,155579,2,2,2,0,0,0,0,0,0,17,0.066666667,0,0,0,0,0,0,0,0,0,0,1,1,0
140428,1,155579,1,1,1,0,0,0,0,0,0,17,0.033333333,0,0,0,0,0,0,0,0,0,0,1,1,0
140463,137,91935,3,17,6,5,0,4,0,4,2,26,0.033333333,0,0,0,0,0,0,0,0,0,0,9,17,0
140464,274,89830,4,127,3,8,71,3,0,26,1,108,0.066666667,0,0,0,0,0,0,0,0,0,0,29,127,0
140469,1633,89830,5,6,2,2,0,1,0,1,1,108,0.066666667,0,0,0,0,0,0,0,0,0,0,5,1,5
140477,1,89830,1,1,1,0,0,0,0,0,0,108,0.033333333,0,0,0,0,0,0,0,0,0,0,1,1,0
140487,16,878119,1,16,6,6,0,1,1,3,1,20,0.033333333,0,0,0,0,0,0,0,16,0,0,11,16,0
140490,309,878119,2,306,32,99,43,47,29,99,21,20,0.166666667,0,0,0,0,0,0,110,112,0,0,69,28,0
140494,106,878119,1,106,14,18,20,13,13,35,0,20,0.1,36,0,0,0,0,0,0,60,0,0,22,10,0
140513,130,878119,2,107,10,44,21,8,1,54,5,20,0.066666667,0,0,0,0,0,0,0,72,0,0,32,107,0
140517,2,148500,2,1,1,0,0,0,0,0,0,29,0.033333333,0,0,0,0,0,0,0,0,0,0,1,1,0
140529,35,878119,1,35,7,12,1,8,2,7,4,20,0.066666667,0,0,0,0,0,0,27,8,0,0,16,27,8
140531,55,878119,2,33,3,14,0,10,0,10,6,20,0.066666667,0,0,0,0,0,0,0,23,0,0,11,33,0
140547,42,21216,8,8,2,2,0,1,0,2,2,19,0.033333333,0,0,0,0,0,0,0,0,0,0,6,8,0
140577,32,43183,3,22,6,7,0,2,0,9,2,24,0.033333333,0,0,0,0,0,0,0,0,0,22,11,22,0
140578,54,878119,5,50,7,34,0,3,3,28,2,20,0.1,0,0,16,0,0,0,18,16,0,0,25,16,0
140583,12,878119,1,12,1,5,0,4,0,4,2,20,0.033333333,0,0,0,0,0,0,0,12,0,0,8,12,0
140598,48,21216,4,1,1,0,0,0,0,0,0,19,0.033333333,0,0,0,0,0,0,0,0,0,0,1,1,0
140601,117,878119,5,21,6,7,0,5,1,4,2,20,0.033333333,0,0,0,0,0,0,0,21,0,0,11,21,0
140608,1014,878119,8,7,2,3,0,2,0,2,0,20,0.033333333,0,0,0,0,0,0,0,7,0,0,5,7,0
140610,25,21216,1,25,12,9,0,2,0,2,2,19,0.033333333,0,0,0,0,0,0,0,0,0,0,6,25,0
140612,2,878119,2,1,1,0,0,0,0,0,0,20,0.033333333,0,0,0,0,0,0,0,1,0,0,1,1,0
140624,13,21216,1,13,6,4,0,2,0,2,1,19,0.066666667,0,0,0,0,0,0,0,0,0,0,8,6,0
140627,58,21216,2,57,7,11,0,5,0,28,7,19,0.066666667,0,0,0,0,0,0,0,0,0,0,20,1,56
140636,14,148500,2,13,3,5,0,3,0,2,2,29,0.066666667,0,0,0,0,0,0,0,0,0,0,8,6,0
140638,773,148500,5,4,1,2,0,1,0,1,0,29,0.033333333,0,0,0,0,0,0,0,0,0,0,3,4,0
140660,107,148500,1,107,13,41,16,2,6,40,1,29,0.133333333,0,0,0,29,7,0,0,0,0,0,40,62,9
140661,9,21216,1,9,1,2,0,1,0,4,2,19,0.033333333,0,0,0,0,0,0,0,0,0,0,5,9,0
140663,172,878119,2,106,5,67,8,4,4,57,1,20,0.066666667,0,0,0,0,0,0,0,16,0,0,19,90,0
140667,67,148500,1,67,10,18,3,14,5,18,8,29,0.066666667,0,0,0,0,0,0,0,0,0,0,26,57,10
140670,8,878119,1,8,2,3,0,2,0,2,1,20,0.033333333,0,0,0,0,0,0,0,8,0,0,6,8,0
140698,7,21216,1,7,3,2,0,1,0,1,1,19,0.066666667,0,0,0,0,0,0,0,0,0,0,5,6,0
140702,2,21216,1,2,2,0,0,0,0,0,0,19,0.033333333,0,0,0,0,0,0,0,0,0,0,2,2,0
140703,553,43183,5,1,1,0,0,0,0,0,0,24,0.033333333,0,0,0,0,0,0,0,0,0,1,1,1,0
140717,2,21216,1,2,2,0,0,0,0,0,0,19,0.033333333,0,0,0,0,0,0,0,0,0,0,2,2,0
140742,34,21216,2,1,1,0,0,0,0,0,0,19,0.033333333,0,0,0,0,0,0,0,0,0,0,1,1,0
140751,7,502584,1,7,1,4,0,1,0,1,1,143,0.033333333,0,0,0,0,0,0,0,0,0,0,5,7,0
140766,180,502584,1,180,23,25,39,15,23,45,10,143,0.1,0,0,0,0,0,0,0,0,0,0,25,126,54
140771,22,261579,2,21,2,17,0,1,0,16,1,5,0.033333333,0,0,0,0,0,0,0,0,0,0,11,21,0
140775,9,502584,1,9,3,3,0,1,1,2,1,143,0.066666667,0,0,0,0,0,0,0,0,0,0,6,8,0
140799,5,502584,1,5,3,2,0,0,0,1,0,143,0.066666667,0,0,0,0,0,0,0,0,0,0,4,5,0
140800,701,502584,3,698,21,173,186,66,24,267,44,143,0.433333333,0,0,0,0,57,39,27,0,25,64,136,203,74
140802,328,261579,6,59,8,9,0,9,15,19,5,5,0.033333333,0,0,0,0,0,0,0,0,0,0,15,59,0
140806,139,261579,2,2,2,0,0,0,0,0,0,5,0.066666667,0,0,0,0,0,0,0,0,0,0,1,1,0
140813,16,261579,1,16,3,5,0,3,0,5,3,5,0.066666667,0,0,0,0,0,0,0,0,0,0,7,7,9
140832,122,24979,9,1,1,0,0,0,0,0,0,25,0.033333333,0,0,0,0,0,0,0,0,0,0,1,1,0
140833,8,261579,1,8,4,2,0,1,0,1,1,5,0.033333333,0,0,0,0,0,0,0,0,0,0,7,8,0
140835,35,261579,1,35,4,14,0,9,0,11,8,5,0.033333333,0,0,0,0,0,0,0,0,0,0,20,35,0
140837,60,502584,5,9,2,3,0,2,0,2,2,143,0.033333333,0,0,0,0,0,0,0,0,0,0,7,9,0
140840,12,261579,1,12,2,4,0,3,0,3,3,5,0.033333333,0,0,0,0,0,0,0,0,0,0,9,12,0
140842,47,261579,1,47,11,21,0,10,0,8,5,5,0.1,0,0,0,0,0,0,0,0,0,0,10,28,12
140849,406,261579,4,55,9,22,0,14,0,10,7,5,0.066666667,0,0,0,0,0,0,0,0,0,0,9,27,28
140852,175,24979,3,23,11,5,0,3,1,4,2,25,0.066666667,0,14,0,0,0,0,0,0,0,0,10,9,0
140860,2,502584,1,2,2,0,0,0,0,0,0,143,0.033333333,0,0,0,0,0,0,0,0,0,0,2,2,0
140863,117,24979,5,1,1,0,0,0,0,0,0,25,0.033333333,0,0,0,0,0,0,0,0,0,0,1,1,0
140865,375,502584,6,25,2,4,0,3,0,19,0,143,0.033333333,0,0,0,0,0,0,0,0,0,0,5,25,0
140893,18,24979,1,18,6,6,0,1,4,5,0,25,0.033333333,0,0,0,0,0,0,0,0,0,0,9,18,0
140896,463,502584,5,18,1,2,0,1,14,1,0,143,0.033333333,0,0,0,0,0,0,0,0,0,0,3,18,0
140902,148,502584,7,11,3,6,0,1,0,5,1,143,0.033333333,0,0,0,0,0,0,0,0,0,0,6,11,0
140912,11,502584,2,9,2,3,0,2,0,2,2,143,0.033333333,0,0,0,0,0,0,0,0,0,0,7,9,0
140915,19,261579,1,19,3,5,0,4,0,5,4,5,0.033333333,0,0,0,0,0,0,0,0,0,0,12,19,0
140928,112,261579,4,43,12,12,0,8,6,5,4,5,0.166666667,1,0,0,0,0,0,0,0,0,0,15,19,0
140930,32,502584,1,32,6,14,5,3,0,11,2,143,0.066666667,0,0,0,0,0,0,0,0,0,0,11,27,5
140942,582,502584,8,1,1,0,0,0,0,0,0,143,0.033333333,0,0,0,0,0,0,0,0,0,0,1,1,0
140948,446,261579,6,95,6,37,0,27,0,33,23,5,0.066666667,0,0,0,0,0,0,0,0,0,0,42,86,9
140956,463,502584,2,5,1,2,0,1,0,1,1,143,0.033333333,0,0,0,0,0,0,0,0,0,0,4,5,0
140965,90,24979,2,40,6,15,0,9,2,11,6,25,0.066666667,0,0,0,0,0,0,33,0,0,0,18,7,0
140973,2,502584,1,2,2,0,0,0,0,0,0,143,0.033333333,0,0,0,0,0,0,0,0,0,0,2,2,0
140977,110,502584,1,110,6,6,38,4,15,25,3,143,0.033333333,0,0,0,0,0,0,0,0,0,0,19,110,0
140989,129,502584,1,129,10,41,12,24,0,41,16,143,0.133333333,0,0,0,62,0,0,0,0,0,0,25,6,0
140994,17,502584,1,17,1,2,0,1,0,14,0,143,0.033333333,0,0,0,0,0,0,0,0,0,0,3,17,0
141029,44,502584,1,44,5,10,10,7,0,15,3,143,0.033333333,0,0,0,0,0,0,0,0,0,0,13,44,0
141037,4,261579,1,4,2,2,0,0,0,1,0,5,0.033333333,0,0,0,0,0,0,0,0,0,0,4,4,0
141039,33,502584,2,30,3,15,1,2,5,10,2,143,0.066666667,0,0,0,0,0,0,0,0,0,0,13,30,0
141040,14,502584,1,14,5,6,0,0,3,3,0,143,0.033333333,0,0,0,0,0,0,0,0,0,0,8,14,0
141042,15,261579,1,15,4,7,0,0,4,6,0,5,0.066666667,0,0,0,0,0,0,0,0,0,0,6,14,0
141046,20,24979,1,20,1,9,0,6,1,4,3,25,0.033333333,0,0,0,0,0,0,0,0,0,0,7,20,0
141057,1,261579,1,1,1,0,0,0,0,0,0,5,0.033333333,0,0,0,0,0,0,0,0,0,0,1,1,0
141061,21,502584,1,21,4,7,0,0,7,4,0,143,0.033333333,0,0,0,0,0,0,0,0,0,0,6,21,0
141070,250,261579,4,17,2,10,0,3,0,6,2,5,0.066666667,0,0,0,0,0,0,0,0,0,0,6,10,0
141096,1,502584,1,1,1,0,0,0,0,0,0,143,0.033333333,0,0,0,0,0,0,0,0,0,0,1,1,0
141136,44,261579,3,12,6,2,0,2,0,2,2,5,0.033333333,0,0,0,0,0,0,0,0,0,0,10,12,0
141139,146,24979,10,20,10,6,0,2,1,5,0,25,0.066666667,0,0,0,0,0,0,0,0,0,0,12,3,17
141159,4,261579,1,4,4,0,0,0,0,0,0,5,0.033333333,0,0,0,0,0,0,0,0,0,0,2,4,0
141194,1085,399092,1,1085,66,169,301,68,83,273,36,101,0.5,0,0,54,304,24,132,0,4,33,0,141,231,153
141201,6,261579,1,6,2,2,0,1,0,1,1,5,0.033333333,0,0,0,0,0,0,0,0,0,0,4,6,0
141202,1890,502584,6,6,3,2,0,0,0,2,0,143,0.066666667,0,0,0,0,0,0,0,0,0,0,4,5,0
141211,64,399092,3,25,5,8,0,6,0,7,2,101,0.033333333,0,0,0,0,0,0,0,0,0,0,10,25,0
141230,21,399092,1,21,2,7,0,5,0,6,3,101,0.033333333,0,0,0,0,0,0,0,0,0,0,6,21,0
141241,2,502584,1,2,2,0,0,0,0,0,0,143,0.033333333,0,0,0,0,0,0,0,0,0,0,2,2,0
141248,1,502584,1,1,1,0,0,0,0,0,0,143,0.033333333,0,0,0,0,0,0,0,0,0,0,1,1,0
141270,2,502584,2,1,1,0,0,0,0,0,0,143,0.033333333,0,0,0,0,0,0,0,0,0,0,1,1,0
141293,10,502584,1,10,3,3,0,2,1,2,1,143,0.033333333,0,0,0,0,0,0,0,0,0,0,6,10,0
141296,199,502584,1,199,11,35,34,30,2,74,23,143,0.1,0,0,0,0,0,0,0,0,0,0,53,63,0
141301,682,502584,5,4,1,2,0,1,0,1,0,143,0.033333333,0,0,0,0,0,0,0,0,0,0,3,4,0
141303,127,261579,1,127,25,31,0,2,33,49,2,5,0.133333333,0,0,0,0,0,0,0,0,0,0,20,79,0
141318,2,502584,1,2,2,0,0,0,0,0,0,143,0.033333333,0,0,0,0,0,0,0,0,0,0,2,2,0
141329,289,502584,1,289,26,41,51,4,83,64,8,143,0.2,0,0,3,0,0,0,0,0,0,0,30,234,47
141331,2,261579,1,2,2,0,0,0,0,0,0,5,0.066666667,0,0,0,0,0,0,0,0,0,0,1,1,0
141336,12,399092,1,12,2,5,0,4,0,4,1,101,0.066666667,0,0,0,0,0,0,0,0,0,0,6,1,0
141345,2,502584,1,2,2,0,0,0,0,0,0,143,0.033333333,0,0,0,0,0,0,0,0,0,0,2,2,0
141349,2,399092,1,2,2,0,0,0,0,0,0,101,0.033333333,0,0,0,0,0,0,0,0,0,0,2,2,0
141350,44,399092,1,44,8,11,5,9,0,12,2,101,0.066666667,0,0,0,0,0,0,0,0,0,0,13,44,0
141356,132,399092,5,19,2,8,0,7,0,7,2,101,0.066666667,0,0,0,0,0,0,0,0,0,0,12,19,0
141362,19,261579,12,2,2,0,0,0,0,0,0,5,0.066666667,0,0,0,0,0,0,0,0,1,0,1,2,0
141367,2,261579,2,1,1,0,0,0,0,0,0,5,0.033333333,0,0,0,0,0,0,0,0,0,0,1,1,0
141372,25,399092,1,25,5,12,0,5,0,4,3,101,0.066666667,0,0,0,0,0,13,0,0,0,0,12,12,0
141377,54,261579,1,54,12,1,0,1,38,1,1,5,0.066666667,0,0,0,0,0,0,0,0,0,0,9,43,0
141388,1,261579,1,1,1,0,0,0,0,0,0,5,0.033333333,0,0,0,0,0,0,0,0,0,0,1,1,0
141403,320,502584,6,3,1,2,0,0,0,1,0,143,0.033333333,0,0,0,0,0,0,0,0,0,0,3,3,0
141407,897,24979,6,19,7,10,0,1,0,5,1,25,0.1,0,0,0,0,0,0,0,0,0,0,10,17,0
141409,63,399092,1,63,17,21,0,13,1,15,7,101,0.066666667,0,0,0,0,0,0,0,0,0,30,20,33,30
141422,79,399092,1,79,9,20,0,8,21,21,3,101,0.033333333,0,0,0,0,0,0,0,0,0,0,13,79,0
141424,5,399092,1,5,2,2,0,1,0,1,0,101,0.033333333,0,0,0,0,0,0,0,0,0,0,4,5,0
141436,31,399092,2,27,2,7,0,6,0,11,3,101,0.033333333,0,0,0,0,0,0,0,0,0,0,10,27,0
141450,13,399092,1,13,5,4,0,1,2,3,1,101,0.033333333,0,0,0,0,0,0,0,0,0,0,7,13,0
141464,9,261579,1,9,2,3,0,2,0,2,2,5,0.033333333,0,0,0,0,0,0,0,0,0,0,7,9,0
141476,9,261579,2,1,1,0,0,0,0,0,0,5,0.033333333,0,0,0,0,0,0,0,0,0,0,1,1,0
141484,132,399092,2,30,6,9,0,0,4,11,0,101,0.033333333,0,0,0,0,0,0,0,0,0,0,8,30,0
141496,23,261579,1,23,4,8,0,5,0,6,4,5,0.066666667,0,0,0,0,0,0,0,0,0,0,8,20,0
141497,6,261579,1,6,2,2,0,1,0,1,1,5,0.033333333,0,0,0,0,0,0,0,0,0,0,5,6,0
141500,49,399092,2,44,3,18,0,15,0,16,7,101,0.033333333,0,0,0,0,0,0,0,0,0,0,22,44,0
141502,3,502584,2,1,1,0,0,0,0,0,0,143,0.033333333,0,0,0,0,0,0,0,0,0,0,1,1,0
141512,3,24979,2,2,2,0,0,0,0,0,0,25,0.033333333,0,0,0,0,0,0,0,0,0,0,1,2,0
141513,7,399092,1,7,4,2,0,1,0,1,0,101,0.033333333,0,0,0,0,0,0,0,0,0,0,3,7,0
141516,26,399092,1,26,12,5,0,3,2,3,1,101,0.066666667,0,0,0,0,0,0,0,0,0,0,9,26,0
141522,2,502584,1,2,2,0,0,0,0,0,0,143,0.033333333,0,0,0,0,0,0,0,0,0,0,1,2,0
141533,2,399092,1,2,2,0,0,0,0,0,0,101,0.033333333,0,0,0,0,0,0,0,0,0,0,2,2,0
141536,271,261579,5,1,1,0,0,0,0,0,0,5,0.033333333,0,0,0,0,0,0,0,0,0,0,1,1,0
141540,7,261579,1,7,3,2,0,1,0,1,1,5,0.033333333,0,0,0,0,0,0,0,0,0,0,5,7,0
141559,79,399092,1,79,23,24,0,18,1,17,7,101,0.133333333,0,0,0,0,0,0,0,0,0,0,21,75,0
141560,25,399092,7,7,4,3,0,0,0,2,0,101,0.133333333,0,0,0,0,0,0,0,1,0,1,4,4,1
141561,1036,261579,5,3,3,0,0,0,0,0,0,5,0.1,0,0,0,0,0,0,0,0,0,0,1,1,1
141567,1,399092,1,1,1,0,0,0,0,0,0,101,0.033333333,0,0,0,0,0,0,0,0,0,0,1,1,0
141577,51,502584,1,51,8,18,6,6,2,18,1,143,0.066666667,0,0,0,0,0,0,0,0,0,0,7,40,0
141578,22,399092,1,22,1,4,7,3,3,4,2,101,0.033333333,0,0,0,0,0,0,0,0,0,0,8,22,0
141608,7,261579,1,7,2,3,0,1,0,2,1,5,0.033333333,0,0,0,0,0,0,0,0,0,0,5,7,0
141612,70,502584,2,14,1,5,0,4,1,4,3,143,0.033333333,0,0,0,0,0,0,0,0,0,0,7,14,0
141614,19,261579,1,19,9,4,0,0,5,1,0,5,0.033333333,0,0,0,0,0,0,0,0,0,0,9,19,0
141621,17,399092,1,17,3,6,0,5,0,6,2,101,0.066666667,0,0,0,0,0,0,0,0,0,0,7,16,1
141622,118,399092,1,118,6,15,10,14,8,51,11,101,0.033333333,0,0,0,0,0,0,0,0,0,0,19,118,0
141633,95,24979,4,3,3,0,0,0,0,0,0,25,0.1,0,0,0,1,0,0,0,0,0,0,1,1,1
141643,57,502584,4,2,2,0,0,0,0,0,0,143,0.033333333,0,0,0,0,0,0,0,0,0,0,2,2,0
141651,264,261579,3,19,1,10,0,4,0,9,4,5,0.033333333,0,0,0,0,0,0,0,0,0,0,8,19,0
141659,2,399092,1,2,2,0,0,0,0,0,0,101,0.033333333,0,0,0,0,0,0,0,0,0,0,2,2,0
141661,106,502584,3,3,3,0,0,0,0,0,0,143,0.066666667,0,0,0,0,0,0,0,0,0,0,2,1,0
141666,37,399092,1,37,5,10,0,7,3,10,3,101,0.066666667,0,0,0,0,0,0,0,0,0,0,14,37,0
141672,18,261579,3,7,2,3,0,1,0,2,1,5,0.033333333,0,0,0,0,0,0,0,0,0,0,5,7,0
141674,48,502584,2,40,8,9,0,2,2,23,0,143,0.066666667,0,0,0,0,0,0,0,0,0,0,5,2,0
141676,9,502584,1,9,2,3,0,2,0,2,2,143,0.033333333,0,0,0,0,0,0,0,0,0,0,7,9,0
141699,2,399092,1,2,2,0,0,0,0,0,0,101,0.033333333,0,0,0,0,0,0,0,0,0,0,2,2,0
141713,354,261579,3,20,5,7,0,1,0,9,1,5,0.066666667,0,0,0,0,0,0,0,0,0,0,8,17,0
141718,400,399092,4,212,31,47,9,33,18,62,16,101,0.366666667,0,0,0,0,0,34,34,17,0,0,34,32,43
141732,39,261579,5,5,1,2,0,1,0,1,1,5,0.033333333,0,0,0,0,0,0,0,0,0,0,4,5,0
141733,2,261579,1,2,2,0,0,0,0,0,0,5,0.033333333,0,0,0,0,0,0,0,0,0,0,2,2,0
141739,3,502584,2,2,2,0,0,0,0,0,0,143,0.033333333,0,0,0,0,0,0,0,0,0,0,2,2,0
141742,34,24979,2,1,1,0,0,0,0,0,0,25,0.033333333,0,0,0,0,0,0,0,0,0,0,1,1,0
141743,42,399092,1,42,7,12,0,10,4,13,2,101,0.033333333,0,0,0,0,0,0,0,0,0,0,13,42,0
141760,353,502584,1,353,10,42,147,34,10,110,20,143,0.166666667,0,0,0,0,0,0,136,23,0,22,89,194,0
141769,4,399092,1,4,4,0,0,0,0,0,0,101,0.066666667,0,0,0,0,0,0,0,0,0,0,2,4,0
141779,173,399092,3,64,27,18,0,13,4,9,1,101,0.133333333,0,0,0,0,0,0,23,8,7,0,15,33,0
141783,2,399092,1,2,2,0,0,0,0,0,0,101,0.033333333,0,0,0,0,0,0,0,0,0,0,2,2,0
141784,51,502584,2,37,8,10,2,2,10,7,1,143,0.1,0,0,0,0,3,0,0,0,0,0,9,28,0
141788,120,261579,13,8,4,2,0,1,0,1,1,5,0.1,0,0,0,0,0,0,0,0,0,0,5,4,0
141789,27,399092,2,15,6,5,0,2,0,5,2,101,0.066666667,0,0,0,0,0,0,0,0,0,0,8,8,7
141795,2,261579,1,2,2,0,0,0,0,0,0,5,0.033333333,0,0,0,0,0,0,0,0,0,0,2,2,0
141812,52,399092,3,24,10,5,0,4,0,4,2,101,0.1,0,0,10,0,0,0,0,0,0,4,9,10,14
141823,12,261579,1,12,2,9,0,0,0,9,0,5,0.033333333,0,0,0,0,0,0,0,0,0,0,6,12,0
141830,50,502584,2,45,6,9,5,6,1,12,4,143,0.066666667,0,0,0,0,0,0,0,0,0,0,10,23,22
141833,360,399092,1,360,40,67,49,54,55,86,25,101,0.166666667,0,0,0,0,0,0,0,0,0,0,48,209,151
141837,50,399092,3,48,8,2,14,2,1,13,1,101,0.033333333,0,0,0,0,0,0,0,0,0,0,10,48,0
141852,3,399092,1,3,1,2,0,0,0,1,0,101,0.033333333,0,0,0,0,0,0,0,0,0,0,3,3,0
141858,19,502584,1,19,5,6,0,4,1,3,3,143,0.066666667,0,0,0,0,0,0,0,0,0,0,8,10,0
141865,6,399092,2,1,1,0,0,0,0,0,0,101,0.033333333,0,0,0,0,0,0,0,0,0,0,1,1,0
141877,4,399092,1,4,4,0,0,0,0,0,0,101,0.033333333,0,0,0,0,0,0,0,0,0,0,3,4,0
141880,229,907118,1,229,23,69,14,52,12,91,27,19,0.1,0,0,0,0,0,0,0,0,129,99,62,100,0
141884,21,195289,1,21,9,4,0,2,2,3,2,105,0.033333333,0,0,0,0,0,0,0,0,0,0,9,21,0
141898,22,208752,1,22,8,7,0,4,1,2,2,24,0.033333333,0,0,0,0,0,0,0,0,0,0,11,22,0
141909,350,38356,2,7,3,2,0,1,0,1,1,65,0.033333333,0,0,0,0,0,0,0,0,0,0,5,7,0
141918,17,907118,1,17,7,4,0,3,0,4,3,19,0.066666667,0,0,0,0,0,0,0,0,4,13,12,4,13
141933,92,195289,2,85,13,38,5,8,2,27,3,105,0.066666667,0,0,0,0,0,0,0,0,0,0,16,10,75
141942,234,156596,1,234,19,35,55,23,2,67,24,224,0.166666667,0,0,123,15,0,0,0,0,0,0,64,5,123
141949,12,195289,1,12,2,4,0,3,0,3,3,105,0.033333333,0,0,0,0,0,0,0,0,0,0,9,12,0
141963,2,208752,1,2,2,0,0,0,0,0,0,24,0.033333333,0,0,0,0,0,0,0,0,0,0,1,2,0
141978,7,208752,2,1,1,0,0,0,0,0,0,24,0.033333333,0,0,0,0,0,0,0,0,0,0,1,1,0
141998,23,907118,2,1,1,0,0,0,0,0,0,19,0.033333333,0,0,0,0,0,0,0,0,0,1,1,1,0
141999,3,907118,1,3,3,0,0,0,0,0,0,19,0.033333333,0,0,0,0,0,0,0,0,0,3,2,3,0
142010,3,208752,1,3,3,0,0,0,0,0,0,24,0.033333333,0,0,0,0,0,0,0,0,0,0,2,3,0
142012,26,195289,1,26,6,6,0,4,6,3,3,105,0.033333333,0,0,0,0,0,0,0,0,0,0,11,26,0
142015,32,156596,1,32,1,16,0,9,0,12,6,224,0.033333333,0,0,0,0,0,0,0,0,0,0,11,32,0
142018,118,195289,4,15,5,4,0,3,0,3,3,105,0.033333333,0,0,0,0,0,0,0,0,0,0,7,15,0
142034,30,38356,1,30,3,11,2,6,0,9,4,65,0.033333333,0,0,0,0,0,0,0,0,0,0,14,30,0
142036,202,195289,2,1,1,0,0,0,0,0,0,105,0.033333333,0,0,0,0,0,0,0,0,0,0,1,1,0
142049,118,907118,2,103,7,36,6,31,1,33,19,19,0.1,0,0,0,0,0,0,0,0,0,6,47,99,0
142054,654,156596,6,16,1,3,0,2,0,8,4,224,0.033333333,0,0,0,0,0,0,0,0,0,0,7,16,0
142055,508,156596,3,329,20,49,88,33,9,85,34,224,0.3,0,0,0,0,0,0,15,0,0,0,92,136,20
142086,625,208752,9,9,5,2,0,1,0,1,1,24,0.033333333,0,0,0,0,0,0,0,0,0,0,6,9,0
142106,381,195289,13,10,3,4,0,1,0,3,2,105,0.066666667,0,0,0,0,0,0,1,0,0,0,7,9,0
142111,158,907118,1,158,14,69,10,41,8,53,11,19,0.133333333,0,0,0,0,0,0,0,0,4,8,36,146,4
142113,260,208752,3,237,42,34,31,25,11,64,40,24,0.233333333,26,0,0,0,0,0,0,0,0,0,68,190,7
142123,105,907118,2,70,13,26,0,20,0,16,9,19,0.1,0,0,0,0,0,0,0,16,31,23,21,16,31
142136,541,195289,3,472,15,72,110,52,32,160,43,105,0.166666667,0,0,0,0,0,0,0,0,0,0,82,4,0
142150,31,907118,1,31,4,26,0,0,1,25,0,19,0.033333333,0,0,0,0,0,0,0,0,0,31,8,31,0
142151,14,156596,1,14,3,4,0,3,0,3,3,224,0.033333333,0,0,0,0,0,0,0,0,0,0,10,14,0
142159,131,208752,4,1,1,0,0,0,0,0,0,24,0.033333333,0,0,0,0,0,0,0,0,0,0,1,1,0
142160,131,195289,4,1,1,0,0,0,0,0,0,105,0.033333333,0,0,0,0,0,0,0,0,0,0,1,1,0
142165,70,156596,3,2,2,0,0,0,0,0,0,224,0.033333333,0,0,0,0,0,0,0,0,0,0,1,2,0
142167,168,156596,4,42,11,14,0,8,4,9,5,224,0.066666667,0,0,0,0,0,0,0,0,0,0,16,15,0
142171,6,907118,1,6,3,2,0,1,0,1,0,19,0.033333333,0,0,0,0,0,0,0,0,0,6,4,6,0
142172,66,907118,1,66,7,22,2,19,3,17,10,19,0.033333333,0,0,0,0,0,0,0,0,0,66,33,66,0
142176,2,907118,1,2,2,0,0,0,0,0,0,19,0.033333333,0,0,0,0,0,0,0,0,0,2,2,2,0
142183,1,38356,1,1,1,0,0,0,0,0,0,65,0.033333333,0,0,0,0,0,0,0,0,0,0,1,1,0
142201,200,907118,4,25,5,4,9,3,0,3,0,19,0.066666667,0,0,0,0,15,0,0,0,0,10,10,15,0
142202,11,907118,1,11,1,4,0,3,0,4,2,19,0.033333333,0,0,0,0,0,0,0,0,0,11,7,11,0
142204,163,907118,2,13,5,5,0,1,1,4,1,19,0.033333333,0,0,0,0,0,0,0,0,0,13,9,13,0
142223,203,907118,2,180,17,91,2,40,0,66,24,19,0.066666667,0,0,0,0,0,0,0,0,134,46,44,134,46
142233,169,38356,2,2,2,0,0,0,0,0,0,65,0.033333333,0,0,0,0,0,0,0,0,0,0,1,2,0
142235,55,907118,2,27,4,9,0,8,0,8,6,19,0.033333333,0,0,0,0,0,0,0,0,0,27,10,27,0
142236,8,907118,1,8,2,3,0,2,0,2,1,19,0.033333333,0,0,0,0,0,0,0,0,0,8,6,8,0
142238,8,907118,1,8,1,3,0,2,0,3,1,19,0.033333333,0,0,0,0,0,0,0,0,0,8,5,8,0
142240,10,907118,1,10,8,0,0,0,1,0,0,19,0.033333333,0,0,0,0,0,0,0,0,0,10,6,10,0
142244,2,195289,2,1,1,0,0,0,0,0,0,105,0.033333333,0,0,0,0,0,0,0,0,0,0,1,1,0
142261,124,156596,1,124,13,13,58,8,0,23,4,224,0.066666667,0,0,0,0,0,0,0,0,0,0,38,24,100
142269,18,156596,2,6,3,2,0,1,0,1,0,224,0.033333333,0,0,0,0,0,0,0,0,0,0,4,6,0
142278,53,195289,1,53,7,17,3,8,0,16,8,105,0.066666667,0,0,0,0,0,0,0,0,0,0,14,43,10
142282,18,907118,2,12,2,4,0,3,0,4,2,19,0.033333333,0,0,0,0,0,0,0,0,0,12,8,12,0
142288,190,156596,2,1,1,0,0,0,0,0,0,224,0.033333333,0,0,0,0,0,0,0,0,0,0,1,1,0
142291,524,156596,6,50,12,6,9,6,0,14,6,224,0.066666667,0,0,0,0,0,0,0,0,0,0,18,7,43
142295,6,907118,1,6,2,2,0,1,0,1,0,19,0.033333333,0,0,0,0,0,0,0,0,0,6,4,6,0
142302,316,208752,2,246,33,22,52,20,4,76,53,24,0.2,0,40,0,0,0,0,74,0,0,0,86,63,0
142304,2696,195289,6,2,2,0,0,0,0,0,0,105,0.066666667,0,0,0,0,0,0,0,0,0,0,1,1,1
142309,21,907118,1,21,3,9,0,6,0,6,3,19,0.066666667,0,0,0,0,0,0,0,6,0,15,11,6,0
142314,93,907118,2,34,4,12,0,11,2,13,2,19,0.033333333,0,0,0,0,0,0,0,0,0,34,16,34,0
142325,355,208752,1,355,28,89,27,62,4,110,68,24,0.4,0,34,0,0,19,0,25,0,0,30,93,106,19
142344,5,195289,1,5,4,1,0,0,0,1,0,105,0.033333333,0,0,0,0,0,0,0,0,0,0,3,5,0
142354,80,907118,2,51,13,17,0,13,1,11,5,19,0.033333333,0,0,0,0,0,0,0,0,0,51,14,51,0
142359,76,195289,3,7,3,2,0,1,0,1,1,105,0.066666667,0,0,0,0,0,0,0,0,0,0,4,6,0
142362,19,195289,1,19,7,5,0,3,1,2,2,105,0.066666667,0,0,0,0,0,0,0,0,0,0,9,14,5
142375,152,907118,2,96,16,34,2,24,2,26,13,19,0.1,0,0,0,0,0,0,0,40,46,10,40,40,46
142416,25,907118,1,25,9,8,0,2,2,6,2,19,0.033333333,0,0,0,0,0,0,0,0,0,25,14,25,0
142427,247,156596,1,247,12,21,89,14,7,82,16,224,0.033333333,0,0,0,0,0,0,0,0,0,0,49,247,0
142435,89,907118,2,36,8,13,0,10,2,8,2,19,0.066666667,0,0,0,35,0,0,0,0,0,1,17,35,0
142443,101,907118,2,1,1,0,0,0,0,0,0,19,0.033333333,0,0,0,0,0,0,0,0,0,1,1,1,0
142448,59,208752,4,5,3,2,0,0,0,1,0,24,0.033333333,0,0,0,0,0,0,0,0,0,0,5,5,0
142463,9,907118,1,9,2,4,0,2,0,3,1,19,0.033333333,0,0,0,0,0,0,0,0,0,9,7,9,0
142467,24,156596,1,24,1,12,0,4,0,13,5,224,0.033333333,0,0,0,0,0,0,0,0,0,0,9,24,0
142470,14,208752,1,14,1,5,0,4,0,4,4,24,0.066666667,0,0,0,0,0,0,0,0,0,0,8,8,0
142479,60,907118,2,30,2,6,8,5,0,8,3,19,0.033333333,0,0,0,0,0,0,0,0,0,30,15,30,0
142499,198,195289,3,65,7,13,10,1,6,17,10,105,0.066666667,0,0,0,0,0,0,0,0,0,0,20,42,23
142501,133,907118,1,133,1,45,0,41,0,60,29,19,0.1,0,0,0,0,8,0,0,0,2,123,55,8,0
142502,14,195289,2,2,2,0,0,0,0,0,0,105,0.033333333,0,0,0,0,0,0,0,0,0,0,2,2,0
142507,3,195289,2,2,2,0,0,0,0,0,0,105,0.033333333,0,0,0,0,0,0,0,0,0,0,2,2,0
142509,54,907118,2,50,8,17,1,8,8,13,2,19,0.066666667,0,0,0,0,0,0,0,0,37,13,17,37,13
142517,48,907118,1,48,5,14,1,14,1,16,10,19,0.1,0,0,0,0,0,0,0,15,22,11,21,15,22
142521,18,907118,1,18,7,4,0,4,0,4,3,19,0.033333333,0,0,0,0,0,0,0,0,0,18,13,18,0
142528,429,38356,5,71,6,17,8,11,0,17,15,65,0.166666667,9,0,0,0,0,0,0,0,0,0,15,32,16
142538,2,195289,1,2,2,0,0,0,0,0,0,105,0.033333333,0,0,0,0,0,0,0,0,0,0,2,2,0
142553,245,156596,8,1,1,0,0,0,0,0,0,224,0.033333333,0,0,0,0,0,0,0,0,0,0,1,1,0
142559,8,38356,2,1,1,0,0,0,0,0,0,65,0.033333333,0,0,0,0,0,0,0,0,0,0,1,1,0
142560,4,907118,1,4,2,2,0,0,0,1,0,19,0.033333333,0,0,0,0,0,0,0,0,0,4,4,4,0
142568,290,195289,3,15,9,4,0,1,0,2,1,105,0.066666667,0,0,0,0,0,0,0,0,0,0,5,14,1
142580,1,38356,1,1,1,0,0,0,0,0,0,65,0.033333333,0,0,0,0,0,0,0,0,0,0,1,1,0
142582,34,148039,2,16,3,4,1,3,0,5,3,18,0.033333333,0,0,0,0,0,0,0,0,0,0,10,16,0
142591,1,208752,1,1,1,0,0,0,0,0,0,24,0.033333333,0,0,0,0,0,0,0,0,0,0,1,1,0
142604,38,195289,2,26,6,8,0,6,3,6,0,105,0.033333333,0,0,0,0,0,0,0,0,0,0,9,26,0
142609,631,652701,6,3,3,0,0,0,0,0,0,3,0.033333333,0,0,0,0,0,0,0,0,0,0,1,3,0
142612,1,652701,1,1,1,0,0,0,0,0,0,3,0.033333333,0,0,0,0,0,0,0,0,0,0,1,1,0
142618,192,208752,2,118,28,22,3,13,15,23,17,24,0.133333333,0,0,0,0,0,0,0,0,0,0,23,100,17
142623,222,208752,1,222,14,46,21,13,59,69,30,24,0.1,0,0,0,0,0,0,0,0,0,0,53,218,0
142627,28,148039,1,28,6,11,0,7,0,4,3,18,0.033333333,0,0,0,0,0,0,0,0,0,0,9,28,0
142631,140,148039,4,32,2,10,1,5,0,15,5,18,0.033333333,0,0,0,0,0,0,0,0,0,0,10,32,0
142636,34,148039,1,34,5,13,0,10,0,10,4,18,0.066666667,0,0,0,0,0,0,0,0,0,0,12,22,0
142638,34,148039,2,4,1,3,0,0,0,2,0,18,0.033333333,0,0,0,0,0,0,0,0,0,0,4,4,0
142640,88,148039,1,88,17,31,0,4,27,28,0,18,0.033333333,0,0,0,0,0,0,0,0,0,0,11,88,0
142641,5,148039,1,5,1,2,0,1,0,1,1,18,0.033333333,0,0,0,0,0,0,0,0,0,0,4,5,0
142647,17,148039,2,16,5,4,0,2,1,4,2,18,0.033333333,0,0,0,0,0,0,0,0,0,0,7,16,0
142653,249,148039,3,2,2,0,0,0,0,0,0,18,0.033333333,0,0,0,0,0,0,0,0,0,0,1,2,0
142656,198,38356,5,1,1,0,0,0,0,0,0,65,0.033333333,0,0,0,0,0,0,0,0,0,0,1,1,0
142662,63,148039,1,63,8,35,2,9,1,33,0,18,0.033333333,0,0,0,0,0,0,0,0,0,0,12,63,0
142670,9,148039,1,9,1,3,0,2,0,3,2,18,0.033333333,0,0,0,0,0,0,0,0,0,0,6,9,0
142674,57,652701,7,1,1,0,0,0,0,0,0,3,0.033333333,0,0,0,0,0,0,0,0,0,0,1,1,0
142677,1775,148039,9,5,1,2,0,1,0,1,1,18,0.033333333,0,0,0,0,0,0,0,0,0,0,4,5,0
142689,1,208752,1,1,1,0,0,0,0,0,0,24,0.033333333,0,0,0,0,0,0,0,0,0,0,1,1,0
142691,153,148039,3,27,4,11,0,5,0,8,5,18,0.066666667,0,0,0,0,0,0,0,0,0,0,8,3,0
142705,41,148039,4,11,2,4,0,3,0,3,2,18,0.033333333,0,0,0,0,0,0,0,0,0,0,8,11,0
142709,122,148039,4,21,5,10,0,3,2,7,1,18,0.033333333,0,0,0,0,0,0,0,0,0,0,10,21,0
142728,5,208752,1,5,5,0,0,0,0,0,0,24,0.066666667,0,0,0,0,0,0,0,0,0,0,2,3,2
142729,30,38356,3,1,1,0,0,0,0,0,0,65,0.033333333,0,0,0,0,0,0,0,0,0,0,1,1,0
142733,17,148039,2,11,1,5,0,3,0,6,0,18,0.033333333,0,0,0,0,0,0,0,0,0,0,4,11,0
142734,116,148039,2,61,5,12,8,9,8,15,6,18,0.066666667,0,0,0,0,0,0,0,0,0,0,19,39,0
142749,472,148039,3,93,24,24,0,14,25,8,4,18,0.1,0,0,0,0,0,0,0,0,0,0,15,52,5
142760,458,148039,3,27,4,7,2,4,1,8,3,18,0.066666667,0,0,0,0,0,0,0,0,0,0,13,15,12
142782,76,148039,3,23,2,8,1,6,0,6,4,18,0.033333333,0,0,0,0,0,0,0,0,0,0,11,23,0
142787,105,148039,3,5,1,2,0,1,0,1,1,18,0.033333333,0,0,0,0,0,0,0,0,0,0,4,5,0
142788,45,148039,3,41,3,11,6,7,0,12,4,18,0.1,0,0,0,0,0,0,0,0,0,0,13,5,32
142803,2,148039,1,2,2,0,0,0,0,0,0,18,0.033333333,0,0,0,0,0,0,0,0,0,0,2,2,0
142807,259,148039,3,16,1,4,2,3,0,6,2,18,0.033333333,0,0,0,0,0,0,0,0,0,0,9,16,0
142811,13,208752,2,2,2,0,0,0,0,0,0,24,0.033333333,0,0,0,0,0,0,0,0,0,0,2,2,0
142842,416,148039,6,1,1,0,0,0,0,0,0,18,0.033333333,0,0,0,0,0,0,0,0,0,0,1,1,0
142867,24,652701,3,1,1,0,0,0,0,0,0,3,0.033333333,0,0,0,0,0,0,0,0,0,0,1,1,0
142888,4,208752,1,4,1,3,0,0,0,2,0,24,0.033333333,0,0,0,0,0,0,0,0,0,0,3,4,0
142895,5,652701,3,3,3,0,0,0,0,0,0,3,0.033333333,0,0,0,0,0,0,0,0,0,0,1,3,0
142897,5,38356,3,1,1,0,0,0,0,0,0,65,0.033333333,0,0,0,0,0,0,0,0,0,0,1,1,0
142914,67,38356,2,18,5,2,0,0,6,3,3,65,0.066666667,0,0,0,0,0,0,0,0,0,0,8,1,17
142932,349,148039,4,77,9,30,2,3,26,23,1,18,0.066666667,0,0,0,0,0,0,0,0,0,0,15,7,70
142960,67,195289,2,15,2,5,0,4,0,4,4,105,0.033333333,0,0,0,0,0,0,0,0,0,0,11,15,0
142986,1,652701,1,1,1,0,0,0,0,0,0,3,0.033333333,0,0,0,0,0,0,0,0,0,0,1,1,0
142997,88,195289,2,17,3,2,0,1,9,1,1,105,0.033333333,0,0,0,0,0,0,0,0,0,0,5,17,0
143010,106,652701,2,93,24,28,9,14,1,9,5,3,0.233333333,0,0,17,13,0,0,0,0,0,0,22,6,54
143012,77,148039,2,1,1,0,0,0,0,0,0,18,0.033333333,0,0,0,0,0,0,0,0,0,0,1,1,0
143016,12,195289,1,12,4,1,2,1,0,3,2,105,0.033333333,0,0,0,0,0,0,0,0,0,0,9,12,0
143028,101,148039,1,101,9,34,3,18,27,22,1,18,0.1,0,0,0,0,0,0,0,0,0,0,15,25,0
143042,40,156596,1,40,4,10,6,5,0,12,7,224,0.066666667,0,0,0,0,0,0,0,0,0,0,17,18,0
143058,117,195289,2,7,3,2,0,1,0,1,1,105,0.033333333,0,0,0,0,0,0,0,0,0,0,5,7,0
143060,4,652701,2,2,2,0,0,0,0,0,0,3,0.033333333,0,0,0,0,0,0,0,0,0,0,1,2,0
143061,95,148039,4,58,7,15,8,11,2,15,8,18,0.033333333,0,0,0,0,0,0,0,0,0,0,17,58,0
143071,13,148039,1,13,2,4,0,3,1,3,3,18,0.033333333,0,0,0,0,0,0,0,0,0,0,9,13,0
143101,16,156596,3,1,1,0,0,0,0,0,0,224,0.033333333,0,0,0,0,0,0,0,0,0,0,1,1,0
143110,68,38356,3,6,2,2,0,1,0,1,1,65,0.033333333,0,0,0,0,0,0,0,0,0,0,5,6,0
143111,8,208752,1,8,1,2,0,1,0,4,1,24,0.033333333,0,0,0,0,0,0,0,0,0,0,4,8,0
143123,12,195289,1,12,3,4,0,2,0,3,2,105,0.033333333,0,0,0,0,0,0,0,0,0,0,8,12,0
143128,58,148039,2,51,4,9,2,6,17,12,6,18,0.033333333,0,0,0,0,0,0,0,0,0,0,17,51,0
143135,397,148039,7,15,4,4,0,3,1,3,2,18,0.033333333,0,0,0,0,0,0,0,0,0,0,10,15,0
143137,2,148039,1,2,2,0,0,0,0,0,0,18,0.033333333,0,0,0,0,0,0,0,0,0,0,2,2,0
143141,1,148039,1,1,1,0,0,0,0,0,0,18,0.033333333,0,0,0,0,0,0,0,0,0,0,1,1,0
143149,751,195289,4,248,9,57,0,41,0,128,55,105,0.2,0,0,0,0,0,0,30,2,12,19,66,129,0
143163,24,148039,3,8,1,3,0,2,0,2,2,18,0.033333333,0,0,0,0,0,0,0,0,0,0,6,8,0
143169,918,148039,4,41,6,15,0,8,8,5,3,18,0.1,0,0,0,27,0,0,0,0,0,0,11,7,0
143176,319,208752,3,138,26,26,10,19,2,34,19,24,0.033333333,0,0,0,0,0,0,0,0,0,0,26,138,0
143202,161,148039,4,39,5,11,6,2,1,13,3,18,0.066666667,0,0,0,0,0,0,0,0,0,0,13,34,0
143210,245,148039,2,24,4,5,0,3,1,5,5,18,0.066666667,0,0,0,0,0,0,0,0,0,0,10,14,10
143214,7,156596,1,7,1,3,0,2,0,2,1,224,0.033333333,0,0,0,0,0,0,0,0,0,0,5,7,0
143221,316,208752,8,1,1,0,0,0,0,0,0,24,0.033333333,0,0,0,0,0,0,0,0,0,0,1,1,0
143225,94,38356,5,31,6,6,0,4,12,3,3,65,0.066666667,1,0,0,0,0,0,0,0,0,0,10,30,0
143226,273,195289,6,1,1,0,0,0,0,0,0,105,0.033333333,0,0,0,0,0,0,0,0,0,0,1,1,0
143228,20,148039,3,13,3,5,0,3,0,2,2,18,0.066666667,0,0,0,0,0,0,0,0,0,0,6,5,8
143229,134,195289,1,134,15,38,34,6,1,54,13,105,0.133333333,0,0,0,0,0,0,0,65,2,43,35,24,0
143233,20,652701,1,20,7,7,0,4,0,0,0,3,0.066666667,0,0,0,0,0,0,0,0,0,0,6,2,0
143234,415,208752,4,2,1,0,0,0,1,0,0,24,0.033333333,0,0,0,0,0,0,0,0,0,0,2,2,0
143237,684,156596,8,27,7,10,0,7,1,4,2,224,0.066666667,0,0,0,0,0,0,0,0,0,0,10,16,0
143241,684,195289,8,205,19,48,31,30,29,58,19,105,0.166666667,0,87,0,0,0,0,0,0,6,0,47,17,0
143247,35,148039,2,30,1,6,4,5,0,13,4,18,0.033333333,0,0,0,0,0,0,0,0,0,0,10,30,0
143253,64,148039,1,64,6,10,16,9,7,15,5,18,0.033333333,0,0,0,0,0,0,0,0,0,0,19,64,0
143270,25,148039,2,6,2,2,0,1,0,1,1,18,0.033333333,0,0,0,0,0,0,0,0,0,0,5,6,0
143278,1,652701,1,1,1,0,0,0,0,0,0,3,0.033333333,0,0,0,0,0,0,0,0,0,0,1,1,0
143299,46,195289,3,6,3,3,0,0,0,2,0,105,0.033333333,0,0,0,0,0,0,0,0,0,0,4,6,0
143301,69,148039,4,28,5,5,0,3,12,4,3,18,0.033333333,0,0,0,0,0,0,0,0,0,0,7,28,0
143312,137,652701,5,1,1,0,0,0,0,0,0,3,0.033333333,0,0,0,0,0,0,0,0,0,0,1,1,0
143316,79,208752,3,52,8,14,0,6,0,21,12,24,0.133333333,0,0,0,0,0,0,0,0,0,0,15,20,0
143333,457,148039,7,72,1,15,15,12,11,19,7,18,0.133333333,0,0,0,0,0,0,0,0,0,0,19,6,0
143360,27,195289,2,10,3,2,0,2,1,2,2,105,0.033333333,0,0,0,0,0,0,0,0,0,0,5,10,0
143369,230,195289,4,25,3,6,4,2,0,7,5,105,0.066666667,0,0,0,0,0,0,0,0,0,0,13,8,0
143370,211,652701,3,11,3,1,0,1,4,0,0,3,0.066666667,0,0,0,0,0,0,0,0,0,0,6,1,0
143377,25,652701,1,25,8,5,0,3,0,0,0,3,0.066666667,0,0,0,0,0,0,0,0,0,0,9,1,24
143384,18,652701,4,1,1,0,0,0,0,0,0,3,0.033333333,0,0,0,0,0,0,0,0,0,0,1,1,0
143385,158,148039,1,158,11,42,23,20,23,43,12,18,0.1,0,0,0,0,0,0,0,0,0,0,23,91,0
143398,101,148039,2,87,5,24,9,18,9,24,11,18,0.1,0,0,0,0,0,0,0,0,0,0,23,62,15
143405,710,156596,6,2,2,0,0,0,0,0,0,224,0.066666667,0,0,0,0,0,0,0,0,0,0,1,1,1
143434,65,208752,2,54,7,23,0,12,0,15,10,24,0.066666667,0,0,0,0,11,0,0,0,0,0,21,43,0
143475,1,208752,1,1,1,0,0,0,0,0,0,24,0.033333333,0,0,0,0,0,0,0,0,0,0,1,1,0
143494,284,148039,2,9,1,4,0,2,0,3,2,18,0.033333333,0,0,0,0,0,0,0,0,0,0,7,9,0
143505,104,148039,4,1,1,0,0,0,0,0,0,18,0.033333333,0,0,0,0,0,0,0,0,0,0,1,1,0
143507,751,38356,4,1,1,0,0,0,0,0,0,65,0.033333333,0,0,0,0,0,0,0,0,0,0,1,1,0
143510,2,652701,2,1,1,0,0,0,0,0,0,3,0.033333333,0,0,0,0,0,0,0,0,0,0,1,1,0
143529,20,148039,1,20,8,4,0,2,5,1,1,18,0.033333333,0,0,0,0,0,0,0,0,0,0,7,20,0
143530,196,148039,4,1,1,0,0,0,0,0,0,18,0.033333333,0,0,0,0,0,0,0,0,0,0,1,1,0
143536,8,652701,1,8,4,2,0,1,0,0,0,3,0.066666667,0,0,0,0,0,0,0,0,0,0,5,3,5
143551,903,148039,8,82,12,33,0,22,1,22,5,18,0.233333333,0,12,0,15,18,0,0,0,0,0,17,16,0
143555,150,38356,4,6,2,2,0,1,0,1,1,65,0.033333333,0,0,0,0,0,0,0,0,0,0,5,6,0
143558,32,652701,2,1,1,0,0,0,0,0,0,3,0.033333333,0,0,0,0,0,0,0,0,0,0,1,1,0
143559,1088,195289,12,1,1,0,0,0,0,0,0,105,0.033333333,0,0,0,0,0,0,0,0,0,0,1,1,0
143563,58,652701,1,58,13,13,5,10,5,0,0,3,0.133333333,0,0,0,0,0,0,0,0,0,0,13,1,0
143565,15,148039,2,14,1,5,1,4,0,5,1,18,0.033333333,0,0,0,0,0,0,0,0,0,0,6,14,0
143568,587,148039,3,1,1,0,0,0,0,0,0,18,0.033333333,0,0,0,0,0,0,0,0,0,0,1,1,0
143590,36,140022,1,36,9,10,5,2,1,11,1,232,0.066666667,0,0,0,0,0,0,0,0,0,0,11,33,3
143592,47,457932,2,1,1,0,0,0,0,0,0,21,0.033333333,0,0,0,0,0,0,0,0,0,0,1,1,0
143595,369,247683,4,34,3,18,2,8,0,13,3,23,0.1,0,0,0,0,0,0,0,0,0,0,13,5,3
143609,435,250865,5,22,3,8,7,1,0,6,0,34,0.066666667,0,0,0,0,0,0,0,0,0,0,7,2,0
143620,32,399092,1,32,5,9,0,7,0,11,6,101,0.066666667,0,0,0,0,0,0,0,0,0,0,15,29,3
143626,170,110497,3,144,92,25,1,4,10,7,0,24,0.166666667,0,0,0,0,0,0,0,0,0,0,12,10,6
143629,225,346877,2,11,2,5,0,3,0,2,1,9,0.1,0,0,0,0,0,0,0,0,0,0,5,5,5
143642,26,457932,1,26,4,9,2,7,0,6,4,21,0.066666667,0,0,0,0,0,0,0,0,0,0,13,22,4
143644,47,260769,1,47,2,17,3,15,0,14,10,0,0.033333333,0,0,0,0,0,0,0,0,0,0,26,47,0
143650,236,85576,3,1,1,0,0,0,0,0,0,54,0.033333333,0,0,0,0,0,0,0,0,0,0,1,1,0
143665,65,457932,3,18,1,9,6,0,0,10,0,21,0.033333333,0,0,0,0,0,0,0,0,0,0,11,18,0
143667,64,24979,2,14,5,5,0,3,1,2,0,25,0.066666667,0,0,0,0,0,0,0,0,0,0,5,1,13
143670,221,399092,1,221,34,29,30,27,4,71,16,101,0.2,0,0,0,0,0,0,0,1,0,24,34,32,2
143675,26,46603,1,26,11,6,0,4,1,3,3,5,0.033333333,0,0,0,0,0,0,0,0,0,0,11,26,0
143687,616,127749,10,16,2,3,8,1,0,3,1,102,0.033333333,0,0,0,0,0,0,0,0,0,0,8,16,0
143689,109,85168,2,32,12,6,0,3,5,3,1,139,0.066666667,0,0,0,0,0,0,0,0,0,0,10,31,1
143690,17,85168,1,17,8,3,0,2,1,2,2,139,0.033333333,0,0,0,0,0,0,0,0,0,0,8,17,0
143700,34,457932,2,14,1,4,3,3,0,3,2,21,0.033333333,0,0,0,0,0,0,0,0,0,0,8,14,0
143707,21,457932,1,21,4,7,4,3,0,4,2,21,0.033333333,0,0,0,0,0,0,0,0,0,0,10,21,0
143710,100,250865,2,7,2,3,0,1,0,2,1,34,0.033333333,0,0,0,0,0,0,0,0,0,0,5,7,0
143712,421,250865,1,421,22,120,63,60,36,192,22,34,0.1,0,0,0,0,0,0,0,0,0,0,44,205,216
143715,33,346877,1,33,4,15,9,0,0,16,1,9,0.033333333,0,0,0,0,0,0,0,0,0,0,13,33,0
143719,87,261579,3,38,7,11,0,9,1,8,4,5,0.066666667,20,0,0,0,0,0,0,0,0,0,12,18,20
143724,794,42723,6,14,1,4,3,3,0,3,2,6,0.033333333,0,0,0,0,0,0,0,0,0,0,8,14,0
143736,15,127749,2,13,9,2,0,1,0,1,1,102,0.033333333,0,0,0,0,0,0,0,0,0,0,6,13,0
143737,15,399092,2,2,2,0,0,0,0,0,0,101,0.033333333,0,0,0,0,0,0,0,0,0,0,1,2,0
143742,399,46603,2,12,2,9,0,1,0,6,0,5,0.066666667,0,0,0,0,0,0,0,0,0,0,4,10,0
143744,2,27035,1,2,2,0,0,0,0,0,0,60,0.033333333,0,0,0,0,0,0,0,0,0,0,2,2,0
143750,29,85168,1,29,4,11,0,6,1,10,4,139,0.1,0,0,0,0,0,0,0,0,0,0,11,27,0
143752,17,261579,3,4,2,2,0,0,0,1,0,5,0.033333333,4,0,0,0,0,0,0,0,0,0,4,4,0
143773,201,247683,1,201,16,77,19,66,0,65,18,23,0.2,0,0,77,0,0,0,0,0,20,1,42,77,7
143774,728,250865,4,415,20,124,101,28,13,201,8,34,0.233333333,0,0,0,0,0,0,66,81,9,0,59,210,17
143796,2,127749,1,2,2,0,0,0,0,0,0,102,0.033333333,0,0,0,0,0,0,0,0,0,0,2,2,0
143797,46,250865,4,15,2,5,0,4,0,6,2,34,0.066666667,0,0,0,0,0,0,0,0,0,0,8,1,0
143798,46,260769,4,5,5,0,0,0,0,0,0,0,0.033333333,0,0,0,0,0,0,0,0,0,0,1,5,0
143809,14,250865,1,14,1,3,0,1,0,10,0,34,0.033333333,0,0,0,0,0,0,0,0,0,0,4,14,0
143817,37,457932,1,37,3,15,1,10,0,11,8,21,0.066666667,0,0,0,0,0,0,0,0,0,0,17,31,0
143823,75,140022,3,9,4,1,0,1,0,2,1,232,0.033333333,0,0,0,0,0,0,0,0,0,0,6,9,0
143825,292,250865,7,29,3,15,0,5,0,12,2,34,0.066666667,0,0,0,0,0,0,0,0,0,0,5,15,14
143828,32,346877,2,25,6,6,5,1,1,9,1,9,0.033333333,0,0,0,0,0,0,0,0,0,0,13,25,0
143831,15,399092,2,13,3,5,0,3,1,4,1,101,0.033333333,0,0,0,0,0,0,0,0,0,0,6,13,0
143848,2,457932,1,2,2,0,0,0,0,0,0,21,0.033333333,0,0,0,0,0,0,0,0,0,0,2,2,0
143872,22,457932,1,22,3,8,3,5,0,5,3,21,0.1,0,0,0,0,0,0,0,0,0,0,12,19,1
143875,77,457932,1,77,15,39,4,0,16,30,0,21,0.133333333,0,0,0,0,0,0,0,0,0,0,19,33,16
143876,84,260769,5,2,2,0,0,0,0,0,0,0,0.033333333,0,0,0,0,0,0,0,0,0,0,1,2,0
143877,84,261579,5,2,2,0,0,0,0,0,0,5,0.033333333,2,0,0,0,0,0,0,0,0,0,1,2,0
143879,518,260769,5,250,35,61,61,44,9,38,15,0,0.166666667,8,0,0,0,60,0,0,0,0,0,43,31,17
143880,49,346877,2,45,3,10,17,1,0,22,0,9,0.066666667,0,0,0,0,0,0,0,0,0,0,10,37,8
143902,12,85576,2,6,2,2,0,1,0,1,1,54,0.033333333,0,0,0,0,0,0,0,0,0,0,5,6,0
143913,840,140022,2,553,31,79,177,54,5,143,29,232,0.366666667,2,194,0,0,0,0,0,0,0,0,124,22,83
143917,18,399092,1,18,11,3,0,2,1,2,0,101,0.066666667,0,0,0,0,0,0,0,0,0,0,7,11,0
143941,96,346877,4,50,14,13,14,0,2,9,0,9,0.1,0,0,0,0,0,0,0,0,0,0,13,34,9
143948,92,85168,1,92,29,16,17,11,4,8,3,139,0.066666667,0,0,0,0,0,0,0,0,0,0,18,79,0
143952,2,502584,2,1,1,0,0,0,0,0,0,143,0.033333333,0,0,0,0,0,0,0,0,0,0,1,1,0
143956,139,85576,2,49,1,5,28,1,0,12,1,54,0.033333333,0,0,0,0,0,0,0,0,0,0,11,49,0
143984,136,42723,3,132,12,36,0,29,4,43,19,6,0.133333333,0,0,0,0,0,0,0,0,0,0,24,82,36
143994,84,247683,5,1,1,0,0,0,0,0,0,23,0.033333333,0,0,0,0,0,0,0,0,0,0,1,1,0
143997,97,457932,1,97,28,42,13,3,3,23,2,21,0.066666667,0,0,0,0,0,0,0,0,0,0,19,92,0
144012,47,127749,2,5,1,2,0,1,0,1,1,102,0.033333333,0,0,0,0,0,0,0,0,0,0,4,5,0
144026,6,250865,1,6,2,2,0,1,0,1,1,34,0.033333333,0,0,0,0,0,0,0,0,0,0,5,6,0
144053,30,457932,1,30,7,6,2,4,3,6,3,21,0.066666667,0,0,0,0,0,0,0,0,0,0,13,24,6
144055,10,188602,1,10,1,4,0,2,0,4,2,96,0.033333333,0,0,0,0,0,0,0,0,0,0,6,10,0
144076,5,127749,4,1,1,0,0,0,0,0,0,102,0.033333333,0,0,0,0,0,0,0,0,0,0,1,1,0
144086,5,502584,4,1,1,0,0,0,0,0,0,143,0.033333333,0,0,0,0,0,0,0,0,0,0,1,1,0
144088,427,110497,2,1,1,0,0,0,0,0,0,24,0.033333333,0,0,0,0,0,0,0,0,0,0,1,1,0
144093,38,85576,2,24,5,8,0,5,0,6,1,54,0.1,0,0,2,0,0,0,0,0,0,0,6,20,0
144105,881,24979,4,35,3,13,0,10,0,10,9,25,0.066666667,0,0,0,0,0,0,0,0,0,0,18,5,30
144111,4,399092,1,4,4,0,0,0,0,0,0,101,0.033333333,0,0,0,0,0,0,0,0,0,0,2,4,0
144117,188,261579,2,34,11,19,0,1,0,18,1,5,0.1,13,0,0,0,0,0,0,0,0,0,24,3,0
144120,35,127749,4,13,1,8,0,2,0,7,2,102,0.066666667,0,0,0,0,0,0,0,0,0,0,7,12,0
144130,8,260769,1,8,4,2,0,0,1,2,0,0,0.033333333,0,0,0,0,0,0,0,0,0,0,5,8,0
144140,140,85168,1,140,5,15,75,13,0,13,10,139,0.033333333,0,0,0,0,0,0,0,0,0,0,48,140,0
144142,243,457932,2,85,9,24,8,19,10,15,13,21,0.1,0,0,0,0,0,0,0,0,0,0,32,37,0
144154,175,110497,2,154,11,42,16,37,13,52,9,24,0.1,0,0,0,0,0,0,0,0,0,0,24,2,71
144156,328,110497,3,15,2,5,0,4,0,6,1,24,0.033333333,0,0,0,0,0,0,0,0,0,0,7,15,0
144159,34,127749,4,12,5,7,0,0,0,4,0,102,0.033333333,0,0,0,0,0,0,0,0,0,0,7,12,0
144162,34,85576,4,13,2,4,0,2,0,5,2,54,0.033333333,0,0,0,0,0,0,0,0,0,0,6,13,0
144175,2643,260769,5,16,5,2,0,1,7,1,1,0,0.066666667,0,0,0,0,0,0,0,0,0,0,4,14,2
144187,9,188602,1,9,6,1,0,1,0,1,1,96,0.033333333,0,0,0,0,0,0,0,0,0,0,6,9,0
144190,2,346877,1,2,2,0,0,0,0,0,0,9,0.066666667,0,0,0,0,0,0,0,0,0,0,1,1,1
144191,34,188602,4,5,1,4,0,0,0,3,0,96,0.033333333,0,0,0,0,0,0,0,0,0,0,4,5,0
144194,6,399092,2,5,5,0,0,0,0,0,0,101,0.033333333,0,0,0,0,0,0,0,0,0,0,2,5,0
144203,133,85168,2,103,16,27,30,16,1,16,8,139,0.1,0,0,0,0,0,0,0,0,0,0,22,25,0
144204,12,260769,2,6,2,2,0,1,0,1,1,0,0.066666667,0,0,0,0,0,0,0,0,0,0,4,5,0
144230,243,247683,4,6,1,3,0,1,0,2,1,23,0.033333333,0,0,0,0,0,0,0,0,0,0,4,6,0
144231,243,188602,4,10,1,5,0,2,0,4,2,96,0.033333333,0,0,0,0,0,0,0,0,0,0,6,10,0
144244,55,85168,1,55,9,28,0,4,1,24,3,139,0.133333333,0,0,0,0,0,0,0,0,0,0,22,14,0
144249,3,46603,1,3,3,0,0,0,0,0,0,5,0.033333333,0,0,0,0,0,0,0,0,0,0,2,3,0
144260,112,346877,1,112,15,30,16,19,13,22,7,9,0.166666667,7,0,0,0,0,0,0,0,0,0,17,28,0
144265,408,261579,2,1,1,0,0,0,0,0,0,5,0.033333333,1,0,0,0,0,0,0,0,0,0,1,1,0
144272,9,261579,4,5,3,2,0,0,0,1,0,5,0.033333333,5,0,0,0,0,0,0,0,0,0,4,5,0
144275,165,502584,4,61,1,4,23,3,2,23,3,143,0.033333333,0,0,0,0,0,0,0,0,0,0,14,61,0
144277,1,457932,1,1,1,0,0,0,0,0,0,21,0.033333333,0,0,0,0,0,0,0,0,0,0,1,1,0
144295,21,261579,1,21,4,15,0,1,1,14,0,5,0.033333333,21,0,0,0,0,0,0,0,0,0,14,21,0
144296,45,247683,2,1,1,0,0,0,0,0,0,23,0.033333333,0,0,0,0,0,0,0,0,0,0,1,1,0
144309,25,260769,3,13,4,6,0,2,0,3,1,0,0.033333333,0,0,0,0,0,0,0,0,0,0,8,13,0
144311,25,46603,3,6,2,2,0,1,0,1,1,5,0.033333333,0,0,0,0,0,0,0,0,0,0,5,6,0
144313,25,261579,3,6,2,2,0,1,0,1,1,5,0.033333333,6,0,0,0,0,0,0,0,0,0,5,6,0
144315,222,127749,7,51,1,18,0,16,0,17,16,102,0.033333333,0,0,0,0,0,0,0,0,0,0,18,51,0
144327,414,127749,4,230,9,53,107,31,0,40,13,102,0.166666667,0,0,0,0,0,0,0,0,0,0,61,24,21
144331,241,346877,5,11,2,7,0,1,0,4,1,9,0.066666667,0,0,0,0,0,0,0,0,0,0,7,6,5
144333,79,457932,1,79,12,15,12,13,10,14,10,21,0.033333333,0,0,0,0,0,0,0,0,0,0,27,79,0
144334,6,502584,1,6,2,2,0,1,0,1,1,143,0.033333333,0,0,0,0,0,0,0,0,0,0,5,6,0
144335,301,250865,4,1,1,0,0,0,0,0,0,34,0.033333333,0,0,0,0,0,0,0,0,0,0,1,1,0
144341,14,250865,2,4,1,3,0,0,0,2,0,34,0.033333333,0,0,0,0,0,0,0,0,0,0,4,4,0
144343,43,261579,4,7,2,3,0,1,0,2,1,5,0.033333333,7,0,0,0,0,0,0,0,0,0,5,7,0
144357,43,346877,4,14,4,6,0,2,0,3,2,9,0.066666667,0,0,7,0,0,0,0,0,0,0,8,7,0
144366,433,247683,2,70,11,24,7,18,1,15,8,23,0.1,0,0,0,0,0,0,0,0,0,0,30,7,0
144368,410,250865,5,1,1,0,0,0,0,0,0,34,0.033333333,0,0,0,0,0,0,0,0,0,0,1,1,0
144384,19,399092,2,1,1,0,0,0,0,0,0,101,0.033333333,0,0,0,0,0,0,0,0,0,0,1,1,0
144403,6,140022,1,6,2,2,0,1,0,1,1,232,0.033333333,0,0,0,0,0,0,0,0,0,0,5,6,0
144427,187,127749,3,1,1,0,0,0,0,0,0,102,0.033333333,0,0,0,0,0,0,0,0,0,0,1,1,0
144431,74,260769,2,15,2,6,0,4,0,3,3,0,0.033333333,0,0,0,0,0,0,0,0,0,0,7,15,0
144432,322,46603,4,27,1,11,0,8,0,10,7,5,0.033333333,0,0,0,0,0,0,0,0,0,0,15,27,0
144474,348,110497,5,47,15,17,0,10,0,13,0,24,0.266666667,0,0,0,1,0,0,0,0,0,0,10,8,16
144475,6,85168,1,6,1,3,0,1,0,2,1,139,0.033333333,0,0,0,0,0,0,0,0,0,0,5,6,0
144476,31,346877,5,14,6,2,0,1,2,1,1,9,0.033333333,0,0,0,0,0,0,0,0,0,0,6,14,0
144477,30,346877,1,30,5,3,0,2,14,2,2,9,0.033333333,0,0,0,0,0,0,0,0,0,0,10,30,0
144492,31,260769,5,2,2,0,0,0,0,0,0,0,0.033333333,0,0,0,0,0,0,0,0,0,0,2,2,0
144493,31,250865,5,6,4,0,0,0,0,0,0,34,0.033333333,0,0,0,0,0,0,0,0,0,0,4,6,0
144496,235,247683,1,235,12,89,22,77,0,68,33,23,0.166666667,0,0,0,0,0,0,0,61,0,0,68,38,0
144507,1,457932,1,1,1,0,0,0,0,0,0,21,0.033333333,0,0,0,0,0,0,0,0,0,0,1,1,0
144518,136,250865,3,13,2,7,0,3,0,4,1,34,0.066666667,0,0,0,0,0,0,0,0,0,0,8,8,0
144531,58,260769,4,6,3,1,0,1,0,1,1,0,0.033333333,0,0,0,0,0,0,0,0,0,0,6,6,0
144540,233,188602,2,84,13,28,10,22,0,15,6,96,0.1,0,0,0,0,0,0,0,0,0,0,23,1,82
144546,110,399092,2,52,11,33,0,3,0,23,2,101,0.1,0,0,6,10,0,0,0,0,0,0,24,36,0
144551,25,457932,3,3,3,0,0,0,0,0,0,21,0.033333333,0,0,0,0,0,0,0,0,0,0,2,3,0
144563,8,260769,1,8,2,4,0,1,0,3,1,0,0.033333333,0,0,0,0,0,0,0,0,0,0,7,8,0
144568,2,127749,1,2,2,0,0,0,0,0,0,102,0.033333333,0,0,0,0,0,0,0,0,0,0,2,2,0
144575,5,250865,1,5,3,2,0,0,0,1,0,34,0.033333333,0,0,0,0,0,0,0,0,0,0,3,5,0
144581,136,502584,2,28,5,11,0,7,0,6,4,143,0.066666667,0,0,0,0,0,0,0,0,0,0,10,1,27
144590,12,85168,2,11,3,3,0,2,0,2,2,139,0.033333333,0,0,0,0,0,0,0,0,0,0,8,11,0
144591,12,502584,2,1,1,0,0,0,0,0,0,143,0.033333333,0,0,0,0,0,0,0,0,0,0,1,1,0
144599,198,346877,3,7,2,3,0,1,0,2,1,9,0.066666667,0,0,0,0,0,0,0,0,0,0,5,1,0
144600,1,127749,1,1,1,0,0,0,0,0,0,102,0.033333333,0,0,0,0,0,0,0,0,0,0,1,1,0
144616,60,110497,2,4,4,0,0,0,0,0,0,24,0.033333333,0,0,0,0,0,0,0,0,0,0,2,4,0
144630,39,260769,2,23,4,5,0,5,3,6,4,0,0.033333333,0,0,0,0,0,0,0,0,0,0,11,23,0
144637,14,502584,1,14,6,4,0,0,1,3,0,143,0.033333333,0,0,0,0,0,0,0,0,0,0,6,14,0
144638,37,127749,2,10,1,5,0,2,0,4,2,102,0.033333333,0,0,0,0,0,0,0,0,0,0,6,10,0
144661,2,85168,2,1,1,0,0,0,0,0,0,139,0.033333333,0,0,0,0,0,0,0,0,0,0,1,1,0
144664,13,346877,1,13,5,3,0,2,0,4,1,9,0.066666667,0,0,0,0,0,0,0,0,0,0,6,12,0
144686,39,346877,2,16,3,6,0,4,0,6,3,9,0.033333333,0,0,0,0,0,0,0,0,0,0,10,16,0
144693,22,250865,3,9,3,3,0,2,0,2,1,34,0.033333333,0,0,0,0,0,0,0,0,0,0,6,9,0
144697,43,247683,2,12,2,4,0,3,0,3,3,23,0.033333333,0,0,0,0,0,0,0,0,0,0,9,12,0
144700,1221,127749,6,1,1,0,0,0,0,0,0,102,0.033333333,0,0,0,0,0,0,0,0,0,0,1,1,0
144703,541,127749,11,16,5,8,0,3,0,3,0,102,0.1,4,0,0,0,0,0,0,0,0,0,6,5,0
144708,541,85168,11,7,3,2,0,1,0,1,1,139,0.066666667,0,0,0,0,0,0,0,0,0,0,5,2,0
144720,9,260769,1,9,2,3,1,2,0,2,1,0,0.033333333,0,0,0,0,0,0,0,0,0,0,7,9,0
144723,41,346877,1,41,4,7,14,5,0,12,3,9,0.033333333,0,0,0,0,0,0,0,0,0,0,16,41,0
144728,1,110497,1,1,1,0,0,0,0,0,0,24,0.033333333,0,0,0,0,0,0,0,0,0,0,1,1,0
144729,416,346877,6,60,9,12,9,1,8,25,1,9,0.1,0,0,0,0,0,0,0,0,0,0,15,6,0
144730,4,250865,2,3,3,0,0,0,0,0,0,34,0.033333333,0,0,0,0,0,0,0,0,0,0,3,3,0
144731,19,27035,2,1,1,0,0,0,0,0,0,60,0.033333333,0,0,0,0,0,0,0,0,0,0,1,1,0
144743,362,457932,11,34,11,8,9,1,1,6,1,21,0.066666667,0,0,0,0,0,0,0,0,0,0,16,19,15
144750,5,346877,1,5,2,3,0,0,0,2,0,9,0.033333333,0,0,0,0,0,0,0,0,0,0,4,5,0
144756,362,46603,11,6,2,2,0,1,0,1,1,5,0.033333333,0,0,0,0,0,0,0,0,0,0,5,6,0
144778,45,399092,4,23,4,9,0,7,0,6,3,101,0.066666667,0,0,0,0,0,0,0,0,0,0,11,2,0
144804,984,46603,5,91,12,55,14,7,0,37,1,5,0.3,8,0,0,4,9,0,0,3,0,0,26,23,35
144812,24,346877,2,6,1,3,0,1,0,2,1,9,0.033333333,0,0,0,0,0,0,0,0,0,0,4,6,0
144821,105,346877,3,21,3,8,0,6,0,5,4,9,0.066666667,0,0,0,0,0,0,0,0,0,0,11,9,12
144826,73,457932,1,73,9,21,0,17,9,14,12,21,0.1,0,0,0,0,0,0,0,0,0,0,15,15,21
144831,394,110497,4,1,1,0,0,0,0,0,0,24,0.033333333,0,0,0,0,0,0,0,0,0,0,1,1,0
144833,17,261579,3,1,1,0,0,0,0,0,0,5,0.033333333,1,0,0,0,0,0,0,0,0,0,1,1,0
144838,69,346877,2,42,20,9,0,6,1,5,5,9,0.066666667,0,0,0,0,0,0,0,0,0,0,10,35,0
144839,1870,127749,3,5,2,3,0,0,0,2,0,102,0.066666667,0,0,0,0,0,0,0,0,0,0,3,1,4
144843,16,457932,2,12,4,2,0,1,0,2,1,21,0.033333333,0,0,0,0,0,0,0,0,0,0,8,12,0
144851,113,86829,5,2,2,0,0,0,0,0,0,63,0.033333333,0,0,0,0,0,0,0,0,0,0,2,2,0
144862,63,86829,2,40,1,17,0,14,0,22,0,63,0.033333333,0,0,0,0,0,0,0,0,0,0,8,40,0
144865,70,346877,2,64,9,15,15,0,13,20,0,9,0.033333333,0,0,0,0,0,0,0,0,0,0,15,64,0
144882,11,85168,1,11,2,4,0,0,4,3,1,139,0.033333333,0,0,0,0,0,0,0,0,0,0,6,11,0
144885,6,250865,1,6,2,2,0,1,0,1,1,34,0.033333333,0,0,0,0,0,0,0,0,0,0,5,6,0
144887,443,110497,5,100,30,37,0,21,0,13,11,24,0.166666667,2,0,0,0,0,0,0,0,0,0,19,18,5
144895,238,457932,1,238,10,76,33,66,0,66,50,21,0.133333333,0,0,0,0,0,0,0,0,0,0,55,115,123
144922,4,346877,2,2,2,0,0,0,0,0,0,9,0.033333333,0,0,0,0,0,0,0,0,0,0,2,2,0
144935,1,457932,1,1,1,0,0,0,0,0,0,21,0.033333333,0,0,0,0,0,0,0,0,0,0,1,1,0
144938,48,399092,2,1,1,0,0,0,0,0,0,101,0.033333333,0,0,0,0,0,0,0,0,0,0,1,1,0
144942,2,127749,2,1,1,0,0,0,0,0,0,102,0.033333333,0,0,0,0,0,0,0,0,0,0,1,1,0
144948,216,250865,2,127,18,20,18,14,17,39,6,34,0.066666667,0,0,0,0,0,0,0,0,0,0,15,36,0
144972,404,502584,3,1,1,0,0,0,0,0,0,143,0.033333333,0,0,0,0,0,0,0,0,0,0,1,1,0
144981,153,260769,3,16,2,6,0,1,1,8,1,0,0.033333333,0,0,0,0,0,0,0,0,0,0,5,16,0
144987,178,247683,3,26,6,7,0,5,5,4,3,23,0.033333333,0,0,0,0,0,0,0,0,0,0,10,26,0
144992,70,399092,2,6,2,4,0,0,0,3,0,101,0.033333333,0,0,0,0,0,0,0,0,0,0,6,6,0
144993,138,260769,4,24,5,13,0,3,0,6,3,0,0.066666667,0,0,0,0,0,0,0,0,0,0,11,10,14
144998,72,127749,2,56,13,19,0,12,2,12,8,102,0.1,19,0,0,0,0,0,0,0,0,0,25,20,17
145007,1098,188602,3,136,12,41,44,26,0,40,1,96,0.133333333,0,13,0,0,0,0,0,0,0,0,34,56,0
145008,1,86829,1,1,1,0,0,0,0,0,0,63,0.033333333,0,0,0,0,0,0,0,0,0,0,1,1,0
145009,9,502584,2,7,3,2,0,1,0,1,1,143,0.033333333,0,0,0,0,0,0,0,0,0,0,6,7,0
145012,42,399092,3,24,2,9,3,4,0,9,3,101,0.033333333,0,0,0,0,0,0,0,0,0,0,8,24,0
145028,681,46603,4,20,1,7,0,6,0,6,6,5,0.033333333,0,0,0,0,0,0,0,0,0,0,14,20,0
145036,1,250865,1,1,1,0,0,0,0,0,0,34,0.033333333,0,0,0,0,0,0,0,0,0,0,1,1,0
145040,1,457932,1,1,1,0,0,0,0,0,0,21,0.033333333,0,0,0,0,0,0,0,0,0,0,1,1,0
145063,147,110497,2,8,4,4,0,0,0,1,0,24,0.066666667,0,0,0,0,0,0,0,0,0,0,5,2,0
145070,12,247683,1,12,5,5,0,1,0,3,0,23,0.1,0,0,0,0,0,0,0,0,0,0,4,3,0
145083,170,457932,2,120,25,29,14,24,1,24,18,21,0.133333333,0,0,0,0,0,0,0,0,0,32,30,25,32
145084,5,260769,1,5,1,2,0,1,0,1,1,0,0.033333333,0,0,0,0,0,0,0,0,0,0,4,5,0
145086,2,502584,1,2,2,0,0,0,0,0,0,143,0.033333333,0,0,0,0,0,0,0,0,0,0,1,2,0
145108,41,399092,2,39,20,7,0,4,0,7,2,101,0.166666667,0,0,22,7,0,0,0,0,0,0,10,4,22
145110,14,457932,1,14,2,4,4,1,0,4,1,21,0.033333333,0,0,0,0,0,0,0,0,0,0,8,14,0
145116,42,346877,1,42,7,8,9,1,7,11,0,9,0.033333333,0,0,0,0,0,0,0,0,0,0,12,42,0
145117,18,457932,1,18,4,3,2,2,2,3,1,21,0.033333333,0,0,0,0,0,0,0,0,0,0,8,18,0
145118,215,346877,3,45,5,4,9,1,16,12,0,9,0.066666667,0,0,0,0,0,0,0,0,0,0,9,28,17
145126,34,260769,1,34,10,10,0,4,2,11,1,0,0.033333333,0,0,0,0,0,0,0,0,0,0,9,34,0
145128,11,502584,1,11,3,4,0,2,0,3,2,143,0.066666667,0,0,0,0,0,0,0,0,0,0,5,8,3
145130,3,399092,1,3,3,0,0,0,0,0,0,101,0.033333333,0,0,0,0,0,0,0,0,0,0,2,3,0
145135,73,127749,1,73,19,21,0,13,12,14,4,102,0.066666667,0,0,0,0,0,0,0,0,0,0,17,30,43
145143,883,86829,12,1,1,0,0,0,0,0,0,63,0.033333333,0,0,0,0,0,0,0,0,0,0,1,1,0
145192,7,250865,2,6,2,2,0,1,0,1,1,34,0.033333333,0,0,0,0,0,0,0,0,0,0,5,6,0
145206,234,346877,3,5,3,2,0,0,0,1,0,9,0.066666667,0,0,0,0,0,0,0,0,0,0,4,4,0
145224,1566,457932,2,8,2,4,0,2,0,1,0,21,0.033333333,0,0,0,0,0,0,0,0,0,0,4,8,0
145230,22,110497,2,3,3,0,0,0,0,0,0,24,0.033333333,0,0,0,0,0,0,0,0,0,0,2,3,0
145232,225,260769,3,57,8,16,0,13,0,17,11,0,0.1,0,0,0,0,0,0,0,0,0,0,14,29,23
145239,19,346877,2,18,3,6,2,5,0,5,2,9,0.033333333,0,0,0,0,0,0,0,0,0,0,11,18,0
145248,14,502584,1,14,5,6,0,1,0,4,0,143,0.1,0,0,0,0,0,0,0,3,0,0,6,6,0
145250,120,140022,2,68,3,5,34,2,0,19,2,232,0.033333333,0,0,0,0,0,0,0,0,0,0,16,68,0
145252,524,188602,4,70,8,17,15,16,0,20,10,96,0.1,0,0,0,0,0,0,0,0,0,0,20,10,2
145254,135,250865,2,37,8,12,0,3,1,10,2,34,0.133333333,0,0,0,0,7,0,0,0,0,0,8,15,0
145259,45,85576,3,32,7,16,0,3,2,5,3,54,0.066666667,0,0,0,0,0,0,0,0,0,0,10,6,26
145267,43,457932,1,43,8,9,7,4,2,7,1,21,0.033333333,0,0,0,0,0,0,0,0,0,0,12,43,0
145286,115,457932,2,22,7,6,5,1,2,3,0,21,0.033333333,0,0,0,0,0,0,0,0,0,0,11,22,0
145297,173,457932,6,37,5,14,3,9,0,9,5,21,0.066666667,0,0,0,0,0,0,0,0,0,0,13,26,11
145298,1743,250865,5,10,2,4,0,1,0,5,1,34,0.033333333,0,0,0,0,0,0,0,0,0,0,6,10,0
145310,6,260769,3,1,1,0,0,0,0,0,0,0,0.033333333,0,0,0,0,0,0,0,0,0,0,1,1,0
145322,27,42723,1,27,9,8,0,7,0,8,3,6,0.033333333,0,0,0,0,0,0,0,0,0,0,8,27,0
145329,148,140022,2,1,1,0,0,0,0,0,0,232,0.033333333,0,0,0,0,0,0,0,0,0,0,1,1,0
145342,21,250865,2,5,1,2,0,1,0,1,1,34,0.033333333,0,0,0,0,0,0,0,0,0,0,4,5,0
145349,93,457932,2,20,2,5,5,4,0,4,3,21,0.033333333,0,0,0,0,0,0,0,0,0,0,9,20,0
145359,42,85576,5,20,7,9,0,2,0,4,1,54,0.1,0,0,0,0,0,0,0,0,0,0,8,11,2
145362,62,346877,1,62,9,13,15,8,1,16,3,9,0.066666667,0,0,0,0,0,0,0,0,0,0,18,58,4
145385,3,24979,2,1,1,0,0,0,0,0,0,25,0.033333333,0,0,0,0,0,0,0,0,0,0,1,1,0
145391,3,346877,1,3,2,0,0,0,0,0,0,9,0.033333333,0,0,0,0,0,0,0,0,0,0,3,3,0
145394,28,250865,1,28,5,10,0,7,1,8,1,34,0.1,0,0,0,0,0,0,0,0,0,0,8,20,8
145398,123,457932,2,1,1,0,0,0,0,0,0,21,0.033333333,0,0,0,0,0,0,0,0,0,0,1,1,0
145400,91,140022,7,6,2,2,0,1,0,1,1,232,0.033333333,0,0,0,0,0,0,0,0,0,0,5,6,0
145403,31,346877,3,4,2,2,0,0,0,1,0,9,0.066666667,0,0,0,0,0,0,0,0,0,0,4,1,0
145415,8,502584,1,8,5,1,0,1,0,1,1,143,0.033333333,0,0,0,0,0,0,0,0,0,0,6,8,0
145437,36,46603,3,5,1,2,0,1,0,1,1,5,0.033333333,0,0,0,0,0,0,0,0,0,0,4,5,0
145453,475,247683,2,1,1,0,0,0,0,0,0,23,0.033333333,0,0,0,0,0,0,0,0,0,0,1,1,0
145458,55,188602,1,55,7,20,0,16,0,13,12,96,0.1,0,0,0,0,0,0,0,0,0,0,24,50,5
145473,1215,127749,3,275,15,30,158,28,0,31,23,102,0.133333333,0,0,22,0,0,0,0,0,0,0,109,12,0
145480,6,188602,1,6,2,3,0,0,0,2,1,96,0.033333333,0,0,0,0,0,0,0,0,0,0,4,6,0
145490,122,346877,3,15,1,5,0,4,0,6,3,9,0.033333333,0,0,0,0,0,0,0,0,0,0,7,15,0
145494,2070,85576,10,1,1,0,0,0,0,0,0,54,0.033333333,0,0,0,0,0,0,0,0,0,0,1,1,0
145502,355,399092,4,11,6,3,0,2,0,2,0,101,0.066666667,0,0,0,0,0,0,0,0,0,0,4,3,0
145523,28,457932,1,28,4,6,4,4,7,3,2,21,0.033333333,0,0,0,0,0,0,0,0,0,0,11,28,0
145525,1,86829,1,1,1,0,0,0,0,0,0,63,0.033333333,0,0,0,0,0,0,0,0,0,0,1,1,0
145534,81,250865,4,11,2,3,0,2,0,3,2,34,0.033333333,0,0,0,0,0,0,0,0,0,0,6,11,0
145535,356,188602,7,30,4,11,0,8,0,8,7,96,0.1,0,0,0,0,0,0,0,0,0,0,19,1,0
145544,89,878119,2,51,5,30,0,4,5,29,3,20,0.1,0,14,0,0,0,0,0,0,0,0,20,14,0
145553,192,878119,4,109,8,46,0,37,0,29,17,20,0.1,0,75,0,0,0,0,0,0,0,0,43,12,0
145555,30,878119,1,30,5,10,0,1,1,19,1,20,0.066666667,0,22,0,0,0,0,0,0,0,0,10,22,0
145560,1890,148500,6,22,2,9,0,4,0,11,1,29,0.033333333,0,0,0,0,0,0,0,0,0,0,6,22,0
145563,19,878119,1,19,5,7,0,5,0,4,2,20,0.066666667,0,18,0,0,0,0,0,0,0,0,11,18,1
145570,1,43183,1,1,1,0,0,0,0,0,0,24,0.033333333,0,0,0,0,0,0,0,0,0,0,1,1,0
145571,2,334927,1,2,2,0,0,0,0,0,0,7,0.033333333,0,0,0,0,0,0,0,2,0,0,2,2,0
145580,576,878119,4,74,9,48,0,10,0,38,6,20,0.133333333,33,10,0,0,0,0,0,0,0,0,29,26,0
145589,8,878119,1,8,3,2,0,0,0,1,0,20,0.1,0,6,0,0,0,1,0,0,0,0,4,7,0
145594,78,334927,2,36,9,15,0,6,1,13,4,7,0.033333333,0,0,0,0,0,0,0,36,0,0,15,36,0
145605,16,878119,1,16,7,5,0,3,0,4,0,20,0.033333333,0,16,0,0,0,0,0,0,0,0,10,16,0
145614,23,334927,1,23,8,10,0,2,0,7,2,7,0.1,0,0,0,0,0,0,0,10,0,0,12,1,0
145615,48,334927,1,48,5,28,9,1,2,27,0,7,0.033333333,0,0,0,0,0,0,0,48,0,0,14,48,0
145622,230,148500,2,198,6,42,45,31,11,68,17,29,0.1,0,0,0,0,0,0,0,0,0,0,30,184,0
145624,1135,334927,4,154,17,68,15,39,0,40,13,7,0.2,0,0,0,0,0,0,0,63,0,0,40,48,0
145632,2,334927,1,2,2,0,0,0,0,0,0,7,0.033333333,0,0,0,0,0,0,0,2,0,0,2,2,0
145634,4,878119,2,2,2,0,0,0,0,0,0,20,0.033333333,0,2,0,0,0,0,0,0,0,0,2,2,0
145653,91,148500,1,91,2,11,43,0,3,31,6,29,0.033333333,0,0,0,0,0,0,0,0,0,0,27,91,0
145659,21,878119,1,21,7,7,0,5,1,4,0,20,0.066666667,0,19,0,0,2,0,0,0,0,0,10,19,0
145671,183,43183,2,4,2,2,0,0,0,1,0,24,0.033333333,0,0,0,0,0,0,0,0,0,0,4,4,0
145677,2,334927,1,2,2,0,0,0,0,0,0,7,0.033333333,0,0,0,0,0,0,0,2,0,0,2,2,0
145680,5,334927,1,5,3,1,0,1,0,1,0,7,0.033333333,0,0,0,0,0,0,0,5,0,0,5,5,0
145683,49,334927,1,49,2,18,6,13,0,13,9,7,0.033333333,0,0,0,0,0,0,0,49,0,0,20,49,0
145685,1,334927,1,1,1,0,0,0,0,0,0,7,0.033333333,0,0,0,0,0,0,0,1,0,0,1,1,0
145695,4,334927,1,4,4,0,0,0,0,0,0,7,0.033333333,0,0,0,0,0,0,0,4,0,0,2,4,0
145706,52,148500,3,27,2,4,8,3,0,10,2,29,0.033333333,0,0,0,0,0,0,0,0,0,0,10,27,0
145707,45,878119,1,45,6,17,1,13,0,14,5,20,0.066666667,0,36,0,0,0,0,0,0,0,0,17,9,0
145709,6,21560,1,6,6,0,0,0,0,0,0,9,0.033333333,0,0,0,0,0,0,0,0,0,0,3,6,0
145728,24,878119,1,24,5,9,0,6,0,5,3,20,0.066666667,0,19,0,0,0,0,0,0,0,0,11,19,0
145730,461,34988,6,2,2,0,0,0,0,0,0,108,0.033333333,0,0,2,0,0,0,0,0,0,0,1,2,0
145731,7,334927,3,1,1,0,0,0,0,0,0,7,0.033333333,0,0,0,0,0,0,0,1,0,0,1,1,0
145732,35,334927,1,35,7,8,0,6,6,7,5,7,0.066666667,0,0,0,0,0,0,33,2,0,0,12,33,2
145765,53,878119,1,53,11,13,15,8,0,13,0,20,0.1,0,8,0,25,0,0,0,0,0,0,19,20,0
145775,7,334927,2,6,2,2,0,1,0,1,1,7,0.033333333,0,0,0,0,0,0,0,6,0,0,5,6,0
145779,85,334927,1,85,9,40,3,19,0,31,14,7,0.066666667,0,0,0,0,0,0,76,9,0,0,33,76,9
145787,155,334927,7,2,2,0,0,0,0,0,0,7,0.066666667,0,0,0,0,0,0,0,1,0,0,1,1,0
145813,33,334927,2,1,1,0,0,0,0,0,0,7,0.033333333,0,0,0,0,0,0,0,1,0,0,1,1,0
145815,8,43183,1,8,6,0,0,0,0,0,0,24,0.033333333,0,0,0,0,0,0,0,0,0,0,5,8,0
145818,7,34988,1,7,6,0,0,0,0,0,0,108,0.033333333,0,0,7,0,0,0,0,0,0,0,5,7,0
145820,114,878119,2,47,6,33,0,4,0,20,4,20,0.1,0,13,0,0,0,0,0,0,0,0,20,28,19
145848,9,878119,1,9,2,4,0,2,0,3,1,20,0.033333333,0,9,0,0,0,0,0,0,0,0,7,9,0
145851,24,878119,2,13,6,3,0,1,1,2,1,20,0.033333333,0,13,0,0,0,0,0,0,0,0,9,13,0
145856,60,334927,1,60,9,15,14,9,0,12,7,7,0.066666667,0,0,0,0,0,0,40,20,0,0,28,40,20
145864,10,334927,2,9,2,3,0,2,0,2,2,7,0.033333333,0,0,0,0,0,0,0,9,0,0,5,9,0
145869,6,334927,1,6,3,2,0,1,0,1,0,7,0.033333333,0,0,0,0,0,0,0,6,0,0,4,6,0
145871,1,334927,1,1,1,0,0,0,0,0,0,7,0.033333333,0,0,0,0,0,0,0,1,0,0,1,1,0
145879,201,878119,3,85,15,30,6,21,0,15,11,20,0.233333333,0,3,0,0,7,0,0,0,0,0,33,11,0
145881,95,878119,4,90,9,38,28,2,1,37,1,20,0.133333333,0,11,0,0,0,0,0,0,0,0,40,36,0
145897,201,148500,2,11,2,7,0,2,0,1,0,29,0.033333333,0,0,0,0,0,0,0,0,0,0,5,11,0
145902,2,878119,2,1,1,0,0,0,0,0,0,20,0.033333333,0,1,0,0,0,0,0,0,0,0,1,1,0
145903,2,878119,1,2,2,0,0,0,0,0,0,20,0.033333333,0,2,0,0,0,0,0,0,0,0,2,2,0
145909,6,334927,1,6,2,2,0,1,0,1,1,7,0.033333333,0,0,0,0,0,0,0,6,0,0,5,6,0
145910,14,334927,2,13,4,3,0,1,4,2,0,7,0.033333333,0,0,0,0,0,0,0,13,0,0,6,13,0
145913,75,21560,2,1,1,0,0,0,0,0,0,9,0.033333333,0,0,0,0,0,0,0,0,0,0,1,1,0
145920,5,334927,1,5,2,2,0,1,0,1,0,7,0.033333333,0,0,0,0,0,0,0,5,0,0,4,5,0
145958,44,334927,2,32,3,13,0,9,0,10,7,7,0.066666667,0,0,0,0,0,0,7,25,0,0,20,7,25
145967,5,34988,1,5,1,2,0,1,0,1,1,108,0.033333333,0,0,5,0,0,0,0,0,0,0,4,5,0
145969,22,878119,1,22,7,7,0,5,1,4,1,20,0.033333333,0,22,0,0,0,0,0,0,0,0,12,22,0
145988,5,878119,1,5,2,2,0,1,0,1,0,20,0.033333333,0,0,0,0,0,0,0,0,0,0,4,5,0
145993,259,148500,3,3,1,2,0,0,0,1,0,29,0.033333333,0,0,0,0,0,0,0,0,0,0,3,3,0
145997,3,148500,1,3,2,1,0,0,0,0,0,29,0.033333333,0,0,0,0,0,0,0,0,0,0,2,3,0
145998,11,334927,3,1,1,0,0,0,0,0,0,7,0.033333333,0,0,0,0,0,0,0,1,0,0,1,1,0
145999,11,43183,3,9,2,3,0,2,0,2,2,24,0.033333333,0,0,0,0,0,0,0,0,0,0,5,9,0
146003,1,148500,1,1,1,0,0,0,0,0,0,29,0.033333333,0,0,0,0,0,0,0,0,0,0,1,1,0
146016,3,41550,1,3,3,0,0,0,0,0,0,21,0.033333333,0,0,0,0,0,3,0,0,0,0,2,3,0
146033,122,195289,9,1,1,0,0,0,0,0,0,105,0.033333333,0,0,0,0,0,0,0,0,0,0,1,1,0
146038,1,195289,1,1,1,0,0,0,0,0,0,105,0.033333333,0,0,0,0,0,0,0,0,0,0,1,1,0
146048,4,38356,1,4,4,0,0,0,0,0,0,65,0.033333333,0,0,0,0,0,0,0,0,0,0,2,4,0
146051,9,208752,1,9,1,3,0,1,0,4,2,24,0.033333333,0,0,0,0,0,0,0,0,0,0,6,9,0
146056,223,907118,4,8,2,3,0,2,0,2,1,19,0.033333333,0,8,0,0,0,0,0,0,0,0,6,8,0
146061,10,155579,1,10,3,4,0,2,0,1,1,17,0.033333333,0,0,0,0,0,0,0,0,10,0,6,10,0
146066,132,208752,3,15,2,6,0,4,0,3,3,24,0.033333333,0,0,0,0,0,0,0,0,0,0,7,15,0
146068,36,907118,1,36,4,12,1,10,1,9,6,19,0.033333333,0,36,0,0,0,0,0,0,0,0,21,36,0
146071,198,907118,5,18,3,6,0,5,0,5,4,19,0.033333333,0,18,0,0,0,0,0,0,0,0,11,18,0
146076,71,155579,2,21,4,3,3,2,4,3,2,17,0.033333333,0,0,0,0,0,0,0,0,21,0,9,21,0
146087,74,38356,3,62,5,13,12,6,1,15,13,65,0.033333333,0,0,0,0,0,0,0,0,0,0,17,62,0
146093,79,907118,1,79,10,33,1,23,1,30,7,19,0.033333333,0,79,0,0,0,0,0,0,0,0,27,79,0
146103,54,195289,2,30,5,8,0,4,2,9,7,105,0.033333333,0,0,0,0,0,0,0,0,0,0,13,30,0
146106,12,907118,1,12,3,3,0,2,3,2,1,19,0.033333333,0,12,0,0,0,0,0,0,0,0,6,12,0
146111,1,907118,1,1,1,0,0,0,0,0,0,19,0.033333333,0,1,0,0,0,0,0,0,0,0,1,1,0
146117,5,208752,1,5,2,2,0,1,0,1,0,24,0.033333333,0,0,0,0,0,0,0,0,0,0,4,5,0
146118,41,208752,1,41,2,6,5,1,0,18,12,24,0.033333333,0,0,0,0,0,0,0,0,0,0,17,41,0
146120,284,907118,2,267,35,98,21,58,2,105,6,19,0.1,0,130,0,69,68,0,0,0,0,0,32,130,0
146126,1,907118,1,1,1,0,0,0,0,0,0,19,0.033333333,0,1,0,0,0,0,0,0,0,0,1,1,0
146127,6,907118,1,6,3,1,0,1,0,1,1,19,0.033333333,0,6,0,0,0,0,0,0,0,0,6,6,0
146133,39,208752,1,39,7,9,6,5,0,9,6,24,0.033333333,0,0,0,0,0,0,0,0,0,0,15,39,0
146154,239,38356,4,47,11,11,0,6,6,9,5,65,0.033333333,0,0,0,0,0,0,0,0,0,0,11,47,0
146165,24,208752,1,24,2,13,0,5,0,12,2,24,0.033333333,0,0,0,0,0,0,0,0,0,0,7,24,0
146167,5,195289,1,5,2,2,0,1,0,1,0,105,0.033333333,0,0,0,0,0,0,0,0,0,0,4,5,0
146168,49,155579,4,5,1,3,0,1,0,2,0,17,0.033333333,0,0,0,0,0,0,0,0,5,0,3,5,0
146188,15,38356,1,15,5,3,0,2,1,2,2,65,0.033333333,0,0,0,0,0,0,0,0,0,0,6,15,0
146189,69,208752,2,5,1,0,0,0,4,0,0,24,0.033333333,0,0,0,0,0,0,0,0,0,0,2,5,0
146202,5,208752,1,5,2,2,0,1,0,1,0,24,0.033333333,0,0,0,0,0,0,0,0,0,0,3,5,0
146217,23,907118,1,23,6,8,0,5,1,3,2,19,0.033333333,0,23,0,0,0,0,0,0,0,0,10,23,0
146220,4,38356,1,4,4,0,0,0,0,0,0,65,0.033333333,0,0,0,0,0,0,0,0,0,0,4,4,0
146224,25,907118,2,24,7,7,2,5,0,4,1,19,0.033333333,0,24,0,0,0,0,0,0,0,0,9,24,0
146226,10,907118,1,10,4,2,0,2,1,2,1,19,0.033333333,0,10,0,0,0,0,0,0,0,0,7,10,0
146236,39,38356,1,39,7,6,2,4,0,13,10,65,0.033333333,0,0,0,0,0,0,0,0,0,0,15,39,0
146246,5,195289,1,5,1,2,0,1,0,1,1,105,0.033333333,0,0,0,0,0,0,0,0,0,0,4,5,0
146249,79,907118,1,79,13,32,0,17,2,27,14,19,0.033333333,0,79,0,0,0,0,0,0,0,0,36,79,0
146255,185,155579,2,1,1,0,0,0,0,0,0,17,0.033333333,0,0,0,0,0,0,0,0,1,0,1,1,0
146258,32,907118,1,32,10,12,0,9,0,7,0,19,0.033333333,0,32,0,0,0,0,0,0,0,0,8,32,0
146277,251,208752,3,1,1,0,0,0,0,0,0,24,0.033333333,0,0,0,0,0,0,0,0,0,0,1,1,0
146291,13,907118,1,13,2,5,0,4,0,4,2,19,0.033333333,0,13,0,0,0,0,0,0,0,0,9,13,0
146302,59,208752,2,11,2,4,0,3,0,3,2,24,0.033333333,0,0,0,0,0,0,0,0,0,0,7,11,0
146321,128,907118,6,7,1,3,0,2,0,3,0,19,0.033333333,0,7,0,0,0,0,0,0,0,0,4,7,0
146353,99,195289,3,26,5,4,2,3,5,5,4,105,0.033333333,0,0,0,0,0,0,0,0,0,0,11,26,0
146355,15,907118,1,15,5,4,0,3,1,4,1,19,0.033333333,0,15,0,0,0,0,0,0,0,0,9,15,0
146361,22,195289,2,21,8,1,0,0,2,2,0,105,0.033333333,0,0,0,0,0,0,0,0,0,0,5,21,0
146364,15,907118,2,7,2,3,0,1,0,2,1,19,0.033333333,0,7,0,0,0,0,0,0,0,0,6,7,0
146377,1,208752,1,1,1,0,0,0,0,0,0,24,0.033333333,0,0,0,0,0,0,0,0,0,0,1,1,0
146384,10,907118,2,5,2,2,0,1,0,1,0,19,0.033333333,0,5,0,0,0,0,0,0,0,0,3,5,0
146401,91,208752,1,91,11,14,9,9,0,29,20,24,0.033333333,0,0,0,0,0,0,0,0,0,0,19,91,0
146407,516,907118,1,516,17,170,54,128,0,217,68,19,0.233333333,0,20,0,0,0,0,0,0,232,0,81,141,284
146409,28,907118,1,28,5,11,0,8,0,8,2,19,0.033333333,0,28,0,0,0,0,0,0,0,0,13,28,0
146435,20,907118,1,20,4,8,0,6,0,5,2,19,0.033333333,0,20,0,0,0,0,0,0,0,0,11,20,0
146440,35,195289,1,35,3,6,8,4,0,10,6,105,0.066666667,0,0,0,0,0,0,0,0,0,0,14,8,0
146442,1,195289,1,1,1,0,0,0,0,0,0,105,0.033333333,0,0,0,0,0,0,0,0,0,0,1,1,0
146462,81,195289,2,1,1,0,0,0,0,0,0,105,0.033333333,0,0,0,0,0,0,0,0,0,0,1,1,0
146467,42,155579,2,34,4,10,0,9,0,12,8,17,0.033333333,0,0,0,0,0,0,0,0,34,0,15,34,0
146473,9,195289,1,9,1,4,0,1,0,3,3,105,0.033333333,0,0,0,0,0,0,0,0,0,0,8,9,0
146483,747,195289,5,1,1,0,0,0,0,0,0,105,0.033333333,0,0,0,0,0,0,0,0,0,0,1,1,0
146494,11,195289,2,5,1,2,0,1,0,1,1,105,0.033333333,0,0,0,0,0,0,0,0,0,0,4,5,0
146497,431,195289,2,143,7,26,48,10,0,40,15,105,0.1,0,0,0,0,0,0,0,0,0,0,31,47,10
146499,55,907118,1,55,17,19,0,13,2,13,3,19,0.066666667,0,8,0,0,0,0,0,0,0,0,18,47,0
146510,23,907118,1,23,9,6,0,3,3,3,0,19,0.033333333,0,23,0,0,0,0,0,0,0,0,10,23,0
146512,31,907118,1,31,7,8,0,6,5,9,0,19,0.033333333,0,31,0,0,0,0,0,0,0,0,8,31,0
146538,39,195289,2,8,4,2,0,1,0,1,1,105,0.033333333,0,0,0,0,0,0,0,0,0,0,5,8,0
146541,38,208752,1,38,1,7,7,6,0,13,9,24,0.033333333,0,0,0,0,0,0,0,0,0,0,11,38,0
146549,23,195289,1,23,3,2,4,2,2,6,4,105,0.033333333,0,0,0,0,0,0,0,0,0,0,11,23,0
146555,19,155579,1,19,8,6,0,3,1,2,0,17,0.033333333,0,0,0,0,0,0,0,0,19,0,9,19,0
146556,1,155579,1,1,1,0,0,0,0,0,0,17,0.033333333,0,0,0,0,0,0,0,0,1,0,1,1,0
146563,24,38356,2,17,6,2,0,1,5,1,1,65,0.033333333,0,0,0,0,0,0,0,0,0,0,7,17,0
146564,361,195289,3,16,3,1,6,0,0,5,2,105,0.033333333,0,0,0,0,0,0,0,0,0,0,9,16,0
146566,42,195289,1,42,5,6,7,5,2,14,6,105,0.033333333,0,0,0,0,0,0,0,0,0,0,18,42,0
146568,296,155579,3,6,1,2,0,1,0,2,1,17,0.033333333,0,0,0,0,0,0,0,0,6,0,4,6,0
146578,553,195289,12,134,6,12,48,10,0,37,9,105,0.033333333,0,0,0,0,0,0,0,0,0,0,37,134,0
146583,27,907118,1,27,13,6,0,4,0,3,2,19,0.033333333,0,27,0,0,0,0,0,0,0,0,13,27,0
146594,25,148500,4,1,1,0,0,0,0,0,0,29,0.033333333,0,0,0,0,0,0,0,0,1,0,1,1,0
146599,64,21216,2,38,4,9,0,3,0,16,10,19,0.1,0,0,0,0,0,0,0,0,0,0,12,18,0
146602,473,21216,5,1,1,0,0,0,0,0,0,19,0.033333333,0,0,0,0,0,0,0,0,0,0,1,1,0
146603,6,21216,1,6,2,2,0,1,0,1,1,19,0.033333333,0,0,0,0,0,0,0,0,0,0,5,6,0
146604,36,148500,1,36,8,12,1,8,0,8,5,29,0.033333333,0,0,0,0,0,0,0,0,36,0,13,36,0
146608,1,21216,1,1,1,0,0,0,0,0,0,19,0.033333333,0,0,0,0,0,0,0,0,0,0,1,1,0
146611,1,148500,1,1,1,0,0,0,0,0,0,29,0.033333333,0,0,0,0,0,0,0,0,1,0,1,1,0
146614,407,148500,21,1,1,0,0,0,0,0,0,29,0.033333333,0,0,0,0,0,0,0,0,1,0,1,1,0
146619,123,21216,6,28,7,11,0,7,0,5,2,19,0.1,0,0,0,0,0,0,0,0,0,0,6,21,0
146639,7,21216,1,7,5,0,0,0,1,0,0,19,0.033333333,0,0,0,0,0,0,0,0,0,0,5,7,0
146655,6,89830,1,6,2,2,0,1,0,1,1,108,0.033333333,0,0,0,0,0,0,0,0,0,0,5,6,0
146656,51,91935,2,49,2,14,0,12,0,17,15,26,0.066666667,0,0,0,0,0,0,0,0,0,0,27,5,44
146668,42,91935,1,42,6,9,16,7,0,6,4,26,0.066666667,0,0,0,0,0,0,0,0,0,0,18,30,12
146669,17,89830,4,1,1,0,0,0,0,0,0,108,0.033333333,0,0,0,0,0,0,0,0,0,0,1,1,0
146678,7,89830,1,7,2,3,0,1,0,2,1,108,0.033333333,0,0,0,0,0,0,0,0,0,0,6,7,0
146682,1,89830,1,1,1,0,0,0,0,0,0,108,0.033333333,0,0,0,0,0,0,0,0,0,0,1,1,0
146693,9,91935,1,9,3,3,0,1,2,2,0,26,0.033333333,0,0,0,0,0,0,0,0,0,0,4,9,0
146701,614,91935,4,8,1,4,0,1,0,4,1,26,0.033333333,0,0,0,0,0,0,0,0,0,0,4,8,0
146706,221,89830,6,2,2,0,0,0,0,0,0,108,0.033333333,0,0,0,0,0,0,0,0,0,0,2,2,0
146721,10,91935,1,10,4,2,0,0,2,1,0,26,0.033333333,0,0,0,0,0,0,0,0,0,0,5,10,0
146722,114,91935,4,13,3,5,0,2,0,3,2,26,0.066666667,0,0,0,0,0,0,0,0,0,0,8,9,0
146723,2,91935,1,2,2,0,0,0,0,0,0,26,0.033333333,0,0,0,0,0,0,0,0,0,0,1,2,0
146728,15,89830,1,15,7,2,0,2,1,2,2,108,0.066666667,0,0,0,0,0,0,0,0,0,0,10,5,0
146732,11,91935,1,11,5,3,0,1,1,2,1,26,0.066666667,0,0,0,0,0,0,0,0,0,0,5,1,0
146751,81,91935,2,44,9,25,0,4,2,24,1,26,0.2,0,0,0,0,0,0,0,0,0,0,10,32,4
146752,1,91935,1,1,1,0,0,0,0,0,0,26,0.033333333,0,0,0,0,0,0,0,0,0,0,1,1,0
146764,27,89830,3,1,1,0,0,0,0,0,0,108,0.033333333,0,0,0,0,0,0,0,0,0,0,1,1,0
146766,68,89830,8,40,15,9,0,3,8,4,1,108,0.066666667,0,0,0,0,0,0,0,0,0,0,8,2,0
146783,5,89830,1,5,1,2,0,1,0,1,1,108,0.033333333,0,0,0,0,0,0,0,0,0,0,4,5,0
146794,121,89830,5,70,6,27,0,18,0,37,0,108,0.133333333,0,0,0,0,0,0,0,0,0,0,12,17,53
146795,15,89830,2,1,1,0,0,0,0,0,0,108,0.033333333,0,0,0,0,0,0,0,0,0,0,1,1,0
146801,32,89830,1,32,3,11,0,6,9,4,3,108,0.066666667,0,0,0,0,0,0,0,0,4,0,5,28,0
146812,2,155579,1,2,2,0,0,0,0,0,0,17,0.033333333,0,0,0,0,0,0,0,0,0,0,2,2,0
146813,2,155579,2,1,1,0,0,0,0,0,0,17,0.033333333,0,0,0,0,0,0,0,0,0,0,1,1,0
146871,185,89830,2,4,4,0,0,0,0,0,0,108,0.033333333,0,0,0,0,0,0,0,0,0,0,2,4,0
146877,23,91935,2,22,7,8,0,5,0,5,1,26,0.066666667,0,0,0,0,0,0,0,0,0,0,10,16,0
146885,2,155579,1,2,2,0,0,0,0,0,0,17,0.033333333,0,0,0,0,0,0,0,0,0,0,1,2,0
146893,23,89830,1,23,10,7,0,4,0,2,1,108,0.033333333,0,0,0,0,0,0,0,0,0,0,10,23,0
146900,777,155579,4,56,7,10,0,7,14,17,5,17,0.066666667,0,0,0,0,0,0,0,0,0,0,12,18,0
146910,1,502584,1,1,1,0,0,0,0,0,0,143,0.033333333,0,0,0,0,0,0,0,0,0,0,1,1,0
146913,13,502584,1,13,5,6,0,1,1,3,0,143,0.066666667,0,0,0,0,0,0,0,0,0,0,5,6,7
146950,3,399092,1,3,3,0,0,0,0,0,0,101,0.033333333,0,0,0,0,0,0,0,0,0,0,2,3,0
146952,49,42723,2,19,3,16,0,0,0,13,0,6,0.1,8,0,0,0,0,0,0,0,0,0,14,1,0
146964,2,502584,1,2,2,0,0,0,0,0,0,143,0.033333333,0,0,0,0,0,0,0,0,0,0,2,2,0
146980,33,261579,3,1,1,0,0,0,0,0,0,5,0.033333333,0,0,0,0,0,0,0,0,0,0,1,1,0
146987,294,399092,3,1,1,0,0,0,0,0,0,101,0.033333333,0,0,0,0,0,0,0,0,0,0,1,1,0
147003,13,399092,1,13,13,0,0,0,0,0,0,101,0.033333333,0,0,0,0,0,0,0,0,0,0,2,13,0
147006,3,502584,2,2,2,0,0,0,0,0,0,143,0.033333333,0,0,0,0,0,0,0,0,0,0,2,2,0
147022,6,502584,1,6,2,2,0,1,0,1,1,143,0.033333333,0,0,0,0,0,0,0,0,0,0,5,6,0
147026,19,261579,1,19,10,3,0,2,1,3,1,5,0.033333333,0,0,0,0,0,0,0,0,0,0,5,19,0
147043,1,261579,1,1,1,0,0,0,0,0,0,5,0.033333333,0,0,0,0,0,0,0,0,0,0,1,1,0
147048,17,502584,1,17,2,4,0,2,1,7,2,143,0.033333333,0,0,0,0,0,0,0,0,0,0,7,17,0
147090,3,42723,2,1,1,0,0,0,0,0,0,6,0.033333333,0,0,0,0,0,0,0,0,0,0,1,1,0
147100,57,502584,1,57,11,16,9,7,0,13,3,143,0.1,0,0,0,0,0,4,0,0,0,0,11,36,0
147101,230,261579,21,2,2,0,0,0,0,0,0,5,0.066666667,0,1,0,0,0,0,0,0,0,0,1,1,0
147103,48,86829,4,2,2,0,0,0,0,0,0,63,0.033333333,0,0,0,0,0,0,0,0,0,0,1,2,0
147107,6,261579,1,6,3,1,0,1,0,1,1,5,0.033333333,0,0,0,0,0,0,0,0,0,0,6,6,0
147129,103,261579,3,8,2,3,0,2,0,2,1,5,0.033333333,0,0,0,0,0,0,0,0,0,0,6,8,0
147132,313,502584,2,76,3,18,31,3,1,29,1,143,0.066666667,0,0,0,0,0,0,0,0,0,0,9,74,2
147150,7,261579,1,7,3,2,0,1,0,1,1,5,0.033333333,0,0,0,0,0,0,0,0,0,0,6,7,0
147151,142,42723,4,1,1,0,0,0,0,0,0,6,0.033333333,0,0,0,0,0,0,0,0,0,0,1,1,0
147153,9,502584,1,9,6,0,0,0,2,0,0,143,0.033333333,0,0,0,0,0,0,0,0,0,0,5,9,0
147174,6,261579,1,6,6,0,0,0,0,0,0,5,0.033333333,0,0,0,0,0,0,0,0,0,0,2,6,0
147176,440,502584,4,1,1,0,0,0,0,0,0,143,0.033333333,0,0,0,0,0,0,0,0,0,0,1,1,0
147202,19,261579,1,19,2,12,0,4,0,10,0,5,0.033333333,0,0,0,0,0,0,0,0,0,0,8,19,0
147206,21,502584,1,21,5,9,0,6,0,2,1,143,0.1,0,0,0,0,0,0,0,0,0,0,7,15,0
147217,12,261579,1,12,3,6,0,1,1,6,1,5,0.033333333,0,0,0,0,0,0,0,0,0,0,11,12,0
147225,282,502584,6,132,6,22,39,6,11,50,5,143,0.033333333,0,0,0,0,0,0,0,0,0,0,24,132,0
147235,7,502584,1,7,4,3,0,0,0,2,0,143,0.033333333,0,0,0,0,0,0,0,0,0,0,5,7,0
147239,4,261579,1,4,2,2,0,0,0,1,0,5,0.033333333,0,0,0,0,0,0,0,0,0,0,4,4,0
147240,14,188602,2,1,1,0,0,0,0,0,0,96,0.033333333,0,0,0,0,0,0,0,0,0,0,1,1,0
147251,24,261579,1,24,8,10,0,2,2,6,1,5,0.033333333,0,0,0,0,0,0,0,0,0,0,11,24,0
147257,30,261579,4,11,1,4,0,3,0,6,0,5,0.033333333,0,0,0,0,0,0,0,0,0,0,5,11,0
147269,106,502584,2,105,5,28,0,0,0,66,0,143,0.066666667,0,0,0,0,0,0,0,0,0,0,20,105,0
147272,2,502584,1,2,2,0,0,0,0,0,0,143,0.033333333,0,0,0,0,0,0,0,0,0,0,1,2,0
147277,2,502584,1,2,2,0,0,0,0,0,0,143,0.033333333,0,0,0,0,0,0,0,0,0,0,2,2,0
147281,1,24979,1,1,1,0,0,0,0,0,0,25,0.033333333,0,0,0,0,0,0,0,0,0,0,1,1,0
147284,19,502584,3,16,9,7,0,0,0,2,0,143,0.066666667,0,0,0,0,0,0,0,0,0,0,5,12,0
147285,62,24979,4,8,3,3,0,1,0,2,1,25,0.066666667,0,0,0,0,0,0,0,0,0,0,6,1,7
147293,33,502584,2,2,1,0,0,0,1,0,0,143,0.033333333,0,0,0,0,0,0,0,0,0,0,2,2,0
147297,19,188602,3,2,2,0,0,0,0,0,0,96,0.066666667,0,0,0,0,0,0,0,0,0,0,1,1,1
147303,217,261579,3,6,2,2,0,1,0,1,1,5,0.033333333,0,0,0,0,0,0,0,0,0,0,5,6,0
147307,98,502584,6,39,7,19,5,2,0,17,2,143,0.1,0,0,0,0,0,0,0,0,0,0,16,9,0
147308,98,24979,6,11,4,5,0,1,0,4,1,25,0.066666667,0,0,0,0,0,0,0,0,0,0,7,10,0
147311,39,261579,1,39,4,13,0,11,0,11,9,5,0.033333333,0,0,0,0,0,0,0,0,0,0,23,39,0
147318,1,85168,1,1,1,0,0,0,0,0,0,139,0.033333333,0,0,0,0,0,0,0,0,0,0,1,1,0
147319,1,399092,1,1,1,0,0,0,0,0,0,101,0.033333333,0,0,0,0,0,0,0,0,0,0,1,1,0
147327,6,261579,2,1,1,0,0,0,0,0,0,5,0.033333333,0,0,0,0,0,0,0,0,0,0,1,1,0
147334,152,502584,1,152,3,4,53,1,1,66,2,143,0.033333333,0,0,0,0,0,0,0,0,0,0,20,152,0
147336,7,502584,1,7,2,3,0,1,0,2,1,143,0.033333333,0,0,0,0,0,0,0,0,0,0,5,7,0
147347,34,261579,4,1,1,0,0,0,0,0,0,5,0.033333333,0,0,0,0,0,0,0,0,0,0,1,1,0
147360,8,261579,2,6,2,2,0,1,0,1,1,5,0.033333333,0,0,0,0,0,0,0,0,0,0,4,6,0
147362,3,399092,1,3,3,0,0,0,0,0,0,101,0.033333333,0,0,0,0,0,0,0,0,0,0,2,3,0
147382,11,261579,1,11,2,4,0,3,0,3,2,5,0.033333333,0,0,0,0,0,0,0,0,0,0,8,11,0
147395,2,502584,1,2,2,0,0,0,0,0,0,143,0.033333333,0,0,0,0,0,0,0,0,0,0,2,2,0
147405,344,24979,3,5,3,2,0,0,0,1,0,25,0.033333333,0,0,0,0,0,0,0,0,0,0,4,5,0
147407,344,86829,3,24,6,7,2,1,0,8,1,63,0.033333333,0,0,0,0,0,0,0,0,0,0,12,24,0
147412,1,42723,1,1,1,0,0,0,0,0,0,6,0.033333333,0,0,0,0,0,0,0,0,0,0,1,1,0
147420,61,502584,1,61,20,6,2,2,1,27,3,143,0.1,0,0,0,0,0,0,0,0,0,0,8,10,42
147437,22,261579,5,6,3,1,0,1,0,1,1,5,0.033333333,0,0,0,0,0,0,0,0,0,0,6,6,0
147439,7,399092,1,7,4,2,0,1,0,1,0,101,0.033333333,0,0,0,0,0,0,0,0,0,0,4,7,0
147464,1,399092,1,1,1,0,0,0,0,0,0,101,0.033333333,0,0,0,0,0,0,0,0,0,0,1,1,0
147482,43,261579,1,43,5,17,0,12,0,10,9,5,0.1,0,0,0,0,0,0,0,0,0,0,8,19,0
147495,8,502584,1,8,4,2,0,1,0,1,1,143,0.033333333,0,0,0,0,0,0,0,0,0,0,5,8,0
147523,6,399092,1,6,3,2,0,1,0,1,0,101,0.033333333,0,0,0,0,0,0,0,0,0,0,4,6,0
147533,8,261579,1,8,2,2,0,1,0,2,1,5,0.033333333,0,0,0,0,0,0,0,0,0,0,5,8,0
147538,113,261579,1,113,8,37,7,31,28,27,0,5,0.133333333,0,0,0,0,0,0,0,0,0,0,25,16,60
147546,6,502584,1,6,2,2,0,1,0,1,1,143,0.033333333,0,0,0,0,0,0,0,0,0,0,5,6,0
147548,139,502584,3,101,10,20,0,16,2,35,13,143,0.1,0,0,0,0,0,0,0,0,0,0,25,27,17
147564,6,502584,1,6,2,2,0,1,0,1,1,143,0.033333333,0,0,0,0,0,0,0,0,0,0,5,6,0
147570,2,502584,1,2,2,0,0,0,0,0,0,143,0.033333333,0,0,0,0,0,0,0,0,0,0,2,2,0
147575,2,42723,2,1,1,0,0,0,0,0,0,6,0.033333333,0,0,0,0,0,0,0,0,0,0,1,1,0
147597,293,86829,3,1,1,0,0,0,0,0,0,63,0.033333333,0,0,0,0,0,0,0,0,0,0,1,1,0
147600,83,86829,2,76,13,23,2,15,15,11,5,63,0.033333333,0,0,0,0,0,0,0,0,0,0,16,76,0
147601,52,399092,1,52,17,7,0,4,21,4,0,101,0.033333333,0,0,0,0,0,0,0,0,0,0,10,52,0
147603,13,502584,2,12,4,5,0,2,0,2,1,143,0.066666667,0,0,0,0,0,0,0,0,0,0,8,4,8
147606,2,502584,1,2,2,0,0,0,0,0,0,143,0.033333333,0,0,0,0,0,0,0,0,0,0,2,2,0
147612,70,399092,1,70,23,23,0,14,8,12,1,101,0.166666667,0,0,0,0,0,0,0,0,0,0,14,24,0
147634,8,261579,1,8,4,1,0,1,0,1,1,5,0.033333333,0,0,0,0,0,0,0,0,0,0,6,8,0
147639,3,86829,3,1,1,0,0,0,0,0,0,63,0.033333333,0,0,0,0,0,0,0,0,0,0,1,1,0
147642,39,261579,2,2,2,0,0,0,0,0,0,5,0.033333333,0,0,0,0,0,0,0,0,0,0,2,2,0
147646,36,502584,1,36,7,4,0,3,2,13,3,143,0.033333333,0,0,0,0,0,0,0,0,0,0,12,36,0
147655,34,502584,5,1,1,0,0,0,0,0,0,143,0.033333333,0,0,0,0,0,0,0,0,0,0,1,1,0
147666,71,502584,5,17,3,8,0,3,0,7,3,143,0.066666667,0,0,0,0,0,0,0,0,0,0,9,1,16
147671,49,502584,1,49,6,17,0,9,0,17,5,143,0.066666667,0,0,0,0,0,0,0,0,0,0,12,35,14
147680,4,502584,2,3,3,0,0,0,0,0,0,143,0.033333333,0,0,0,0,0,0,0,0,0,0,2,3,0
147681,8,261579,1,8,3,3,0,1,0,3,0,5,0.033333333,0,0,0,0,0,0,0,0,0,0,6,8,0
147699,68,42723,1,68,18,12,0,12,3,18,12,6,0.066666667,0,0,0,0,0,0,0,0,0,0,19,56,12
147711,45,85168,1,45,6,14,2,5,0,22,4,139,0.066666667,0,0,0,9,0,0,0,0,0,0,12,36,0
147715,9,399092,1,9,1,6,0,1,0,2,1,101,0.033333333,0,0,0,0,0,0,0,0,0,0,6,9,0
147718,6,261579,1,6,2,2,0,1,0,1,1,5,0.033333333,0,0,0,0,0,0,0,0,0,0,5,6,0
147721,2,502584,2,1,1,0,0,0,0,0,0,143,0.033333333,0,0,0,0,0,0,0,0,0,0,1,1,0
147725,2,85168,2,1,1,0,0,0,0,0,0,139,0.033333333,0,0,0,0,0,0,0,0,0,0,1,1,0
147730,23,85168,4,1,1,0,0,0,0,0,0,139,0.033333333,0,0,0,0,0,0,0,0,0,0,1,1,0
147736,130,188602,4,44,10,14,0,9,1,10,7,96,0.066666667,0,0,0,0,0,0,0,0,0,0,12,14,0
147738,1,188602,1,1,1,0,0,0,0,0,0,96,0.033333333,0,0,0,0,0,0,0,0,0,0,1,1,0
147748,421,188602,10,1,1,0,0,0,0,0,0,96,0.033333333,0,0,0,0,0,0,0,0,0,0,1,1,0
147751,50,24979,2,49,6,22,0,12,1,15,8,25,0.133333333,0,0,0,0,0,0,0,0,0,0,16,33,0
147761,26,74042,1,26,4,12,0,6,0,7,4,27,0.066666667,0,0,0,0,0,0,0,0,0,0,9,6,0
147762,1,74042,1,1,1,0,0,0,0,0,0,27,0.033333333,0,0,0,0,0,0,0,0,0,0,1,1,0
147769,6,74042,1,6,5,0,0,0,0,0,0,27,0.033333333,0,0,0,0,0,0,0,0,0,0,5,6,0
147770,1,74042,1,1,1,0,0,0,0,0,0,27,0.033333333,0,0,0,0,0,0,0,0,0,0,1,1,0
147772,28,74042,1,28,1,9,0,8,3,10,5,27,0.033333333,0,0,0,0,0,0,0,0,0,0,13,28,0
147774,67,74042,1,67,14,23,0,15,6,12,9,27,0.2,0,5,0,0,0,0,0,0,0,0,22,28,0
147776,1,74042,1,1,1,0,0,0,0,0,0,27,0.033333333,0,0,0,0,0,0,0,0,0,0,1,1,0
147801,480,652701,3,46,5,12,8,8,2,0,0,3,0.066666667,0,0,0,0,0,0,0,0,0,0,12,26,0
147807,23,652701,2,22,4,11,3,2,0,0,0,3,0.066666667,0,0,0,0,0,0,0,0,0,0,10,15,0
147816,10,652701,1,10,2,3,0,1,0,0,0,3,0.033333333,0,0,0,0,0,0,0,0,0,0,6,10,0
147821,17,148039,1,17,3,8,0,1,0,11,0,18,0.066666667,0,0,0,0,0,0,0,0,0,0,6,9,8
147837,17,38356,2,1,1,0,0,0,0,0,0,65,0.033333333,0,0,0,0,0,0,0,0,0,1,1,1,0
147839,10,652701,1,10,7,2,0,1,0,0,0,3,0.066666667,0,0,0,0,0,0,0,0,0,0,6,2,8
147859,4,41550,1,4,4,0,0,0,0,0,0,21,0.033333333,0,0,0,0,0,0,0,0,0,0,3,4,0
147866,2,156596,1,2,2,0,0,0,0,0,0,224,0.033333333,0,0,0,0,2,0,0,0,0,0,1,2,0
147878,52,652701,2,45,10,10,2,7,1,0,0,3,0.066666667,5,0,0,0,0,0,0,0,0,0,15,40,0
147885,676,652701,10,31,5,7,0,5,0,0,0,3,0.033333333,0,0,0,0,0,0,0,0,0,0,13,31,0
147886,115,652701,2,87,16,28,1,16,8,2,0,3,0.133333333,0,0,0,0,0,7,0,0,0,0,17,4,0
147890,184,652701,1,184,39,33,17,23,3,0,0,3,0.166666667,13,0,0,0,0,0,0,0,0,0,14,68,95
147896,2748,221833,2,30,3,9,0,5,11,9,1,58,0.066666667,0,0,0,0,0,0,0,0,0,0,8,23,7
147907,334,652701,2,11,2,4,0,3,0,0,0,3,0.066666667,0,0,0,0,0,0,0,0,0,0,6,1,10
147916,31,652701,2,30,8,7,0,5,1,0,0,3,0.066666667,0,0,0,0,0,0,0,0,0,0,13,17,0
147926,105,41550,5,46,17,14,0,9,3,5,1,21,0.1,0,0,0,0,0,0,0,0,0,0,14,19,17
147933,167,652701,1,167,20,50,22,31,17,20,8,3,0.2,0,0,0,0,0,82,0,0,0,0,34,74,4
147937,1,652701,1,1,1,0,0,0,0,0,0,3,0.033333333,0,0,0,0,0,0,0,0,0,0,1,1,0
147940,166,148039,3,1,1,0,0,0,0,0,0,18,0.033333333,0,0,0,0,0,0,0,0,0,0,1,1,0
147946,3,652701,1,3,3,0,0,0,0,0,0,3,0.033333333,0,0,0,0,0,0,0,0,0,0,2,3,0
147947,2,221833,1,2,2,0,0,0,0,0,0,58,0.033333333,0,0,0,0,0,0,0,0,0,0,2,2,0
147951,56,652701,4,23,3,11,0,7,0,0,0,3,0.1,0,0,0,0,0,0,0,0,0,0,7,10,0
147966,230,652701,7,1,1,0,0,0,0,0,0,3,0.033333333,0,0,0,0,0,0,0,0,0,0,1,1,0
147983,52,652701,1,52,6,12,0,7,23,0,0,3,0.066666667,0,44,0,0,0,0,0,0,0,0,13,8,0
147986,34,652701,1,34,2,8,4,7,0,0,0,3,0.033333333,0,0,0,0,0,0,0,0,0,0,12,34,0
148000,15,652701,1,15,8,2,0,1,2,0,0,3,0.033333333,0,0,0,0,0,0,0,0,0,0,9,15,0
148013,61,652701,1,61,10,15,3,11,0,0,0,3,0.066666667,0,0,0,0,0,0,0,0,0,0,12,20,0
148029,36,41550,3,15,5,4,0,3,1,3,1,21,0.033333333,0,0,0,0,0,0,0,0,0,0,8,15,0
148061,55,41550,2,49,6,17,0,10,2,17,1,21,0.1,0,0,0,0,0,0,0,7,0,17,12,25,0
148064,10,652701,1,10,2,3,3,1,0,0,0,3,0.033333333,0,0,0,0,0,0,0,0,0,0,6,10,0
148088,22,652701,1,22,4,7,0,4,0,0,0,3,0.066666667,0,0,0,0,0,0,0,0,0,0,10,11,0
148095,39,148039,5,5,2,3,0,0,0,2,0,18,0.033333333,0,0,0,0,0,0,0,0,0,0,5,5,0
148099,5,652701,1,5,4,0,0,0,1,0,0,3,0.033333333,0,0,0,0,0,0,0,0,0,0,3,5,0
148101,178,148039,3,64,3,10,30,7,0,16,1,18,0.066666667,0,0,0,0,0,0,0,0,0,0,16,13,0
148119,91,652701,1,91,21,23,12,14,0,0,0,3,0.166666667,0,0,0,0,0,0,0,0,0,0,16,64,0
148122,54,652701,1,54,11,10,3,8,3,0,0,3,0.033333333,0,0,0,0,0,0,0,0,0,0,13,54,0
148131,85,221833,3,60,6,24,0,11,2,29,7,58,0.066666667,0,0,0,0,0,0,0,0,0,0,20,60,0
148135,1,652701,1,1,1,0,0,0,0,0,0,3,0.033333333,0,0,0,0,0,0,0,0,0,0,1,1,0
148141,105,652701,1,105,10,27,23,7,2,0,0,3,0.166666667,0,0,0,0,0,0,0,0,0,0,11,66,0
148154,646,652701,2,156,18,43,14,29,18,8,5,3,0.2,42,0,0,0,0,42,0,0,0,0,28,51,0
148157,58,652701,1,58,5,9,33,6,0,0,0,3,0.066666667,0,0,0,0,0,0,0,0,0,0,7,48,0
148168,260,652701,3,51,6,17,2,9,0,5,3,3,0.133333333,1,0,0,17,0,0,0,0,0,0,21,34,1
148172,20,652701,1,20,10,2,2,2,0,0,0,3,0.033333333,0,0,0,0,0,0,0,0,0,0,10,20,0
148180,29,156596,1,29,9,5,1,4,2,8,3,224,0.033333333,0,0,0,0,0,29,0,0,0,0,15,29,0
148185,46,148039,5,1,1,0,0,0,0,0,0,18,0.033333333,0,0,0,0,0,0,0,0,0,0,1,1,0
148210,83,148039,6,2,2,0,0,0,0,0,0,18,0.066666667,0,0,0,0,0,0,0,0,0,0,1,1,0
148221,11,652701,1,11,2,3,0,2,0,0,0,3,0.033333333,0,0,0,0,0,0,0,0,0,0,6,11,0
148222,162,221833,4,4,4,0,0,0,0,0,0,58,0.033333333,0,0,0,0,0,0,0,0,0,0,4,4,0
148240,11,652701,1,11,6,2,0,0,0,0,0,3,0.033333333,0,0,0,0,0,0,0,0,0,0,6,11,0
148242,85,652701,1,85,4,7,53,5,0,0,0,3,0.066666667,0,0,0,0,0,0,0,0,0,0,9,45,0
148259,65,652701,1,65,9,11,8,8,5,0,0,3,0.133333333,0,0,0,0,0,0,0,0,0,0,15,27,23
148264,2,221833,1,2,2,0,0,0,0,0,0,58,0.033333333,0,0,0,0,0,0,0,0,0,0,2,2,0
148274,2,652701,1,2,2,0,0,0,0,0,0,3,0.033333333,0,0,0,0,0,0,0,0,0,0,2,2,0
148277,2,652701,1,2,2,0,0,0,0,0,0,3,0.033333333,0,0,0,0,0,0,0,0,0,0,2,2,0
148291,6,652701,3,1,1,0,0,0,0,0,0,3,0.033333333,0,0,0,0,0,0,0,0,0,0,1,1,0
148293,358,21216,2,5,2,3,0,0,0,2,0,19,0.033333333,0,0,0,0,0,0,0,0,0,0,5,5,0
148311,129,21216,13,2,2,0,0,0,0,0,0,19,0.066666667,0,0,0,0,0,0,0,0,0,0,1,1,1
148315,64,148500,2,26,4,7,0,6,0,8,7,29,0.033333333,0,0,0,0,0,0,26,0,0,0,15,26,0
148319,2,21216,1,2,2,0,0,0,0,0,0,19,0.033333333,0,0,0,0,0,0,0,0,0,0,1,2,0
148325,1,21216,1,1,1,0,0,0,0,0,0,19,0.033333333,0,0,0,0,0,0,0,0,0,0,1,1,0
148328,40,21216,1,40,9,22,0,1,0,20,3,19,0.033333333,0,0,0,0,0,0,0,0,0,0,15,40,0
148332,2,21216,1,2,2,0,0,0,0,0,0,19,0.033333333,0,0,0,0,0,0,0,0,0,0,2,2,0
148336,1,148500,1,1,1,0,0,0,0,0,0,29,0.033333333,0,0,0,0,0,0,1,0,0,0,1,1,0
148361,46,74042,2,7,3,2,0,1,0,1,1,27,0.033333333,0,0,0,0,0,0,0,0,0,0,5,7,0
148370,27,74042,3,9,4,2,0,1,0,2,1,27,0.033333333,0,0,0,0,0,0,0,0,0,0,8,9,0
148373,16,74042,2,11,2,4,0,2,0,3,3,27,0.033333333,0,0,0,0,0,0,0,0,0,0,9,11,0
148394,1,21216,1,1,1,0,0,0,0,0,0,19,0.033333333,0,0,0,0,0,0,0,0,0,0,1,1,0
148395,11,21216,1,11,7,2,0,1,0,1,1,19,0.033333333,0,0,0,0,0,0,0,0,0,0,7,11,0
148397,35,21216,3,1,1,0,0,0,0,0,0,19,0.033333333,0,0,0,0,0,0,0,0,0,0,1,1,0
148400,2,21216,1,2,2,0,0,0,0,0,0,19,0.033333333,0,0,0,0,0,0,0,0,0,0,2,2,0
148406,1,21216,1,1,1,0,0,0,0,0,0,19,0.033333333,0,0,0,0,0,0,0,0,0,0,1,1,0
148410,1,21216,1,1,1,0,0,0,0,0,0,19,0.033333333,0,0,0,0,0,0,0,0,0,0,1,1,0
148426,19,21216,1,19,5,8,0,1,1,4,2,19,0.033333333,0,0,0,0,0,0,0,0,0,0,8,19,0
148428,9,21216,4,1,1,0,0,0,0,0,0,19,0.033333333,0,0,0,0,0,0,0,0,0,0,1,1,0
148429,87,21216,4,6,2,2,0,1,0,1,1,19,0.033333333,0,0,0,0,0,0,0,0,0,0,5,6,0
148453,62,457932,1,62,8,20,4,14,4,11,6,21,0.1,0,17,0,0,0,0,0,0,0,0,17,17,22
148454,51,85168,1,51,5,8,22,7,0,6,5,139,0.066666667,0,0,0,0,0,0,0,0,0,0,21,44,0
148464,4,502584,2,2,2,0,0,0,0,0,0,143,0.033333333,0,0,0,0,0,0,0,0,2,0,2,2,0
148468,32,399092,1,32,16,5,0,4,0,4,3,101,0.166666667,0,0,0,0,0,0,0,21,2,0,12,25,6
148482,15,127749,1,15,2,5,0,4,0,4,4,102,0.033333333,0,15,0,0,0,0,0,0,0,0,11,15,0
148494,136,502584,4,2,2,0,0,0,0,0,0,143,0.066666667,0,0,0,1,0,0,0,0,1,0,2,1,0
148497,136,42723,4,7,2,3,0,1,0,2,1,6,0.066666667,0,0,0,0,0,0,0,0,0,0,6,1,0
148499,128,188602,2,2,2,0,0,0,0,0,0,96,0.066666667,0,0,0,0,0,0,0,0,0,0,1,1,1
148507,23,110497,2,1,1,0,0,0,0,0,0,24,0.033333333,0,0,0,0,0,0,0,0,0,0,1,1,0
148513,4,399092,1,4,4,0,0,0,0,0,0,101,0.066666667,0,0,0,0,0,0,0,2,2,0,1,2,2
148538,13,110497,1,13,3,5,0,3,0,2,2,24,0.033333333,0,0,0,0,0,0,0,0,0,0,8,13,0
148539,5,457932,1,5,5,0,0,0,0,0,0,21,0.033333333,0,0,0,0,0,0,0,0,0,0,3,5,0
148549,5,250865,1,5,2,1,0,1,0,1,1,34,0.033333333,0,5,0,0,0,0,0,0,0,0,5,5,0
148559,5,878119,1,5,1,2,0,1,0,2,0,20,0.033333333,0,0,0,0,0,0,0,0,0,0,3,5,0
148568,11,878119,1,11,1,5,0,4,0,4,1,20,0.033333333,0,0,0,0,0,0,0,0,0,0,7,11,0
148569,2,399092,1,2,2,0,0,0,0,0,0,101,0.033333333,0,0,0,0,0,0,0,2,0,0,2,2,0
148572,23,140022,6,3,3,0,0,0,0,0,0,232,0.033333333,0,3,0,0,0,0,0,0,0,0,1,3,0
148578,73,334927,3,27,6,8,0,6,2,5,5,7,0.1,0,0,0,0,0,0,0,0,0,0,12,12,2
148585,34,502584,1,34,5,7,0,4,1,13,3,143,0.1,0,0,0,1,21,0,0,0,12,0,8,1,21
148615,682,334927,6,40,5,18,3,13,0,11,0,7,0.1,0,0,0,0,0,0,0,0,0,0,12,25,0
148616,6,878119,1,6,3,2,0,1,0,1,0,20,0.033333333,0,0,0,0,0,0,0,0,0,0,4,6,0
148617,260,878119,3,42,6,27,2,5,0,19,1,20,0.133333333,15,0,0,0,5,0,0,0,0,0,18,27,15
148618,117,878119,2,22,6,12,0,1,2,6,0,20,0.066666667,0,0,0,0,0,0,0,0,0,0,11,10,0
148624,122,399092,1,122,12,50,12,18,0,47,5,101,0.166666667,0,0,0,0,0,0,0,69,38,9,18,39,14
148626,290,188602,1,290,3,50,120,43,0,75,26,96,0.066666667,0,0,0,0,0,0,0,0,0,0,87,16,274
148645,361,878119,3,13,6,5,0,0,1,2,0,20,0.066666667,0,0,0,0,0,0,0,0,0,0,9,9,0
148655,148,334927,3,145,15,60,6,45,0,38,17,7,0.266666667,0,0,0,0,0,0,4,0,0,0,25,27,0
148656,158,502584,3,76,4,47,0,15,0,36,10,143,0.1,0,0,40,0,0,0,0,0,35,0,18,41,0
148658,25,457932,2,13,2,5,3,1,0,4,1,21,0.033333333,0,0,0,0,0,0,0,0,0,0,9,13,0
148669,55,399092,3,47,3,6,15,4,3,10,2,101,0.033333333,0,0,0,0,0,0,0,47,0,0,10,47,0
148683,40,127749,4,1,1,0,0,0,0,0,0,102,0.033333333,0,1,0,0,0,0,0,0,0,0,1,1,0
148702,1351,188602,3,496,7,61,354,1,4,95,3,96,0.133333333,0,0,372,33,0,0,0,0,0,0,99,91,372
148703,33,34988,2,4,1,2,0,1,0,1,0,108,0.033333333,0,0,0,0,0,0,0,0,0,0,3,4,0
148707,3,110497,2,2,2,0,0,0,0,0,0,24,0.033333333,0,0,0,0,0,0,0,0,0,0,2,2,0
148711,44,457932,4,32,6,10,0,9,0,9,7,21,0.033333333,0,0,0,0,0,0,0,0,0,0,17,32,0
148713,9,334927,1,9,3,4,0,1,0,2,1,7,0.033333333,0,0,0,0,0,0,0,0,0,0,8,9,0
148743,290,878119,3,215,20,81,5,68,4,56,35,20,0.4,3,0,0,0,0,0,0,0,0,0,36,155,8
148757,286,43183,2,223,9,34,43,22,13,70,33,24,0.1,0,0,0,113,0,0,0,0,0,0,68,68,0
148762,128,250865,3,9,2,2,0,1,0,3,1,34,0.033333333,0,9,0,0,0,0,0,0,0,0,5,9,0
148766,3,399092,1,3,3,0,0,0,0,0,0,101,0.066666667,0,0,0,0,0,0,0,2,0,0,2,1,0
148771,411,34988,7,1,1,0,0,0,0,0,0,108,0.033333333,0,0,0,0,0,0,0,0,0,0,1,1,0
148789,6,250865,1,6,1,2,0,1,0,3,0,34,0.033333333,0,6,0,0,0,0,0,0,0,0,3,6,0
148796,38,399092,3,36,12,12,0,9,0,9,1,101,0.066666667,0,0,0,0,0,0,0,35,0,0,11,36,0
148803,5,334927,1,5,2,2,0,1,0,1,0,7,0.033333333,0,0,0,0,0,0,0,0,0,0,4,5,0
148804,4,878119,1,4,1,2,0,1,0,1,0,20,0.033333333,0,0,0,0,0,0,0,0,0,0,3,4,0
148817,173,260769,5,22,3,10,0,6,0,3,3,0,0.033333333,0,22,0,0,0,0,0,0,0,0,9,22,0
148820,2,878119,1,2,2,0,0,0,0,0,0,20,0.033333333,0,0,0,0,0,0,0,0,0,0,1,2,0
148821,94,878119,2,7,2,3,0,2,0,2,0,20,0.033333333,0,0,0,0,0,0,0,0,0,0,5,7,0
148824,96,334927,1,96,11,38,6,23,2,28,14,7,0.1,0,0,20,0,0,0,0,0,0,0,29,69,0
148830,15,346877,2,13,5,6,0,1,1,3,0,9,0.066666667,0,0,0,0,0,0,0,0,0,0,6,13,0
148836,173,110497,5,2,2,0,0,0,0,0,0,24,0.066666667,0,0,0,0,0,0,0,0,0,0,1,1,1
148837,173,247683,5,43,5,16,0,13,0,11,9,23,0.1,0,0,9,0,9,0,0,0,0,0,17,25,9
148847,42,334927,2,27,6,17,3,0,0,12,0,7,0.066666667,0,0,0,0,0,0,0,0,0,0,14,16,11
148855,145,346877,3,57,5,16,18,8,0,13,0,9,0.066666667,0,0,0,0,0,0,0,0,0,0,14,36,0
148860,253,86829,4,250,16,91,78,3,22,73,3,63,0.166666667,0,9,4,49,145,0,0,0,0,0,43,9,0
148874,19,140022,2,2,2,0,0,0,0,0,0,232,0.033333333,0,2,0,0,0,0,0,0,0,0,2,2,0
148880,25,457932,1,25,4,6,4,5,1,5,4,21,0.033333333,0,0,0,0,0,0,0,0,0,0,11,25,0
148882,41,457932,1,41,6,10,6,8,1,10,3,21,0.033333333,0,0,0,0,0,0,0,0,0,0,14,41,0
148892,448,457932,1,448,26,107,75,97,49,94,66,21,0.2,162,0,113,0,0,0,0,0,0,54,100,243,33
148896,10,457932,2,8,2,4,0,2,0,1,0,21,0.033333333,0,0,0,0,0,0,0,0,0,0,5,8,0
148904,146,346877,1,146,7,41,39,24,0,56,11,9,0.1,0,0,11,0,0,0,0,0,0,0,44,90,0
148905,122,188602,5,56,6,34,0,11,0,17,5,96,0.1,0,0,0,0,0,0,0,0,0,0,13,12,19
148946,218,878119,3,10,2,5,0,3,0,4,0,20,0.066666667,0,0,0,0,0,0,0,0,0,0,5,9,1
148950,24,457932,1,24,10,7,2,1,2,4,1,21,0.033333333,0,0,0,0,0,0,0,0,0,0,13,24,0
148962,315,188602,2,168,14,61,0,48,0,47,37,96,0.233333333,0,36,0,0,0,0,0,19,0,0,53,25,0
148980,2,334927,1,2,2,0,0,0,0,0,0,7,0.033333333,0,0,0,0,0,0,0,0,0,0,1,2,0
148991,144,188602,3,27,7,7,0,5,4,4,3,96,0.066666667,0,0,9,0,0,0,0,0,0,0,12,18,9
149007,2,878119,1,2,2,0,0,0,0,0,0,20,0.033333333,0,0,0,0,0,0,0,0,0,0,2,2,0
149009,11,878119,1,11,3,6,0,1,0,3,1,20,0.033333333,0,0,0,0,0,0,0,0,0,0,7,11,0
149017,255,250865,3,1,1,0,0,0,0,0,0,34,0.033333333,0,1,0,0,0,0,0,0,0,0,1,1,0
149028,129,457932,1,129,9,39,47,32,1,30,0,21,0.1,0,0,0,38,0,0,0,0,0,0,43,53,0
149031,59,42723,2,57,6,17,7,13,0,14,10,6,0.066666667,43,0,0,0,0,0,0,0,0,0,28,43,0
149071,17,188602,5,1,1,0,0,0,0,0,0,96,0.033333333,0,0,0,0,0,0,0,0,0,0,1,1,0
149074,47,457932,1,47,10,13,3,10,0,11,7,21,0.033333333,0,0,0,0,0,0,0,0,0,0,12,47,0
149082,5,334927,1,5,3,2,0,0,0,1,0,7,0.033333333,0,0,0,0,0,0,0,0,0,0,5,5,0
149086,13,247683,2,3,3,0,0,0,0,0,0,23,0.033333333,0,0,0,0,0,0,0,0,0,0,2,3,0
149090,127,502584,1,127,3,26,24,19,2,51,10,143,0.1,0,0,0,0,0,0,0,22,24,0,29,103,24
149098,550,188602,6,36,3,12,0,11,0,11,10,96,0.066666667,0,0,0,0,0,0,0,0,0,0,20,2,34
149113,50,250865,2,31,3,9,5,7,0,8,3,34,0.066666667,0,8,0,0,0,0,0,0,0,0,8,23,0
149115,154,247683,3,15,3,6,0,4,0,3,2,23,0.033333333,0,0,0,0,0,0,0,0,0,0,8,15,0
149119,98,43183,4,32,6,7,0,2,1,13,1,24,0.066666667,0,0,0,0,0,0,6,0,0,0,11,32,0
149120,597,502584,10,23,7,10,0,3,0,5,3,143,0.133333333,0,0,0,0,0,0,0,0,9,7,13,6,9
149121,525,247683,2,1,1,0,0,0,0,0,0,23,0.033333333,0,0,0,0,0,0,0,0,0,0,1,1,0
149126,210,27035,14,7,1,3,0,2,0,1,1,60,0.033333333,0,0,0,0,0,0,0,0,0,0,5,7,0
149132,24,27035,6,9,2,3,0,2,0,2,2,60,0.066666667,0,0,0,0,0,8,0,0,0,0,5,1,0
149141,436,34988,4,10,3,4,0,2,0,1,1,108,0.033333333,0,0,0,0,0,0,0,0,0,0,6,10,0
149145,129,457932,2,42,5,16,3,11,0,9,6,21,0.033333333,0,0,0,0,0,0,0,0,0,0,17,42,0
149157,92,878119,3,4,1,2,0,1,0,1,0,20,0.033333333,0,0,0,0,0,0,0,0,0,0,3,4,0
149159,1138,27035,6,1,1,0,0,0,0,0,0,60,0.033333333,0,0,0,0,0,0,0,0,0,0,1,1,0
149174,311,27035,4,37,11,5,2,3,8,11,2,60,0.1,0,0,5,0,0,0,0,0,0,0,11,20,12
149187,343,399092,1,343,18,65,84,3,5,150,3,101,0.133333333,0,0,44,116,31,0,0,152,0,0,52,44,116
149192,187,27035,3,1,1,0,0,0,0,0,0,60,0.033333333,0,0,0,0,0,0,0,0,0,0,1,1,0
149202,36,250865,1,36,6,4,0,3,21,3,1,34,0.1,0,1,0,0,0,0,0,0,0,0,9,34,0
149207,49,334927,1,49,6,24,0,11,0,17,8,7,0.066666667,0,0,0,0,0,0,0,0,0,0,15,19,0
149214,303,334927,3,12,4,6,0,1,0,2,1,7,0.066666667,0,0,0,0,0,0,0,0,0,0,7,6,6
149228,210,140022,14,2,2,0,0,0,0,0,0,232,0.066666667,0,1,0,0,0,0,0,0,0,0,1,1,0
149256,327,334927,3,85,26,33,8,2,8,27,1,7,0.1,0,0,0,0,0,0,0,0,0,0,21,68,8
149263,172,260769,2,11,3,5,0,3,0,2,0,0,0.033333333,0,11,0,0,0,0,0,0,0,0,7,11,0
149267,327,260769,3,140,18,39,65,3,0,32,1,0,0.1,30,17,0,0,0,0,0,0,0,0,31,30,17
149270,45,334927,1,45,9,14,0,11,1,9,9,7,0.133333333,0,0,0,0,0,0,0,0,0,0,15,6,7
149278,129,346877,4,66,8,24,0,17,6,12,11,9,0.1,0,0,41,10,0,0,0,0,0,0,14,15,41
149290,59,260769,1,59,13,28,1,10,2,19,4,0,0.133333333,0,23,0,0,0,0,0,12,0,0,14,13,0
149291,68,502584,2,44,10,13,0,9,7,8,2,143,0.066666667,0,0,0,37,0,0,0,0,7,0,10,37,0
149295,50,250865,1,50,13,18,0,9,1,11,1,34,0.1,0,30,0,0,0,0,6,14,0,0,12,30,6
149300,18,457932,1,18,4,4,3,2,0,5,1,21,0.033333333,0,0,0,0,0,0,0,0,0,0,9,18,0
149302,4,878119,1,4,3,0,0,0,1,0,0,20,0.033333333,0,0,0,0,0,0,0,0,0,0,3,4,0
149324,1395,457932,12,12,1,3,5,2,0,2,1,21,0.033333333,0,0,0,0,0,0,0,0,0,0,6,12,0
149325,106,34988,3,10,1,5,0,3,0,4,1,108,0.033333333,0,0,0,0,0,0,0,0,0,0,5,10,0
149332,370,346877,3,223,23,112,12,45,5,65,16,9,0.233333333,0,0,85,4,0,31,0,5,0,7,41,85,11
149342,872,110497,13,1,1,0,0,0,0,0,0,24,0.033333333,0,0,0,0,0,0,0,0,0,0,1,1,0
149351,29,878119,2,9,2,5,0,1,0,5,0,20,0.066666667,0,0,0,0,0,0,0,0,0,0,6,8,0
149356,149,334927,1,149,23,68,14,24,7,33,11,7,0.2,0,46,0,0,0,0,20,0,0,0,33,15,0
149359,1991,86829,4,1,1,0,0,0,0,0,0,63,0.033333333,0,0,0,0,0,0,0,0,0,0,1,1,0
149369,1395,85576,12,14,2,3,4,2,0,3,2,54,0.033333333,0,0,0,0,0,0,0,0,0,0,8,14,0
149370,20,457932,1,20,7,4,3,2,0,6,0,21,0.033333333,0,0,0,0,0,0,0,0,0,0,8,20,0
149375,4,85168,2,1,1,0,0,0,0,0,0,139,0.033333333,0,0,0,0,0,0,0,0,0,0,1,1,0
149381,572,502584,10,19,3,5,4,1,0,8,1,143,0.066666667,0,0,0,0,0,0,0,0,17,0,6,2,0
149387,227,34988,6,2,2,0,0,0,0,0,0,108,0.033333333,0,0,0,0,0,0,0,0,0,0,2,2,0
149395,2,21560,1,2,1,1,0,0,0,0,0,9,0.033333333,0,0,0,0,0,0,0,0,0,0,2,2,0
149403,694,346877,4,40,6,15,2,11,0,8,6,9,0.1,0,0,7,1,0,0,0,0,0,0,16,32,7
149406,42,457932,4,2,2,0,0,0,0,0,0,21,0.033333333,0,0,0,0,0,0,0,0,0,0,2,2,0
149407,21,334927,2,9,2,3,0,2,0,2,2,7,0.033333333,0,0,0,0,0,0,0,0,0,0,7,9,0
149408,694,334927,4,51,4,16,7,13,0,11,9,7,0.1,0,0,0,0,0,0,0,0,0,0,25,31,7
149415,42,346877,4,32,2,7,13,1,1,12,0,9,0.033333333,0,0,0,0,0,0,0,0,0,0,11,32,0
149419,234,878119,3,4,1,2,0,1,0,1,0,20,0.033333333,0,0,0,0,0,0,0,0,0,0,3,4,0
149441,23,457932,2,22,3,11,4,1,0,8,2,21,0.066666667,0,0,0,0,0,0,0,0,0,0,11,15,0
149442,622,86829,10,1,1,0,0,0,0,0,0,63,0.033333333,0,0,0,0,0,0,0,0,0,0,1,1,0
149451,1,85168,1,1,1,0,0,0,0,0,0,139,0.033333333,0,0,0,0,0,0,0,0,0,0,1,1,0
149466,138,334927,2,8,1,3,0,2,0,2,2,7,0.033333333,0,0,0,0,0,0,0,0,0,0,6,8,0
149478,2,43183,2,1,1,0,0,0,0,0,0,24,0.033333333,0,0,0,0,0,0,0,0,0,0,1,1,0
149483,60,457932,3,23,4,9,1,6,0,4,3,21,0.1,0,0,0,0,0,0,0,0,0,0,12,11,0
149485,48,188602,2,45,7,8,20,0,1,10,0,96,0.066666667,0,0,44,0,0,0,0,0,0,0,17,1,44
149496,10,346877,5,1,1,0,0,0,0,0,0,9,0.033333333,0,0,0,0,0,0,0,0,0,0,1,1,0
149520,36,502584,2,1,1,0,0,0,0,0,0,143,0.033333333,0,0,0,0,0,0,0,0,1,0,1,1,0
149525,80,346877,2,45,9,4,16,4,0,11,2,9,0.1,0,0,0,0,0,0,0,0,0,0,14,7,0
149533,8,878119,1,8,2,3,0,2,0,2,1,20,0.033333333,0,0,0,0,0,0,0,0,0,0,6,8,0
149548,8,399092,1,8,4,2,0,1,0,2,0,101,0.033333333,0,0,0,0,0,0,0,8,0,0,4,8,0
149579,9,334927,1,9,1,4,0,2,0,3,2,7,0.033333333,0,0,0,0,0,0,0,0,0,0,7,9,0
149590,412,43183,13,2,2,0,0,0,0,0,0,24,0.033333333,0,0,0,0,0,0,0,0,0,0,1,2,0
149614,120,21560,2,1,1,0,0,0,0,0,0,9,0.033333333,0,0,0,0,0,0,0,0,0,0,1,1,0
149625,239,399092,5,69,3,19,4,16,11,20,5,101,0.1,0,0,35,0,0,0,0,27,7,0,19,35,0
149643,8,334927,1,8,8,0,0,0,0,0,0,7,0.066666667,0,0,0,0,0,0,0,0,0,0,2,7,0
149649,11,110497,1,11,2,5,0,1,0,5,1,24,0.033333333,0,0,0,0,0,0,0,0,0,0,7,11,0
149650,9,247683,1,9,2,3,0,2,0,2,2,23,0.033333333,0,0,0,0,0,0,0,0,0,0,5,9,0
149652,11,399092,1,11,9,0,0,0,2,0,0,101,0.033333333,0,0,0,0,0,0,0,11,0,0,4,11,0
149664,31,21560,3,7,3,2,0,1,0,1,1,9,0.066666667,0,0,0,0,0,0,0,0,0,0,4,1,6
149665,115,127749,1,115,18,12,51,12,3,14,11,102,0.066666667,0,8,0,0,0,0,0,0,0,0,43,107,0
149678,53,502584,1,53,6,27,7,1,1,21,0,143,0.033333333,0,0,0,0,0,0,0,0,53,0,14,53,0
149687,327,502584,3,6,2,2,0,1,0,1,1,143,0.033333333,0,0,0,0,0,0,0,0,6,0,5,6,0
149696,134,34988,3,1,1,0,0,0,0,0,0,108,0.033333333,0,0,0,0,0,0,0,0,0,0,1,1,0
149720,15,878119,1,15,8,4,0,2,0,3,1,20,0.033333333,0,0,0,0,0,0,0,0,0,0,8,15,0
149722,1,46603,1,1,1,0,0,0,0,0,0,5,0.033333333,1,0,0,0,0,0,0,0,0,0,1,1,0
149726,34,878119,1,34,8,20,0,1,1,15,1,20,0.1,0,0,0,0,0,0,0,0,0,0,15,25,7
149737,39,502584,3,17,2,4,0,3,7,3,0,143,0.033333333,0,0,0,0,0,0,0,0,17,0,6,17,0
149747,6,188602,1,6,3,2,0,0,1,1,0,96,0.033333333,0,0,0,0,0,0,0,0,0,0,5,6,0
149756,33,127749,1,33,6,13,0,8,0,7,6,102,0.033333333,0,33,0,0,0,0,0,0,0,0,18,33,0
149762,984,457932,5,170,16,78,41,10,8,56,6,21,0.333333333,0,0,0,0,0,56,0,3,0,33,65,52,13
149764,647,85576,4,227,23,68,27,47,28,45,20,54,0.3,39,1,1,0,0,0,0,30,0,0,32,73,73
149765,432,85576,4,1,1,0,0,0,0,0,0,54,0.033333333,0,0,0,0,0,0,0,0,0,0,1,1,0
149768,432,140022,4,2,2,0,0,0,0,0,0,232,0.033333333,0,2,0,0,0,0,0,0,0,0,1,2,0
149774,7,334927,1,7,2,3,0,1,0,2,1,7,0.033333333,0,0,0,0,0,0,0,0,0,0,6,7,0
149782,32,24979,2,1,1,0,0,0,0,0,0,25,0.033333333,0,0,0,0,0,0,0,0,1,0,1,1,0
149784,78,399092,1,78,4,31,0,14,0,41,5,101,0.066666667,0,0,0,0,0,0,0,73,0,0,18,5,0
149799,18,878119,1,18,2,7,0,6,0,6,3,20,0.033333333,0,0,0,0,0,0,0,0,0,0,11,18,0
149800,142,878119,1,142,26,57,20,15,7,40,11,20,0.266666667,0,0,4,2,0,0,16,0,0,0,35,58,4
149807,58,42723,3,54,8,26,5,4,0,18,3,6,0.166666667,0,0,3,0,0,0,0,14,0,0,18,9,17
149810,227,21560,4,1,1,0,0,0,0,0,0,9,0.033333333,0,0,0,0,0,0,0,0,0,0,1,1,0
149817,17,334927,1,17,3,7,0,4,0,4,3,7,0.1,0,0,0,0,0,0,0,0,0,0,8,9,7
149819,14,188602,4,1,1,0,0,0,0,0,0,96,0.033333333,0,0,0,0,0,0,0,0,0,0,1,1,0
149820,21,127749,1,21,8,6,0,4,0,5,3,102,0.066666667,0,7,0,0,0,0,0,0,0,0,10,14,0
149829,16,457932,2,15,5,4,0,2,2,3,1,21,0.033333333,0,0,0,0,0,0,0,0,0,0,10,15,0
149840,2,878119,1,2,2,0,0,0,0,0,0,20,0.033333333,0,0,0,0,0,0,0,0,0,0,2,2,0
149844,311,43183,3,27,3,7,5,3,0,8,2,24,0.066666667,0,0,0,0,0,0,0,0,0,0,10,6,0
149850,1124,34988,6,19,4,10,0,1,0,11,2,108,0.066666667,0,0,0,0,0,0,0,0,0,0,11,2,0
149852,6,21560,1,6,2,2,0,1,0,1,1,9,0.033333333,0,0,0,0,0,0,0,0,0,0,5,6,0
149862,7,43183,2,1,1,0,0,0,0,0,0,24,0.033333333,0,0,0,0,0,0,0,0,0,0,1,1,0
149870,134,85168,4,1,1,0,0,0,0,0,0,139,0.033333333,0,0,0,0,0,0,0,0,0,0,1,1,0
149880,154,34988,3,1,1,0,0,0,0,0,0,108,0.033333333,0,0,0,0,0,0,0,0,0,0,1,1,0
149890,93,110497,3,10,2,5,0,2,0,4,1,24,0.033333333,0,0,0,0,0,0,0,0,0,0,6,10,0
149893,8,85168,2,2,2,0,0,0,0,0,0,139,0.033333333,0,0,0,0,0,0,0,0,0,0,1,2,0
149896,1,140022,1,1,1,0,0,0,0,0,0,232,0.033333333,0,1,0,0,0,0,0,0,0,0,1,1,0
149905,27,878119,1,27,8,12,3,1,0,10,0,20,0.033333333,0,0,0,0,0,0,0,0,0,0,14,27,0
149907,105,457932,5,48,16,13,2,9,3,6,4,21,0.1,0,0,0,0,0,0,0,0,0,0,16,41,0
149909,162,502584,5,115,6,28,49,7,0,40,5,143,0.066666667,0,0,0,0,0,0,0,107,8,0,40,107,8
149913,98,878119,2,64,10,39,3,6,0,24,6,20,0.233333333,0,0,0,0,0,0,0,0,0,0,21,11,11
149916,1,110497,1,1,1,0,0,0,0,0,0,24,0.033333333,0,0,0,0,0,0,0,0,0,0,1,1,0
149919,17,27035,4,4,4,0,0,0,0,0,0,60,0.066666667,0,0,0,0,0,0,0,0,0,0,2,2,0
149930,34,878119,2,13,5,8,0,0,0,5,0,20,0.033333333,0,0,0,0,0,0,0,0,0,0,8,13,0
149976,48,85168,5,1,1,0,0,0,0,0,0,139,0.033333333,0,0,0,0,0,0,0,0,0,0,1,1,0
149983,279,878119,2,173,10,74,47,12,0,82,4,20,0.266666667,69,0,41,2,0,0,0,0,0,0,56,76,6
149984,6,346877,1,6,2,2,0,1,0,1,1,9,0.033333333,0,0,0,0,0,0,0,0,0,0,5,6,0
149987,3,110497,1,3,3,0,0,0,0,0,0,24,0.033333333,0,0,0,0,0,0,0,0,0,0,2,3,0
150006,3,188602,3,1,1,0,0,0,0,0,0,96,0.033333333,0,0,0,0,0,0,0,0,0,0,1,1,0
150011,1084,86829,5,39,2,7,20,6,0,8,0,63,0.066666667,0,0,27,0,0,0,0,0,0,0,14,12,27
150017,137,878119,4,24,4,12,0,7,0,9,1,20,0.066666667,0,0,0,0,0,0,0,0,0,0,10,19,0
150023,11,878119,1,11,2,4,0,3,0,4,1,20,0.033333333,0,0,0,0,0,0,0,0,0,0,6,11,0
150024,964,260769,4,1,1,0,0,0,0,0,0,0,0.033333333,0,1,0,0,0,0,0,0,0,0,1,1,0
150045,18,334927,1,18,6,3,0,2,3,2,2,7,0.033333333,0,0,0,0,0,0,0,0,0,0,10,18,0
150052,197,110497,5,86,14,24,0,17,8,20,13,24,0.1,0,0,32,34,0,0,0,0,0,0,25,20,32
150055,8,878119,1,8,2,4,0,2,0,3,0,20,0.033333333,0,0,0,0,0,0,0,0,0,0,6,8,0
150056,14,457932,1,14,1,6,3,2,0,5,1,21,0.033333333,0,0,0,0,0,0,0,0,0,0,7,14,0
150067,206,878119,5,2,2,0,0,0,0,0,0,20,0.066666667,0,0,0,0,0,0,0,0,0,0,1,1,0
150094,32,346877,2,5,1,2,0,1,0,1,1,9,0.033333333,0,0,0,0,0,0,0,0,0,0,4,5,0
150097,187,457932,6,1,1,0,0,0,0,0,0,21,0.033333333,0,0,0,0,0,0,0,0,0,0,1,1,0
150103,11,21560,2,1,1,0,0,0,0,0,0,9,0.033333333,0,0,0,0,0,0,0,0,0,0,1,1,0
150139,363,652701,2,1,1,0,0,0,0,0,0,3,0.033333333,0,1,0,0,0,0,0,0,0,0,1,1,0
150165,2,148039,1,2,2,0,0,0,0,0,0,18,0.066666667,0,0,0,0,0,0,0,0,0,0,1,2,0
150170,6,148039,1,6,2,2,0,1,0,1,1,18,0.066666667,0,0,0,0,0,0,0,0,0,0,5,1,0
150180,9,652701,1,9,5,2,0,1,0,0,0,3,0.033333333,0,9,0,0,0,0,0,0,0,0,7,9,0
150197,39,156596,2,38,5,5,22,3,0,4,1,224,0.066666667,0,0,0,0,0,0,0,5,0,0,30,33,5
150198,117,221833,3,24,5,9,0,6,0,4,3,58,0.066666667,17,7,0,0,0,0,0,0,0,0,13,17,7
150202,190,652701,4,98,6,25,7,20,12,0,0,3,0.1,88,9,0,0,0,0,0,0,0,0,16,88,9
150205,17,652701,1,17,3,6,1,4,0,0,0,3,0.066666667,0,10,0,0,0,0,0,0,0,0,9,7,0
150209,573,652701,2,94,12,26,6,18,1,0,0,3,0.1,0,43,0,0,0,0,0,0,0,0,13,18,0
150222,70,652701,1,70,11,16,7,12,10,0,0,3,0.1,0,43,0,0,0,0,0,0,0,0,13,43,24
150230,1,652701,1,1,1,0,0,0,0,0,0,3,0.033333333,0,1,0,0,0,0,0,0,0,0,1,1,0
150231,9,652701,1,9,2,3,0,1,0,0,0,3,0.033333333,0,9,0,0,0,0,0,0,0,0,6,9,0
150238,281,148039,4,1,1,0,0,0,0,0,0,18,0.033333333,0,0,0,0,0,0,0,0,0,0,1,1,0
150242,142,652701,6,33,9,7,0,4,3,0,0,3,0.033333333,0,33,0,0,0,0,0,0,0,0,9,33,0
150262,26,652701,1,26,6,14,2,0,3,0,0,3,0.033333333,0,26,0,0,0,0,0,0,0,0,12,26,0
150265,21,156596,1,21,2,7,0,4,0,9,4,224,0.066666667,0,0,0,5,0,0,0,16,0,0,9,5,0
150266,30,652701,2,19,2,5,0,4,0,0,0,3,0.033333333,0,19,0,0,0,0,0,0,0,0,10,19,0
150273,23,652701,2,17,6,3,0,2,3,0,0,3,0.033333333,0,17,0,0,0,0,0,0,0,0,10,17,0
150293,57,652701,1,57,9,16,1,10,7,0,0,3,0.133333333,0,6,0,0,0,0,0,0,0,0,10,13,6
150326,16,652701,1,16,2,9,3,1,0,0,0,3,0.033333333,0,16,0,0,0,0,0,0,0,0,8,16,0
150331,3,652701,1,3,3,0,0,0,0,0,0,3,0.066666667,0,1,0,0,0,0,0,0,0,0,1,2,1
150341,130,156596,2,1,1,0,0,0,0,0,0,224,0.033333333,0,0,0,0,0,0,0,0,1,0,1,1,0
150344,121,652701,1,121,23,22,11,15,33,0,0,3,0.166666667,0,7,0,0,0,0,0,0,0,0,16,1,0
150348,20,652701,1,20,3,13,0,0,0,0,0,3,0.066666667,0,13,0,0,0,0,0,0,0,0,9,20,0
150366,296,652701,2,7,3,2,0,1,0,0,0,3,0.033333333,0,7,0,0,0,0,0,0,0,0,5,7,0
150368,1,652701,1,1,1,0,0,0,0,0,0,3,0.033333333,0,1,0,0,0,0,0,0,0,0,1,1,0
150371,5,652701,1,5,1,2,0,1,0,0,0,3,0.033333333,0,5,0,0,0,0,0,0,0,0,4,5,0
150373,18,652701,1,18,3,9,0,0,0,0,0,3,0.033333333,0,18,0,0,0,0,0,0,0,0,6,18,0
150386,31,156596,3,9,3,5,0,1,0,2,0,224,0.033333333,0,0,0,0,0,0,0,0,9,0,6,9,0
150393,1434,652701,14,8,3,4,0,1,0,0,0,3,0.066666667,0,5,0,0,0,0,0,0,0,0,4,8,0
150394,18,652701,1,18,4,3,6,2,0,0,0,3,0.033333333,0,18,0,0,0,0,0,0,0,0,10,18,0
150403,111,652701,1,111,22,22,20,15,2,0,0,3,0.133333333,0,4,0,0,0,0,0,0,0,0,16,57,23
150431,3,652701,1,3,3,0,0,0,0,0,0,3,0.066666667,0,1,0,0,0,0,0,0,0,0,1,1,2
150434,6,652701,1,6,2,2,0,1,0,0,0,3,0.033333333,0,6,0,0,0,0,0,0,0,0,5,6,0
150439,9,221833,3,1,1,0,0,0,0,0,0,58,0.033333333,0,1,0,0,0,0,0,0,0,0,1,1,0
150445,63,148039,3,1,1,0,0,0,0,0,0,18,0.033333333,0,0,0,0,0,0,0,0,0,0,1,1,0
150448,57,148039,1,57,16,16,0,9,1,16,5,18,0.066666667,0,0,0,0,0,0,0,0,0,0,14,56,1
150470,6,652701,1,6,6,0,0,0,0,0,0,3,0.033333333,0,0,0,0,0,0,0,0,0,0,1,6,0
150488,781,221833,4,58,1,30,11,1,0,38,3,58,0.133333333,3,0,0,0,0,0,0,0,0,0,15,8,0
150505,13,652701,1,13,6,2,0,1,1,0,0,3,0.033333333,0,0,0,0,0,0,0,0,0,0,8,13,0
150508,195,652701,2,24,4,10,0,6,1,0,0,3,0.066666667,0,0,0,0,0,0,0,0,0,0,8,17,7
150511,12,41550,1,12,1,7,0,4,0,6,0,21,0.033333333,0,0,0,0,0,0,0,0,0,0,7,12,0
150523,12,156596,2,10,3,5,0,2,0,2,0,224,0.033333333,0,0,0,0,0,0,0,0,10,0,6,10,0
150537,4,221833,1,4,1,2,0,1,0,1,0,58,0.033333333,0,0,0,0,0,0,0,0,0,0,3,4,0
150540,47,652701,1,47,6,19,0,14,0,6,5,3,0.1,0,0,0,0,0,25,0,0,0,0,14,1,25
150541,19,148039,1,19,3,6,0,4,3,3,3,18,0.066666667,0,6,0,0,0,0,0,0,0,0,8,6,0
150547,2,41550,1,2,2,0,0,0,0,0,0,21,0.033333333,0,0,0,0,0,0,0,0,0,0,2,2,0
150559,22,41550,3,20,5,5,0,5,1,7,2,21,0.033333333,0,0,0,0,0,0,0,0,0,0,10,20,0
150572,31,652701,1,31,10,5,0,3,6,0,0,3,0.133333333,0,0,0,0,0,0,0,0,0,0,8,15,12
150575,68,156596,2,33,11,11,0,7,1,3,2,224,0.066666667,0,0,0,0,0,0,0,0,32,1,10,32,1
150583,32,156596,2,1,1,0,0,0,0,0,0,224,0.033333333,0,0,0,0,0,0,0,0,1,0,1,1,0
150586,2,652701,2,1,1,0,0,0,0,0,0,3,0.033333333,0,0,0,0,0,0,0,0,0,0,1,1,0
150594,373,652701,5,59,15,10,0,7,21,0,0,3,0.1,0,0,0,0,0,0,0,0,0,0,11,40,0
150600,18,652701,2,1,1,0,0,0,0,0,0,3,0.033333333,0,0,0,0,0,0,0,0,0,0,1,1,0
150605,28,652701,1,28,4,6,0,4,5,0,0,3,0.033333333,0,0,0,0,0,0,0,0,0,0,10,28,0
150635,446,156596,3,36,7,8,2,5,1,10,4,224,0.066666667,0,0,0,0,0,0,0,0,0,14,14,22,0
150645,57,652701,1,57,8,16,9,5,7,0,0,3,0.1,0,0,0,0,0,0,0,0,0,0,10,36,10
150650,1,148039,1,1,1,0,0,0,0,0,0,18,0.033333333,0,0,0,0,0,0,0,0,0,0,1,1,0
150652,1,148039,1,1,1,0,0,0,0,0,0,18,0.033333333,0,0,0,0,0,0,0,0,0,0,1,1,0
150653,27,652701,1,27,5,8,0,7,0,0,0,3,0.033333333,0,0,0,0,0,0,0,0,0,0,11,27,0
150655,12,652701,2,6,2,3,0,1,0,0,0,3,0.066666667,0,0,0,0,0,0,0,0,0,0,3,5,0
150669,82,652701,1,82,12,19,8,15,2,0,0,3,0.066666667,0,0,0,0,0,0,0,0,0,0,17,25,0
150679,5,652701,1,5,1,2,0,1,0,0,0,3,0.033333333,0,0,0,0,0,0,0,0,0,0,4,5,0
150685,1,652701,1,1,1,0,0,0,0,0,0,3,0.033333333,0,0,0,0,0,0,0,0,0,0,1,1,0
150689,39,652701,1,39,9,7,4,5,8,0,0,3,0.066666667,0,0,0,0,0,0,0,0,0,0,14,32,0
150725,13,652701,2,12,3,4,0,3,0,0,0,3,0.033333333,0,0,0,0,0,0,0,0,0,0,8,12,0
150727,134,652701,1,134,16,63,3,31,1,33,13,3,0.133333333,0,0,76,8,0,0,0,0,0,0,31,44,6
150729,9,652701,1,9,4,3,0,2,0,0,0,3,0.033333333,0,0,0,0,0,0,0,0,0,0,4,9,0
150731,10,652701,1,10,9,0,0,0,0,0,0,3,0.033333333,0,0,0,0,0,0,0,0,0,0,5,10,0
150739,6,652701,1,6,2,2,0,1,0,0,0,3,0.033333333,0,0,0,0,0,0,0,0,0,0,5,6,0
150745,1,652701,1,1,1,0,0,0,0,0,0,3,0.033333333,0,0,0,0,0,0,0,0,0,0,1,1,0
150749,7,148039,1,7,3,2,0,1,0,1,1,18,0.033333333,0,0,0,0,0,0,0,0,0,0,6,7,0
150750,3,652701,1,3,3,0,0,0,0,0,0,3,0.066666667,0,0,0,0,0,0,0,0,0,0,2,2,0
150770,3,148039,2,1,1,0,0,0,0,0,0,18,0.033333333,0,0,0,0,0,0,0,0,0,0,1,1,0
150802,26,652701,2,17,4,7,0,4,0,0,0,3,0.1,0,0,0,0,0,0,0,0,0,0,7,2,0
150806,6,652701,1,6,2,2,0,1,0,0,0,3,0.033333333,0,0,0,0,0,0,0,0,0,0,5,6,0
150825,7,221833,1,7,3,2,0,1,0,1,1,58,0.033333333,0,0,0,0,0,0,0,0,0,0,5,7,0
150827,10,652701,1,10,4,2,0,1,0,0,0,3,0.033333333,0,0,0,0,0,0,0,0,0,0,6,10,0
150830,9,652701,1,9,2,3,0,2,1,0,0,3,0.066666667,0,0,0,0,0,0,0,0,0,0,6,5,4
150832,1,652701,1,1,1,0,0,0,0,0,0,3,0.033333333,0,0,0,0,0,0,0,0,0,0,1,1,0
150834,15,148039,1,15,2,4,2,3,0,4,1,18,0.033333333,0,0,0,0,0,0,0,0,0,0,8,15,0
150843,9,156596,1,9,6,2,0,0,0,1,0,224,0.033333333,0,0,0,0,0,0,0,0,0,9,8,9,0
150858,4,652701,1,4,2,0,0,0,2,0,0,3,0.033333333,0,0,0,0,0,0,0,0,0,0,3,4,0
150871,1,652701,1,1,1,0,0,0,0,0,0,3,0.033333333,0,0,0,0,0,0,0,0,0,0,1,1,0
150886,2,652701,1,2,2,0,0,0,0,0,0,3,0.033333333,0,0,0,0,0,0,0,0,0,0,2,2,0
150888,6,652701,1,6,2,2,0,1,0,0,0,3,0.033333333,0,0,0,0,0,0,0,0,0,0,5,6,0
150889,16,148039,1,16,2,6,0,3,0,6,3,18,0.033333333,0,0,0,0,0,0,0,0,0,0,10,16,0
150893,81,652701,1,81,14,23,7,19,2,10,8,3,0.1,0,0,0,38,20,0,0,0,0,0,30,23,0
150895,542,652701,3,22,4,8,0,4,1,0,0,3,0.066666667,0,0,0,0,0,0,0,0,0,0,7,17,0
150899,5,652701,1,5,5,0,0,0,0,0,0,3,0.033333333,0,0,0,0,0,0,0,0,0,0,2,5,0
150904,4,652701,1,4,4,0,0,0,0,0,0,3,0.033333333,0,0,0,0,0,0,0,0,0,0,1,4,0
150915,7,652701,1,7,4,2,0,0,0,0,0,3,0.033333333,0,0,0,0,0,0,0,0,0,0,5,7,0
150922,1,652701,1,1,1,0,0,0,0,0,0,3,0.033333333,0,0,0,0,0,0,0,0,0,0,1,1,0
150935,9,148039,1,9,2,3,0,2,0,2,2,18,0.033333333,0,0,0,0,0,0,0,0,0,0,7,9,0
150943,49,221833,3,2,2,0,0,0,0,0,0,58,0.033333333,0,0,0,0,0,0,0,0,0,0,1,2,0
150944,70,652701,1,70,9,13,6,12,6,0,0,3,0.033333333,0,0,0,0,0,0,0,0,0,0,18,70,0
150950,8,652701,1,8,4,2,0,1,0,0,0,3,0.033333333,0,0,0,0,0,0,0,0,0,0,5,8,0
150954,2,652701,2,1,1,0,0,0,0,0,0,3,0.033333333,0,0,0,0,0,0,0,0,0,0,1,1,0
150955,12,652701,1,12,3,0,0,0,9,0,0,3,0.033333333,0,0,0,0,0,0,0,0,0,0,4,12,0
150964,1,221833,1,1,1,0,0,0,0,0,0,58,0.033333333,0,0,0,0,0,0,0,0,0,0,1,1,0
151003,96,148039,2,30,4,13,0,0,0,21,3,18,0.066666667,0,0,0,0,0,0,0,0,0,0,8,1,29
151004,132,195289,4,32,7,9,0,4,0,9,7,105,0.066666667,0,0,0,0,0,14,0,0,0,0,13,18,0
151007,23,652701,1,23,9,7,0,3,0,0,0,3,0.033333333,0,0,0,0,0,0,0,0,0,0,9,23,0
151012,25,652701,1,25,5,14,1,1,0,0,0,3,0.033333333,0,0,0,0,0,0,0,0,0,0,5,25,0
151025,33,652701,1,33,6,9,1,7,2,0,0,3,0.033333333,0,0,0,0,0,0,0,0,0,0,9,33,0
151035,6,148039,2,5,3,2,0,0,0,1,0,18,0.033333333,0,0,0,0,0,0,0,0,0,0,4,5,0
151052,13,652701,1,13,3,4,0,2,0,0,0,3,0.033333333,0,0,0,0,0,0,0,0,0,0,6,13,0
151060,15,652701,1,15,3,4,4,2,0,0,0,3,0.033333333,0,0,0,0,0,0,0,0,0,0,6,15,0
151065,46,38356,3,1,1,0,0,0,0,0,0,65,0.033333333,0,0,1,0,0,0,0,0,0,0,1,1,0
151076,25,652701,1,25,5,2,11,1,0,0,0,3,0.066666667,0,0,0,0,0,0,0,0,0,0,7,2,23
151085,198,221833,5,81,3,25,0,18,0,33,13,58,0.066666667,0,0,0,0,0,0,0,0,0,0,23,71,0
151100,1,652701,1,1,1,0,0,0,0,0,0,3,0.033333333,0,0,0,0,0,0,0,0,0,0,1,1,0
151102,67,208752,1,67,10,6,15,4,3,16,11,24,0.033333333,0,0,0,0,67,0,0,0,0,0,21,67,0
151113,1650,38356,16,16,3,5,0,3,0,4,3,65,0.066666667,0,0,10,0,0,0,0,0,0,0,7,6,0
151119,193,195289,7,9,2,3,0,2,0,2,2,105,0.033333333,0,0,0,0,0,9,0,0,0,0,7,9,0
151120,47,41550,2,1,1,0,0,0,0,0,0,21,0.033333333,0,0,0,0,0,0,0,0,0,0,1,1,0
151131,34,41550,1,34,7,12,0,9,6,7,0,21,0.066666667,0,0,0,0,0,0,0,0,0,0,10,24,0
151133,55,38356,2,21,3,7,0,6,0,6,5,65,0.033333333,0,0,21,0,0,0,0,0,0,0,7,21,0
151143,809,41550,3,1,1,0,0,0,0,0,0,21,0.033333333,0,0,0,0,0,0,0,0,0,0,1,1,0
151165,49,652701,1,49,14,14,0,8,2,0,0,3,0.133333333,0,0,0,0,0,0,0,0,0,0,8,26,16
151168,33,652701,1,33,10,9,0,5,6,0,0,3,0.066666667,0,0,0,0,0,0,0,0,0,0,9,18,0
151183,9,652701,1,9,3,2,0,1,0,0,0,3,0.033333333,0,0,0,0,0,0,0,0,0,0,5,9,0
151187,158,652701,6,71,12,11,22,7,0,0,0,3,0.066666667,0,0,0,0,0,0,0,0,0,0,9,62,0
151230,3,148039,3,1,1,0,0,0,0,0,0,18,0.033333333,0,0,0,0,0,0,0,0,0,0,1,1,0
151231,3,38356,3,1,1,0,0,0,0,0,0,65,0.033333333,0,0,1,0,0,0,0,0,0,0,1,1,0
151239,235,652701,5,46,14,21,0,2,0,1,0,3,0.2,0,0,4,0,0,0,0,0,0,0,11,14,0
151250,614,38356,4,8,3,3,0,1,0,2,1,65,0.033333333,0,0,8,0,0,0,0,0,0,0,5,8,0
151251,25,652701,1,25,12,8,0,3,0,0,0,3,0.1,0,0,0,0,0,0,0,0,0,0,8,6,0
151253,352,148039,3,1,1,0,0,0,0,0,0,18,0.033333333,0,0,0,0,0,0,0,0,0,0,1,1,0
151266,7,652701,2,3,3,0,0,0,0,0,0,3,0.033333333,0,0,0,0,0,0,0,0,0,0,2,3,0
151278,157,208752,1,157,6,30,21,22,0,56,39,24,0.133333333,0,0,0,0,100,0,0,33,7,17,45,100,0
151303,8,652701,1,8,4,2,0,1,0,0,0,3,0.033333333,0,0,0,0,0,0,0,0,0,0,5,8,0
151325,9,652701,1,9,1,2,0,1,0,0,0,3,0.033333333,0,0,0,0,0,0,0,0,0,0,4,9,0
151363,22,652701,1,22,9,2,2,1,2,0,0,3,0.033333333,0,0,0,0,0,0,0,0,0,0,9,22,0
151369,68,652701,2,35,6,5,1,3,0,0,0,3,0.033333333,0,0,0,0,0,0,0,0,0,0,9,35,0
151393,30,652701,1,30,7,5,0,3,6,0,0,3,0.066666667,0,0,0,0,0,0,0,0,0,0,8,29,0
151401,5,652701,1,5,1,2,0,1,0,0,0,3,0.033333333,0,0,0,0,0,0,0,0,0,0,4,5,0
151418,18,41550,3,6,1,3,0,2,0,2,0,21,0.033333333,0,0,0,0,0,0,0,0,0,0,4,6,0
151419,24,652701,1,24,12,0,0,0,4,0,0,3,0.033333333,0,0,0,0,0,0,0,0,0,0,6,24,0
151426,84,148039,1,84,7,9,24,7,13,20,3,18,0.033333333,0,0,0,0,0,0,0,0,0,0,15,84,0
151440,180,148039,4,14,6,5,0,2,0,2,1,18,0.066666667,0,0,0,0,0,0,0,0,0,0,7,14,0
151469,28,652701,1,28,10,8,0,5,1,0,0,3,0.033333333,0,0,0,0,0,0,0,0,0,0,9,28,0
151473,2,652701,1,2,2,0,0,0,0,0,0,3,0.066666667,0,0,0,0,0,0,0,0,0,0,1,1,0
151485,23,208752,1,23,3,9,0,5,0,5,4,24,0.066666667,0,14,0,0,9,0,0,0,0,0,8,14,0
151492,8,41550,1,8,8,0,0,0,0,0,0,21,0.033333333,0,0,0,0,0,0,0,0,0,0,4,8,0
151493,7,148039,1,7,3,2,0,1,0,1,1,18,0.033333333,0,0,0,0,0,0,0,0,0,0,5,7,0
151500,17,41550,2,4,1,2,0,1,0,1,0,21,0.033333333,0,0,0,0,0,0,0,0,0,0,3,4,0
151505,11,652701,1,11,3,6,0,2,0,0,0,3,0.066666667,0,0,0,0,0,0,0,0,0,0,5,11,0
151511,118,652701,3,20,3,4,3,2,1,0,0,3,0.066666667,0,0,0,0,0,0,0,0,0,0,7,16,0
151564,153,652701,3,48,6,13,5,8,6,0,0,3,0.066666667,0,0,0,0,0,0,0,0,0,0,7,48,0
151582,106,221833,5,1,1,0,0,0,0,0,0,58,0.033333333,0,0,0,0,0,0,0,0,0,0,1,1,0
151604,56,652701,1,56,7,8,12,5,6,0,0,3,0.033333333,0,0,0,0,0,0,0,0,0,0,9,56,0
151611,29,652701,2,18,5,9,0,3,0,0,0,3,0.033333333,0,0,0,0,0,0,0,0,0,0,6,18,0
151615,45,652701,1,45,9,9,5,6,6,0,0,3,0.066666667,0,0,0,0,0,0,0,0,0,0,12,37,0
151619,152,208752,3,97,5,16,39,11,0,17,7,24,0.133333333,0,0,0,0,11,14,0,0,6,0,41,66,0
151620,42,652701,1,42,14,11,3,0,7,0,0,3,0.066666667,0,0,0,0,0,0,0,0,0,0,10,35,0
151622,1,652701,1,1,1,0,0,0,0,0,0,3,0.033333333,0,0,0,0,0,0,0,0,0,0,1,1,0
151631,47,652701,2,38,7,5,0,3,20,0,0,3,0.033333333,0,0,0,0,0,0,0,0,0,0,9,38,0
151636,1,195289,1,1,1,0,0,0,0,0,0,105,0.033333333,0,0,0,0,0,1,0,0,0,0,1,1,0
151638,7,221833,2,1,1,0,0,0,0,0,0,58,0.033333333,0,0,0,0,0,0,0,0,0,0,1,1,0
151647,1,652701,1,1,1,0,0,0,0,0,0,3,0.033333333,0,0,0,0,0,0,0,0,0,0,1,1,0
151660,5,652701,1,5,1,2,0,1,0,0,0,3,0.033333333,0,0,0,0,0,0,0,0,0,0,4,5,0
151661,1016,208752,7,1,1,0,0,0,0,0,0,24,0.033333333,0,0,0,0,1,0,0,0,0,0,1,1,0
151669,200,195289,3,119,11,30,11,23,0,41,21,105,0.166666667,0,3,0,0,0,47,55,0,0,8,28,50,61
151676,22,652701,1,22,4,2,7,1,1,0,0,3,0.033333333,0,0,0,0,0,0,0,0,0,0,7,22,0
151681,17,41550,4,3,1,2,0,0,0,1,0,21,0.033333333,0,0,0,0,0,0,0,0,0,0,3,3,0
151686,33,652701,1,33,6,4,10,2,0,0,0,3,0.033333333,0,0,0,0,0,0,0,0,0,0,9,33,0
151689,65,652701,1,65,9,10,9,5,24,0,0,3,0.033333333,0,0,0,0,0,0,0,0,0,0,9,65,0
151696,70,652701,2,9,2,4,0,2,0,0,0,3,0.033333333,0,0,0,0,0,0,0,0,0,0,5,9,0
151709,9,148039,1,9,2,4,0,2,0,1,1,18,0.066666667,0,0,0,0,0,0,0,0,0,0,5,5,0
151718,20,156596,1,20,9,3,0,2,2,3,2,224,0.066666667,0,13,0,0,0,0,0,0,0,0,9,13,7
151722,3,221833,1,3,3,0,0,0,0,0,0,58,0.033333333,0,0,0,0,0,0,0,0,0,0,3,3,0
151723,40,208752,1,40,5,10,0,8,1,12,9,24,0.033333333,0,0,0,0,40,0,0,0,0,0,18,40,0
151727,18,221833,1,18,6,10,0,0,0,2,2,58,0.033333333,0,0,0,0,0,0,0,0,0,0,7,18,0
151730,58,221833,1,58,4,11,10,10,1,19,10,58,0.033333333,0,0,0,0,0,0,0,0,0,0,20,58,0
151732,20,148039,1,20,1,6,2,4,0,9,2,18,0.033333333,0,0,0,0,0,0,0,0,0,0,8,20,0
151736,183,148039,3,38,2,12,5,7,0,17,3,18,0.1,0,0,0,0,0,0,0,0,0,0,12,31,6
151744,41,652701,3,13,2,5,0,3,1,0,0,3,0.033333333,0,0,0,0,0,0,0,0,0,0,5,13,0
151758,97,652701,1,97,17,25,4,15,16,0,0,3,0.166666667,0,0,0,0,0,0,0,0,0,0,10,1,50
151760,179,652701,2,50,4,7,33,3,0,0,0,3,0.066666667,0,0,0,0,0,0,0,0,0,0,7,37,0
151783,259,652701,2,6,1,2,1,0,0,0,0,3,0.033333333,0,0,0,0,0,0,0,0,0,0,4,6,0
151784,51,652701,1,51,16,11,6,6,1,0,0,3,0.133333333,0,0,0,0,0,0,0,0,0,0,10,10,13
151785,19,652701,1,19,5,2,0,1,10,0,0,3,0.033333333,0,0,0,0,0,0,0,0,0,0,6,19,0
151788,58,652701,1,58,14,19,8,5,3,0,0,3,0.1,0,0,0,0,0,0,0,0,0,0,8,25,0
151792,27,652701,1,27,6,5,9,3,0,0,0,3,0.033333333,0,0,0,0,0,0,0,0,0,0,9,27,0
151794,7,652701,1,7,3,2,0,1,0,0,0,3,0.033333333,0,0,0,0,0,0,0,0,0,0,6,7,0
151801,1,652701,1,1,1,0,0,0,0,0,0,3,0.033333333,0,0,0,0,0,0,0,0,0,0,1,1,0
151815,35,156596,1,35,2,5,4,5,0,15,7,224,0.033333333,0,35,0,0,0,0,0,0,0,0,11,35,0
151827,5,41550,1,5,2,2,0,1,0,1,0,21,0.066666667,0,0,0,0,0,0,0,0,0,0,3,4,1
151843,214,148039,2,5,1,2,0,1,0,1,1,18,0.033333333,0,0,0,0,0,0,0,0,0,0,4,5,0
151849,8,652701,1,8,4,2,0,1,0,0,0,3,0.066666667,0,0,0,0,0,0,0,0,0,0,5,2,6
151857,23,208752,1,23,3,5,0,4,0,8,7,24,0.033333333,0,0,0,0,23,0,0,0,0,0,10,23,0
151859,14,221833,2,5,2,2,0,1,0,2,0,58,0.033333333,0,0,0,0,0,0,0,0,0,0,4,5,0
151861,233,195289,2,52,16,18,0,10,3,5,3,105,0.1,0,0,0,0,0,14,0,0,22,0,12,38,0
151875,33,652701,1,33,8,6,0,4,2,0,0,3,0.066666667,0,0,0,0,0,0,0,0,0,0,8,17,0
151879,127,652701,4,9,2,2,0,1,0,0,0,3,0.033333333,0,0,0,0,0,0,0,0,0,0,5,9,0
151883,14,148039,2,9,4,4,0,1,0,3,0,18,0.033333333,0,0,0,0,0,0,0,0,0,0,4,9,0
151886,13,156596,1,13,1,2,0,1,0,5,5,224,0.033333333,0,13,0,0,0,0,0,0,0,0,5,13,0
151891,12,156596,1,12,2,4,0,3,0,3,3,224,0.033333333,0,12,0,0,0,0,0,0,0,0,9,12,0
151897,10,41550,2,9,5,2,0,1,0,1,0,21,0.033333333,0,0,0,0,0,0,0,0,0,0,5,9,0
151901,51,652701,1,51,8,7,12,4,6,0,0,3,0.1,0,0,0,0,0,0,0,0,0,0,10,15,36
151906,2,38356,2,1,1,0,0,0,0,0,0,65,0.033333333,0,0,1,0,0,0,0,0,0,0,1,1,0
151927,11,652701,1,11,7,3,0,0,0,0,0,3,0.033333333,0,0,0,0,0,0,0,0,0,0,7,11,0
151932,9,652701,1,9,5,2,0,1,0,0,0,3,0.033333333,0,0,0,0,0,0,0,0,0,0,5,9,0
151941,8,148039,1,8,1,3,0,2,0,2,2,18,0.066666667,0,0,0,0,0,0,0,0,0,0,6,6,2
151943,593,652701,6,43,10,7,0,3,6,0,0,3,0.033333333,0,0,0,0,0,0,0,0,0,0,9,43,0
151947,1,652701,1,1,1,0,0,0,0,0,0,3,0.033333333,0,0,0,0,0,0,0,0,0,0,1,1,0
151949,279,41550,2,1,1,0,0,0,0,0,0,21,0.033333333,0,0,0,0,0,0,0,0,0,0,1,1,0
151954,31,652701,1,31,14,11,0,0,2,0,0,3,0.166666667,0,0,0,0,0,0,0,0,0,0,6,8,17
151962,10,41550,1,10,4,3,0,3,0,3,0,21,0.033333333,0,0,0,0,0,0,0,0,0,0,5,10,0
151965,269,148039,3,1,1,0,0,0,0,0,0,18,0.033333333,0,0,0,0,0,0,0,0,0,0,1,1,0
151967,25,652701,1,25,6,4,7,2,0,0,0,3,0.033333333,0,0,0,0,0,0,0,0,0,0,8,25,0
151968,53,652701,2,45,12,12,0,8,1,0,0,3,0.1,0,0,0,0,0,0,0,0,0,0,9,11,8
151980,558,652701,2,20,6,7,0,4,0,0,0,3,0.033333333,0,0,0,0,0,0,0,0,0,0,6,20,0
151981,131,148039,2,1,1,0,0,0,0,0,0,18,0.033333333,0,0,0,0,0,0,0,0,0,0,1,1,0
151995,28,156596,1,28,4,8,4,4,0,7,3,224,0.066666667,0,22,0,0,0,0,0,0,0,0,12,28,0
152039,63,148039,4,9,2,3,0,2,0,2,2,18,0.033333333,0,0,0,0,0,0,0,0,0,0,7,9,0
152040,1,652701,1,1,1,0,0,0,0,0,0,3,0.033333333,0,0,0,0,0,0,0,0,0,0,1,1,0
152055,41,221833,5,1,1,0,0,0,0,0,0,58,0.033333333,0,0,0,0,0,0,0,0,0,0,1,1,0
152061,3,38356,1,3,3,0,0,0,0,0,0,65,0.033333333,0,0,0,3,0,0,0,0,0,0,2,3,0
152065,56,652701,1,56,13,12,0,6,16,0,0,3,0.066666667,0,0,0,0,0,0,0,0,0,0,9,47,0
152082,11,148039,2,4,1,2,0,1,0,1,0,18,0.033333333,0,0,0,0,0,0,0,0,0,0,3,4,0
152089,12,652701,1,12,2,3,0,1,0,0,0,3,0.033333333,0,0,0,0,0,0,0,0,0,0,4,12,0
152104,5,156596,1,5,1,2,0,1,0,1,1,224,0.033333333,0,5,0,0,0,0,0,0,0,0,4,5,0
152105,6,221833,1,6,4,2,0,0,0,1,0,58,0.033333333,0,0,0,0,0,0,0,0,0,0,6,6,0
152124,225,652701,3,164,14,31,16,24,27,15,11,3,0.066666667,0,0,0,0,0,79,0,0,0,0,30,85,0
152126,3,41550,2,2,2,0,0,0,0,0,0,21,0.033333333,0,0,0,0,0,0,0,0,0,0,2,2,0
152141,47,652701,1,47,10,16,4,11,3,6,0,3,0.1,0,0,0,0,0,15,0,0,0,0,15,37,0
152147,33,38356,1,33,3,9,1,7,0,13,6,65,0.066666667,0,0,0,15,18,0,0,0,0,0,15,15,18
152161,5,156596,1,5,5,0,0,0,0,0,0,224,0.033333333,0,5,0,0,0,0,0,0,0,0,3,5,0
152162,12,652701,1,12,2,5,0,2,0,0,0,3,0.033333333,0,0,0,0,0,0,0,0,0,0,4,12,0
152166,274,195289,4,1,1,0,0,0,0,0,0,105,0.033333333,0,0,0,0,0,0,1,0,0,0,1,1,0
152184,10,41550,2,1,1,0,0,0,0,0,0,21,0.033333333,0,0,0,0,0,0,0,0,0,0,1,1,0
152186,949,41550,7,33,5,12,0,10,0,12,3,21,0.033333333,0,0,0,0,0,0,0,0,0,0,16,33,0
152192,51,652701,2,32,5,6,5,3,7,0,0,3,0.066666667,0,0,0,0,0,0,0,0,0,0,9,28,0
152200,34,652701,1,34,7,5,8,1,5,0,0,3,0.033333333,0,0,0,0,0,0,0,0,0,0,8,34,0
152202,12,148039,1,12,2,5,0,1,0,4,4,18,0.033333333,0,0,0,0,0,0,0,0,0,0,5,12,0
152205,10,652701,1,10,4,2,0,1,0,0,0,3,0.033333333,0,0,0,0,0,0,0,0,0,0,7,10,0
152208,30,652701,1,30,3,13,0,9,0,6,4,3,0.1,0,0,0,0,0,0,0,0,0,0,13,4,0
152212,5,652701,1,5,1,2,0,1,0,0,0,3,0.033333333,0,0,0,0,0,0,0,0,0,0,4,5,0
152213,725,156596,4,512,2,27,375,2,0,69,13,224,0.033333333,0,512,0,0,0,0,0,0,0,0,133,512,0
152226,1490,38356,4,1,1,0,0,0,0,0,0,65,0.033333333,0,0,0,1,0,0,0,0,0,0,1,1,0
152234,44,652701,2,41,7,2,9,1,1,0,0,3,0.033333333,0,0,0,0,0,0,0,0,0,0,9,41,0
152240,3,156596,2,1,1,0,0,0,0,0,0,224,0.033333333,0,1,0,0,0,0,0,0,0,0,1,1,0
152241,46,221833,3,21,6,4,0,2,1,7,1,58,0.033333333,0,0,0,0,0,0,0,0,0,0,9,21,0
152244,8,156596,1,8,4,2,0,1,0,1,1,224,0.033333333,0,8,0,0,0,0,0,0,0,0,6,8,0
152246,123,221833,3,14,3,3,0,2,4,2,2,58,0.033333333,0,0,0,0,0,0,0,0,0,0,5,14,0
152257,423,652701,4,8,4,2,0,1,0,0,0,3,0.066666667,2,0,0,0,0,0,0,0,0,0,5,6,2
152263,149,221833,2,12,6,2,0,2,0,2,2,58,0.066666667,1,0,0,0,0,0,0,0,0,0,5,11,1
152266,381,221833,13,1,1,0,0,0,0,0,0,58,0.033333333,0,0,0,0,0,0,0,0,0,0,1,1,0
152269,157,148039,4,37,4,12,4,8,0,6,4,18,0.133333333,0,0,0,0,0,0,0,0,0,0,11,18,0
152276,730,208752,3,296,20,83,52,23,2,131,44,24,0.133333333,4,0,0,0,0,100,0,0,0,0,75,185,7
152279,110,208752,1,110,4,28,5,18,0,50,26,24,0.066666667,0,100,0,0,0,10,0,0,0,0,27,110,0
152280,55,208752,1,55,11,25,1,1,1,30,5,24,0.033333333,0,0,0,0,0,55,0,0,0,0,17,55,0
152281,10,41550,3,8,2,4,0,1,0,4,0,21,0.033333333,0,0,0,0,0,0,0,0,0,0,6,8,0
152289,57,652701,2,56,9,15,0,8,20,0,0,3,0.133333333,8,0,0,0,0,0,0,0,0,0,10,1,41
152303,236,652701,2,218,37,57,35,26,18,29,12,3,0.133333333,0,0,47,0,0,0,0,0,0,0,26,136,20
152319,46,652701,1,46,15,11,0,6,2,0,0,3,0.1,0,0,0,0,0,0,0,0,0,0,9,1,33
152320,12,652701,1,12,2,2,0,1,0,0,0,3,0.033333333,0,0,0,0,0,0,0,0,0,0,4,12,0
152321,41,652701,1,41,9,6,9,3,1,0,0,3,0.033333333,0,0,0,0,0,0,0,0,0,0,8,41,0
152322,948,148039,14,4,4,0,0,0,0,0,0,18,0.066666667,0,0,0,0,0,0,0,0,0,0,2,1,0
152336,1,41550,1,1,1,0,0,0,0,0,0,21,0.033333333,0,0,0,0,0,0,0,0,0,0,1,1,0
152342,156,156596,3,76,2,19,18,2,1,38,7,224,0.066666667,0,2,0,0,0,0,0,0,0,0,21,74,0
152344,3,652701,1,3,3,0,0,0,0,0,0,3,0.033333333,0,0,0,0,0,0,0,0,0,0,2,3,0
152352,13,156596,3,10,8,2,0,0,0,1,0,224,0.066666667,0,7,0,0,0,0,0,0,0,0,7,3,0
152396,18,148039,3,1,1,0,0,0,0,0,0,18,0.033333333,0,0,0,0,0,0,0,0,0,0,1,1,0
152414,14,652701,2,4,4,0,0,0,0,0,0,3,0.033333333,0,0,0,0,0,0,0,0,0,0,4,4,0
152415,6,652701,1,6,2,2,0,1,0,0,0,3,0.033333333,0,0,0,0,0,0,0,0,0,0,4,6,0
152419,6,41550,2,1,1,0,0,0,0,0,0,21,0.033333333,0,0,0,0,0,0,0,0,0,0,1,1,0
152428,10,221833,1,10,2,4,0,3,0,3,1,58,0.066666667,0,0,0,0,0,0,0,0,0,0,6,1,0
152432,15,148039,2,6,2,2,0,1,0,1,1,18,0.033333333,0,0,0,0,0,0,0,0,0,0,5,6,0
152434,18,41550,2,17,2,8,0,7,0,7,0,21,0.033333333,0,0,0,0,0,0,0,0,0,0,9,17,0
152441,53,652701,2,45,8,7,17,4,0,0,0,3,0.133333333,0,0,0,0,0,0,0,0,0,0,9,2,0
152451,4,652701,1,4,1,2,0,1,0,0,0,3,0.033333333,0,0,0,0,0,0,0,0,0,0,3,4,0
152453,3,221833,2,1,1,0,0,0,0,0,0,58,0.033333333,0,0,0,0,0,0,0,0,0,0,1,1,0
152468,62,195289,3,1,1,0,0,0,0,0,0,105,0.033333333,0,0,0,0,0,0,1,0,0,0,1,1,0
152469,110,221833,6,27,3,4,11,2,0,5,2,58,0.033333333,0,0,0,0,0,0,0,0,0,0,10,27,0
152488,10,652701,1,10,1,6,0,2,0,0,0,3,0.033333333,0,0,0,0,0,0,0,0,0,0,4,10,0
152497,209,221833,6,9,2,4,0,2,0,1,1,58,0.033333333,0,0,0,0,0,0,0,0,0,0,5,9,0
152504,20,652701,1,20,8,4,0,2,0,0,0,3,0.066666667,0,0,0,0,0,0,0,0,0,0,8,20,0
152528,3,652701,2,1,1,0,0,0,0,0,0,3,0.033333333,0,0,0,0,0,0,0,0,0,0,1,1,0
152535,48,652701,1,48,14,10,5,6,5,0,0,3,0.033333333,0,0,0,0,0,0,0,0,0,0,9,48,0
152563,3,652701,1,3,2,0,0,0,0,0,0,3,0.033333333,0,0,0,0,0,0,0,0,0,0,3,3,0
152564,1,208752,1,1,1,0,0,0,0,0,0,24,0.033333333,0,0,0,0,0,1,0,0,0,0,1,1,0
152566,98,221833,2,17,3,2,3,1,0,6,2,58,0.033333333,0,0,0,0,0,0,0,0,0,0,7,17,0
152572,23,652701,1,23,8,6,0,2,1,0,0,3,0.033333333,0,0,0,0,0,0,0,0,0,0,7,23,0
152575,11,652701,1,11,5,2,1,1,0,0,0,3,0.033333333,0,0,0,0,0,0,0,0,0,0,8,11,0
152583,18,652701,1,18,5,3,0,2,1,0,0,3,0.066666667,0,0,0,0,0,0,0,0,0,0,7,6,0
152584,33,652701,2,32,8,5,7,3,1,0,0,3,0.033333333,0,0,0,0,0,0,0,0,0,0,10,32,0
152591,13,221833,2,1,1,0,0,0,0,0,0,58,0.033333333,0,0,0,0,0,0,0,0,0,0,1,1,0
152592,42,195289,2,1,1,0,0,0,0,0,0,105,0.033333333,0,0,0,0,0,0,1,0,0,0,1,1,0
152595,316,41550,2,1,1,0,0,0,0,0,0,21,0.033333333,0,0,0,0,0,0,0,0,0,0,1,1,0
152606,33,652701,1,33,7,12,2,7,2,0,0,3,0.066666667,0,0,0,0,0,0,0,0,0,0,7,33,0
152617,145,195289,3,53,7,10,6,6,0,15,10,105,0.066666667,0,0,0,0,0,0,10,0,43,0,15,10,0
152619,44,652701,1,44,19,12,0,5,0,0,0,3,0.066666667,0,0,0,0,0,0,0,0,0,0,9,42,2
152625,17,156596,1,17,1,6,0,5,0,7,3,224,0.033333333,0,0,0,0,0,0,0,0,0,0,10,17,0
152629,73,208752,1,73,4,16,6,8,0,37,13,24,0.033333333,0,0,0,0,0,73,0,0,0,0,20,73,0
152636,347,195289,5,28,5,10,2,6,0,6,4,105,0.066666667,0,0,0,0,0,0,13,0,0,0,12,28,0
152648,83,652701,1,83,18,22,0,14,16,4,3,3,0.1,0,0,0,0,19,0,0,0,0,0,17,64,19
152665,30,208752,1,30,8,8,0,7,0,8,7,24,0.066666667,0,0,0,0,0,9,0,0,21,0,16,9,0
152672,2,652701,1,2,2,0,0,0,0,0,0,3,0.033333333,0,0,0,0,0,0,0,0,0,0,2,2,0
152678,1,652701,1,1,1,0,0,0,0,0,0,3,0.033333333,0,0,0,0,0,0,0,0,0,0,1,1,0
152680,3,652701,1,3,1,2,0,0,0,0,0,3,0.033333333,0,0,0,0,0,0,0,0,0,0,3,3,0
152688,543,38356,6,1,1,0,0,0,0,0,0,65,0.033333333,0,0,0,1,0,0,0,0,0,0,1,1,0
152689,10,148039,3,6,1,4,0,1,0,3,0,18,0.033333333,0,0,0,0,0,0,0,0,0,0,5,6,0
152693,9,221833,2,3,3,0,0,0,0,0,0,58,0.033333333,0,0,0,0,0,0,0,0,0,0,2,3,0
152695,1,652701,1,1,1,0,0,0,0,0,0,3,0.033333333,0,0,0,0,0,0,0,0,0,0,1,1,0
152697,19,652701,2,18,6,4,0,2,1,0,0,3,0.066666667,0,0,0,0,0,0,0,0,0,0,9,1,0
152715,269,652701,4,18,7,2,1,2,0,0,0,3,0.1,0,0,0,0,0,0,0,0,0,0,6,10,6
152721,15,148039,1,15,3,4,0,3,0,5,3,18,0.033333333,0,0,0,0,0,0,0,0,0,0,10,15,0
152726,400,148039,6,8,1,3,0,2,0,2,2,18,0.033333333,0,0,0,0,0,0,0,0,0,0,6,8,0
152765,8,652701,1,8,2,3,0,1,0,0,0,3,0.033333333,0,0,0,0,0,0,0,0,0,0,5,8,0
152772,26,652701,1,26,15,6,0,3,0,0,0,3,0.033333333,0,0,0,0,0,0,0,0,0,0,9,26,0
152782,10,148039,2,8,2,6,0,0,0,5,0,18,0.033333333,0,0,0,0,0,0,0,0,0,0,5,8,0
152793,32,41550,2,5,2,2,0,1,0,1,0,21,0.033333333,0,0,0,0,0,0,0,0,0,0,4,5,0
152795,96,156596,1,96,17,8,22,5,32,9,1,224,0.1,0,0,0,0,0,0,0,0,0,0,26,20,0
152802,13,652701,1,13,9,0,0,0,2,0,0,3,0.033333333,0,0,0,0,0,0,0,0,0,0,6,13,0
152820,1,652701,1,1,1,0,0,0,0,0,0,3,0.033333333,0,0,0,0,0,0,0,0,0,0,1,1,0
152827,163,221833,4,5,2,2,0,0,0,1,1,58,0.033333333,0,0,0,0,0,0,0,0,0,0,4,5,0
152831,138,148039,1,138,15,32,17,22,2,42,17,18,0.1,0,0,0,0,0,0,0,0,0,0,22,131,0
152849,193,334927,3,1,1,0,0,0,0,0,0,7,0.033333333,0,0,0,1,0,0,0,0,0,0,1,1,0
152875,1533,43183,4,7,2,3,0,1,0,2,1,24,0.033333333,7,0,0,0,0,0,0,0,0,0,5,7,0
152877,13,334927,1,13,6,5,0,0,1,2,0,7,0.033333333,0,0,0,0,13,0,0,0,0,0,8,13,0
152879,228,148500,5,1,1,0,0,0,0,0,0,29,0.033333333,0,0,0,0,0,0,0,0,0,0,1,1,0
152883,153,334927,2,2,2,0,0,0,0,0,0,7,0.033333333,0,0,0,0,2,0,0,0,0,0,1,2,0
152885,15,334927,1,15,5,5,0,3,0,2,2,7,0.033333333,0,0,0,0,15,0,0,0,0,0,7,15,0
152888,5,878119,1,5,3,1,0,1,0,1,0,20,0.033333333,0,0,0,0,0,0,0,0,0,0,5,5,0
152892,1,43183,1,1,1,0,0,0,0,0,0,24,0.033333333,1,0,0,0,0,0,0,0,0,0,1,1,0
152893,9,334927,1,9,6,1,0,1,0,1,1,7,0.033333333,0,0,0,0,9,0,0,0,0,0,7,9,0
152912,38,334927,1,38,5,17,4,2,2,18,2,7,0.033333333,0,0,0,0,38,0,0,0,0,0,22,38,0
152917,339,878119,2,13,2,5,0,4,0,4,2,20,0.033333333,0,0,0,0,0,0,0,0,0,0,9,13,0
152937,8,334927,1,8,3,3,0,1,0,2,1,7,0.033333333,0,0,0,0,8,0,0,0,0,0,6,8,0
152942,17,334927,1,17,4,7,0,4,0,3,2,7,0.033333333,0,0,0,0,17,0,0,0,0,0,8,17,0
152951,1829,21560,7,1,1,0,0,0,0,0,0,9,0.033333333,0,0,0,0,0,0,0,0,0,0,1,1,0
152954,4,148500,3,1,1,0,0,0,0,0,0,29,0.033333333,0,0,0,0,0,0,0,0,0,0,1,1,0
152956,48,334927,2,5,1,2,0,1,0,1,1,7,0.033333333,0,0,0,0,5,0,0,0,0,0,4,5,0
152957,14,878119,1,14,4,7,0,3,0,4,0,20,0.033333333,0,0,0,0,0,0,0,0,0,0,7,14,0
152961,16,878119,1,16,3,6,0,3,0,7,3,20,0.033333333,0,0,0,0,0,0,0,0,0,0,8,16,0
152963,1,34988,1,1,1,0,0,0,0,0,0,108,0.033333333,0,0,0,0,0,0,0,0,0,0,1,1,0
152968,158,878119,2,68,10,26,3,19,0,17,9,20,0.133333333,0,0,0,0,0,0,0,0,0,0,26,58,0
152970,18,878119,1,18,3,8,0,3,0,7,2,20,0.033333333,0,0,0,0,0,0,0,0,0,0,10,18,0
152974,12,878119,1,12,5,3,0,2,0,3,1,20,0.033333333,0,0,0,0,0,0,0,0,0,0,8,12,0
152981,1434,43183,14,83,1,9,57,3,0,12,0,24,0.033333333,83,0,0,0,0,0,0,0,0,0,21,83,0
152991,328,148500,2,259,2,18,191,9,0,33,0,29,0.033333333,0,0,0,0,0,0,0,0,0,0,36,259,0
153001,12,878119,1,12,9,2,0,1,0,1,0,20,0.033333333,0,0,0,0,0,0,0,0,0,0,6,12,0
153003,78,878119,2,40,6,15,1,12,1,10,3,20,0.1,0,0,0,0,0,0,0,0,0,0,15,34,6
153010,33,334927,1,33,5,18,6,1,1,16,1,7,0.033333333,0,0,0,0,33,0,0,0,0,0,17,33,0
153027,62,21560,5,27,1,8,0,7,0,9,9,9,0.033333333,0,0,0,0,0,0,0,0,0,0,10,27,0
153031,43,43183,6,37,3,11,0,7,0,14,10,24,0.033333333,37,0,0,0,0,0,0,0,0,0,16,37,0
153037,16,878119,1,16,6,4,0,2,2,3,1,20,0.033333333,0,0,0,0,0,0,0,0,0,0,10,16,0
153042,48,878119,2,13,2,6,0,3,0,5,2,20,0.033333333,0,0,0,0,0,0,0,0,0,0,8,13,0
153048,7,334927,1,7,4,1,0,1,0,1,1,7,0.033333333,0,0,0,0,7,0,0,0,0,0,6,7,0
153049,2,878119,1,2,2,0,0,0,0,0,0,20,0.033333333,0,0,0,0,0,0,0,0,0,0,1,2,0
153067,57,334927,2,1,1,0,0,0,0,0,0,7,0.033333333,0,0,0,0,1,0,0,0,0,0,1,1,0
153080,52,334927,1,52,10,32,2,0,6,28,0,7,0.033333333,0,0,0,0,52,0,0,0,0,0,19,52,0
153101,120,878119,5,84,7,35,2,24,0,38,8,20,0.066666667,0,19,0,0,0,0,0,0,0,0,27,65,0
153108,23,34988,2,10,6,2,0,1,0,1,1,108,0.1,0,0,0,0,0,0,0,0,7,0,6,2,0
153117,7,878119,1,7,2,3,0,1,0,2,1,20,0.033333333,0,0,0,0,0,0,0,0,0,0,6,7,0
153127,7,878119,1,7,2,3,0,2,0,2,0,20,0.033333333,0,0,0,0,0,0,0,0,0,0,5,7,0
153134,3,334927,2,1,1,0,0,0,0,0,0,7,0.033333333,0,0,0,0,1,0,0,0,0,0,1,1,0
153146,52,21560,3,6,1,3,0,1,0,2,1,9,0.033333333,0,0,0,0,0,0,0,0,0,0,4,6,0
153147,30,21560,2,1,1,0,0,0,0,0,0,9,0.033333333,0,0,0,0,0,0,0,0,0,0,1,1,0
153153,14,878119,1,14,7,5,0,1,0,2,1,20,0.033333333,0,0,0,0,0,0,0,0,0,0,9,14,0
153164,14,878119,1,14,4,4,0,3,0,4,1,20,0.033333333,0,0,0,0,0,0,0,0,0,0,9,14,0
153166,13,878119,1,13,5,5,0,3,0,4,0,20,0.033333333,0,0,0,0,0,0,0,0,0,0,5,13,0
153169,2,334927,1,2,2,0,0,0,0,0,0,7,0.033333333,0,0,0,0,2,0,0,0,0,0,2,2,0
153171,415,34988,10,6,2,2,0,1,0,1,1,108,0.033333333,0,0,0,0,0,0,0,0,0,0,5,6,0
153177,7,43183,5,1,1,0,0,0,0,0,0,24,0.033333333,1,0,0,0,0,0,0,0,0,0,1,1,0
153191,2,148500,1,2,2,0,0,0,0,0,0,29,0.033333333,0,0,0,0,0,0,0,0,0,0,2,2,0
153198,19,878119,2,6,1,3,0,1,0,2,1,20,0.033333333,0,0,0,0,0,0,0,0,0,0,5,6,0
153199,7,334927,1,7,3,2,0,1,0,1,1,7,0.033333333,0,0,0,0,7,0,0,0,0,0,5,7,0
153214,3,334927,2,1,1,0,0,0,0,0,0,7,0.033333333,0,0,0,0,0,0,0,0,0,0,1,1,0
153218,126,334927,3,123,25,36,1,30,7,28,18,7,0.066666667,0,0,0,0,0,0,0,0,0,0,23,93,0
153245,368,399092,1,368,22,47,69,42,13,127,32,101,0.1,0,0,0,0,0,0,0,0,0,0,59,238,130
153251,26,457932,1,26,3,6,6,5,0,5,4,21,0.066666667,0,0,0,0,0,0,0,0,0,0,11,24,0
153262,20,334927,2,18,6,7,0,3,0,7,2,7,0.033333333,0,0,0,0,0,0,0,0,0,0,8,18,0
153277,118,399092,1,118,13,37,0,31,12,31,19,101,0.133333333,0,0,0,15,0,0,0,0,0,0,29,5,0
153286,14,85576,1,14,2,9,0,1,0,10,0,54,0.066666667,0,0,0,0,0,0,0,0,0,0,5,12,2
153288,441,188602,6,6,2,4,0,0,0,1,0,96,0.066666667,0,0,0,0,0,0,0,0,0,0,4,3,0
153297,31,127749,3,8,2,6,0,0,0,5,0,102,0.033333333,0,0,0,0,0,0,0,0,0,0,7,8,0
153305,420,260769,5,185,6,40,36,36,0,57,27,0,0.166666667,19,0,0,0,0,0,0,0,0,0,65,100,1
153329,28,140022,1,28,4,4,6,4,0,7,4,232,0.033333333,0,0,0,0,0,0,0,0,0,0,12,28,0
153342,124,110497,6,17,8,4,0,2,1,1,1,24,0.033333333,0,0,0,0,0,0,0,0,0,0,9,17,0
153357,339,110497,4,1,1,0,0,0,0,0,0,24,0.033333333,0,0,0,0,0,0,0,0,0,0,1,1,0
153358,167,334927,2,9,2,3,0,2,0,2,2,7,0.033333333,0,0,0,0,0,0,0,0,0,0,7,9,0
153363,84,334927,2,18,9,3,0,2,2,1,1,7,0.033333333,0,0,0,0,0,0,0,0,0,0,9,18,0
153364,7,502584,6,2,2,0,0,0,0,0,0,143,0.033333333,0,0,0,0,0,0,0,0,0,0,2,2,0
153390,287,399092,7,3,3,0,0,0,0,0,0,101,0.066666667,0,0,0,0,0,0,0,0,0,0,2,3,0
153407,12,334927,1,12,3,6,0,2,0,5,1,7,0.033333333,0,0,0,0,0,0,0,0,0,0,6,12,0
153410,13,127749,1,13,5,4,0,1,1,3,1,102,0.033333333,0,0,0,0,0,0,0,0,0,0,8,13,0
153414,2,247683,2,1,1,0,0,0,0,0,0,23,0.033333333,0,0,0,0,0,0,0,0,0,0,1,1,0
153422,13,457932,3,2,2,0,0,0,0,0,0,21,0.033333333,0,0,0,0,0,0,0,0,0,0,2,2,0
153466,11,334927,1,11,5,6,0,0,0,3,0,7,0.033333333,0,0,0,0,0,0,0,0,0,0,5,11,0
153467,191,457932,2,1,1,0,0,0,0,0,0,21,0.033333333,0,0,0,0,0,0,0,0,0,0,1,1,0
153477,4,250865,4,1,1,0,0,0,0,0,0,34,0.033333333,0,0,0,0,0,0,0,0,0,0,1,1,0
153480,4,86829,4,1,1,0,0,0,0,0,0,63,0.033333333,0,0,0,0,0,0,0,0,0,0,1,1,0
153482,271,250865,4,37,5,15,0,10,0,9,7,34,0.066666667,0,0,0,0,0,0,0,0,0,0,16,20,17
153500,37,247683,2,22,7,8,0,4,0,5,3,23,0.033333333,0,0,0,0,0,0,0,0,0,0,10,22,0
153503,73,334927,1,73,14,33,8,0,9,27,1,7,0.133333333,0,0,0,0,0,0,0,0,0,0,23,45,0
153514,35,346877,3,25,9,9,0,2,2,6,2,9,0.066666667,0,0,0,0,0,0,0,0,0,0,12,25,0
153523,25,457932,1,25,6,7,2,5,1,6,4,21,0.033333333,0,0,0,0,0,0,0,0,0,0,16,25,0
153534,143,346877,3,9,2,3,0,2,0,2,2,9,0.033333333,0,0,0,0,0,0,0,0,0,0,7,9,0
153535,58,457932,2,57,11,17,15,1,3,17,1,21,0.066666667,0,0,0,0,0,0,0,0,0,0,24,56,0
153536,58,334927,2,1,1,0,0,0,0,0,0,7,0.033333333,0,0,0,0,0,0,0,0,0,0,1,1,0
153543,3,46603,1,3,1,0,0,0,2,0,0,5,0.033333333,0,0,0,0,0,0,0,0,0,0,2,3,0
153547,12,334927,1,12,2,5,0,3,0,2,2,7,0.033333333,0,0,0,0,0,0,0,0,0,0,6,12,0
153548,22,334927,1,22,2,6,2,5,3,6,1,7,0.033333333,0,0,0,0,0,0,0,0,0,0,7,22,0
153555,23,85576,1,23,8,5,0,3,1,5,1,54,0.033333333,0,0,0,0,0,0,0,0,0,0,10,23,0
153559,5,334927,1,5,3,2,0,0,0,1,0,7,0.033333333,0,0,0,0,0,0,0,0,0,0,4,5,0
153562,984,188602,5,441,12,74,310,10,0,80,2,96,0.233333333,0,145,0,0,0,0,0,13,8,0,96,32,0
153566,34,127749,2,33,11,9,0,6,0,4,4,102,0.033333333,0,0,0,0,0,0,0,0,0,0,13,33,0
153592,34,27035,2,1,1,0,0,0,0,0,0,60,0.033333333,0,0,0,0,0,0,0,0,0,0,1,1,0
153597,175,346877,2,101,2,9,57,1,10,18,0,9,0.066666667,0,0,0,0,0,32,0,0,0,0,18,69,0
153598,8,334927,1,8,4,3,0,0,0,2,0,7,0.033333333,0,0,0,0,0,0,0,0,0,0,5,8,0
153620,59,399092,5,1,1,0,0,0,0,0,0,101,0.033333333,0,0,0,0,0,0,0,0,0,0,1,1,0
153639,46,457932,2,39,7,15,7,1,5,12,1,21,0.066666667,0,2,0,0,0,0,0,0,0,0,19,37,0
153644,53,250865,7,2,2,0,0,0,0,0,0,34,0.033333333,0,0,0,0,0,0,0,0,0,0,2,2,0
153656,2,399092,1,2,2,0,0,0,0,0,0,101,0.033333333,0,0,0,0,0,0,0,0,0,0,2,2,0
153657,53,247683,7,1,1,0,0,0,0,0,0,23,0.033333333,0,0,0,0,0,0,0,0,0,0,1,1,0
153667,1423,346877,10,109,10,31,18,22,2,32,9,9,0.1,0,0,0,0,0,0,0,0,0,0,31,56,0
153681,1,399092,1,1,1,0,0,0,0,0,0,101,0.033333333,0,0,0,0,0,0,0,0,0,0,1,1,0
153686,9,502584,1,9,7,0,0,0,1,0,0,143,0.033333333,0,0,0,0,0,0,0,0,0,0,4,9,0
153709,164,260769,2,16,1,6,6,2,0,4,1,0,0.033333333,0,0,0,0,0,0,0,0,0,0,7,16,0
153711,18,502584,1,18,6,5,0,1,0,5,1,143,0.033333333,0,0,0,0,0,0,0,0,0,0,8,18,0
153725,8,334927,1,8,5,0,0,0,2,0,0,7,0.033333333,0,0,0,0,0,0,0,0,0,0,6,8,0
153734,168,46603,3,68,5,30,6,11,0,25,16,5,0.1,0,5,0,0,0,0,0,0,0,0,18,44,24
153736,10,85168,5,2,2,0,0,0,0,0,0,139,0.033333333,0,0,0,0,0,0,0,0,0,0,1,2,0
153753,14,457932,1,14,2,5,1,0,5,4,0,21,0.033333333,0,0,0,0,0,0,0,0,0,0,7,14,0
153754,208,188602,2,185,24,46,19,41,13,42,34,96,0.066666667,0,0,0,0,0,0,0,0,0,0,53,106,79
153755,17,457932,2,2,2,0,0,0,0,0,0,21,0.033333333,0,0,0,0,0,0,0,0,0,0,2,2,0
153758,41,42723,5,16,7,3,0,2,1,2,2,6,0.033333333,0,0,0,0,0,0,0,0,0,0,11,16,0
153784,13,188602,2,11,4,5,0,1,0,2,1,96,0.033333333,0,0,0,0,0,0,0,0,0,0,7,11,0
153797,31,457932,3,13,1,7,3,1,0,6,0,21,0.033333333,0,0,0,0,0,0,0,0,0,0,9,13,0
153804,45,399092,3,10,2,4,0,3,0,3,1,101,0.033333333,0,0,0,0,0,0,0,0,0,0,7,10,0
153814,45,334927,3,20,2,7,0,6,0,6,5,7,0.033333333,0,0,0,0,0,0,0,0,0,0,12,20,0
153822,53,346877,3,44,7,7,11,0,5,17,0,9,0.033333333,0,0,0,0,0,0,0,0,0,0,15,44,0
153852,13,502584,2,2,2,0,0,0,0,0,0,143,0.033333333,0,0,0,0,0,0,0,0,0,0,2,2,0
153858,435,457932,8,18,2,6,1,3,0,9,2,21,0.033333333,0,0,0,0,0,0,0,0,0,0,9,18,0
153871,6,85576,1,6,2,2,0,1,0,1,1,54,0.033333333,0,0,0,0,0,0,0,0,0,0,5,6,0
153881,74,334927,2,73,13,28,0,17,0,20,12,7,0.066666667,0,0,0,0,0,0,0,0,0,55,25,18,55
153894,155,110497,7,23,6,8,0,5,1,3,3,24,0.066666667,0,0,0,0,0,0,0,0,0,0,9,11,0
153921,47,334927,3,1,1,0,0,0,0,0,0,7,0.033333333,0,0,0,0,0,0,0,0,0,0,1,1,0
153951,82,346877,2,53,4,18,17,2,0,24,0,9,0.1,0,0,0,0,0,0,0,0,0,0,15,50,3
153958,1090,346877,7,52,3,20,0,17,0,20,9,9,0.066666667,15,0,0,0,0,0,0,0,0,0,19,37,15
153959,78,457932,2,14,2,7,3,0,0,7,0,21,0.033333333,0,0,0,0,0,0,0,0,0,0,10,14,0
153977,284,457932,3,64,6,16,15,14,0,13,11,21,0.033333333,0,0,0,0,0,0,0,0,0,0,29,64,0
153982,969,247683,5,25,8,5,0,5,3,5,4,23,0.066666667,0,0,0,0,0,0,0,0,0,0,13,23,0
154009,2,457932,1,2,2,0,0,0,0,0,0,21,0.033333333,0,0,0,0,0,0,0,0,0,0,2,2,0
154020,375,110497,6,36,5,12,3,8,0,12,2,24,0.066666667,0,0,0,0,0,0,0,0,0,0,13,11,0
154029,1,457932,1,1,1,0,0,0,0,0,0,21,0.033333333,0,0,0,0,0,0,0,0,0,0,1,1,0
154041,48,250865,1,48,3,13,7,10,0,15,6,34,0.066666667,0,0,0,0,0,0,0,0,0,0,12,14,0
154053,58,399092,1,58,6,8,5,5,0,26,3,101,0.066666667,0,0,0,0,0,0,0,0,0,1,12,58,0
154058,17,457932,3,1,1,0,0,0,0,0,0,21,0.033333333,0,0,0,0,0,0,0,0,0,0,1,1,0
154062,13,85168,2,7,2,3,0,1,0,2,1,139,0.033333333,0,0,0,0,0,0,0,0,0,0,5,7,0
154064,7,42723,5,1,1,0,0,0,0,0,0,6,0.033333333,0,0,0,0,0,0,0,0,0,0,1,1,0
154072,15,42723,1,15,2,3,0,1,0,6,1,6,0.033333333,0,0,0,0,0,0,0,0,0,0,6,15,0
154077,2,399092,1,2,2,0,0,0,0,0,0,101,0.033333333,0,0,0,0,0,0,0,0,0,0,1,2,0
154082,7,24979,1,7,2,3,0,1,0,2,1,25,0.033333333,0,0,0,0,0,0,0,0,0,0,6,7,0
154088,21,334927,2,6,2,2,0,1,0,1,1,7,0.033333333,0,0,0,0,0,0,0,0,0,0,5,6,0
154111,8,346877,1,8,5,3,0,0,0,2,0,9,0.033333333,0,0,0,0,0,0,0,0,0,0,4,8,0
154122,5,261579,4,2,2,0,0,0,0,0,0,5,0.033333333,0,0,2,0,0,0,0,0,0,0,2,2,0
154128,17,86829,2,15,3,5,3,1,1,5,1,63,0.033333333,0,0,0,0,0,0,0,0,0,0,12,15,0
154137,92,140022,3,34,7,16,0,6,2,4,3,232,0.066666667,0,0,0,0,0,0,0,0,0,0,10,14,0
154143,7,334927,1,7,4,3,0,0,0,2,0,7,0.033333333,0,0,0,0,0,0,0,0,0,0,7,7,0
154144,1,46603,1,1,1,0,0,0,0,0,0,5,0.033333333,0,0,0,0,0,0,0,0,0,0,1,1,0
154153,553,334927,12,4,2,2,0,0,0,1,0,7,0.033333333,0,0,0,0,0,0,0,0,0,0,4,4,0
154169,17,334927,2,16,5,6,0,3,1,2,1,7,0.033333333,0,0,0,0,0,0,0,0,0,0,8,16,0
154177,27,457932,2,17,2,6,3,4,0,3,2,21,0.033333333,0,0,0,0,0,0,0,0,0,0,10,17,0
154180,64,247683,2,58,5,19,0,18,0,19,15,23,0.033333333,0,0,0,0,0,0,0,0,0,0,33,58,0
154185,38,261579,10,2,2,0,0,0,0,0,0,5,0.066666667,0,0,1,0,0,0,0,0,0,0,1,1,0
154187,38,502584,10,6,4,2,0,0,0,1,0,143,0.066666667,0,0,0,0,0,0,0,0,0,0,5,5,0
154189,64,110497,2,6,2,2,0,1,0,1,1,24,0.033333333,0,0,0,0,0,0,0,0,0,0,5,6,0
154211,258,85576,5,7,3,3,0,1,0,2,0,54,0.033333333,0,0,0,0,0,0,7,0,0,0,4,7,0
154231,14,346877,1,14,2,10,0,1,0,9,1,9,0.033333333,0,0,0,0,0,0,0,14,0,0,9,14,0
154238,31,457932,2,21,4,12,4,0,0,9,0,21,0.033333333,0,0,0,0,0,21,0,0,0,0,11,21,0
154244,47,110497,3,1,1,0,0,0,0,0,0,24,0.033333333,0,0,0,0,0,0,0,1,0,0,1,1,0
154250,429,127749,6,1,1,0,0,0,0,0,0,102,0.033333333,0,0,0,0,1,0,0,0,0,0,1,1,0
154253,11,148500,1,11,3,2,0,1,1,4,1,29,0.033333333,0,0,0,0,0,0,0,0,0,0,7,11,0
154260,95,110497,3,64,6,19,9,12,0,25,1,24,0.066666667,0,0,0,0,0,0,0,63,0,1,13,63,0
154262,844,27035,4,1,1,0,0,0,0,0,0,60,0.033333333,0,0,0,0,0,1,0,0,0,0,1,1,0
154266,2,457932,1,2,2,0,0,0,0,0,0,21,0.033333333,0,0,0,0,0,2,0,0,0,0,2,2,0
154267,67,457932,1,67,8,27,9,11,1,16,6,21,0.033333333,0,0,0,0,0,67,0,0,0,0,23,67,0
154275,656,42723,6,6,2,4,0,0,0,3,0,6,0.033333333,0,0,0,0,0,0,0,6,0,0,4,6,0
154280,656,260769,6,156,3,34,53,29,0,47,17,0,0.066666667,0,0,0,0,8,0,0,148,0,0,38,8,0
154292,35,21560,2,18,4,5,0,4,0,4,4,9,0.033333333,0,0,0,0,0,0,0,0,0,0,9,18,0
154296,283,247683,1,283,6,180,13,59,0,105,20,23,0.133333333,0,0,0,0,0,0,63,1,0,0,58,17,0
154311,20,878119,2,1,1,0,0,0,0,0,0,20,0.033333333,0,0,0,0,0,0,0,0,0,0,1,1,0
154325,85,110497,3,14,8,3,0,2,0,3,1,24,0.033333333,0,0,0,0,0,0,0,14,0,0,8,14,0
154340,24,334927,2,17,4,8,0,3,0,7,2,7,0.066666667,0,4,0,0,0,0,0,0,0,0,9,13,4
154346,5,334927,1,5,1,2,0,1,0,1,1,7,0.033333333,0,5,0,0,0,0,0,0,0,0,4,5,0
154349,141,878119,2,57,4,20,6,15,0,17,9,20,0.066666667,0,0,0,0,0,0,0,0,0,0,22,23,34
154350,15,260769,1,15,6,6,0,2,0,1,1,0,0.066666667,0,0,0,0,7,0,0,0,0,0,7,8,7
154358,9,188602,1,9,2,5,0,1,0,4,1,96,0.033333333,0,0,0,0,0,0,0,9,0,0,8,9,0
154374,104,140022,2,54,2,33,0,10,0,32,9,232,0.033333333,0,0,0,0,54,0,0,0,0,0,22,54,0
154383,27,188602,2,7,2,3,0,1,0,2,1,96,0.033333333,0,0,0,0,0,0,0,7,0,0,6,7,0
154385,18,878119,1,18,6,5,0,4,1,4,1,20,0.033333333,0,0,0,0,0,0,0,0,0,0,10,18,0
154393,230,110497,21,2,2,0,0,0,0,0,0,24,0.066666667,0,0,0,0,0,0,0,1,0,0,1,1,1
154427,2,148500,1,2,2,0,0,0,0,0,0,29,0.033333333,0,0,0,0,0,0,0,0,0,0,2,2,0
154435,1,878119,1,1,1,0,0,0,0,0,0,20,0.033333333,0,0,0,0,0,0,0,0,0,0,1,1,0
154440,8,334927,1,8,3,3,0,1,0,3,1,7,0.033333333,0,8,0,0,0,0,0,0,0,0,8,8,0
154459,1,346877,1,1,1,0,0,0,0,0,0,9,0.033333333,0,0,0,0,0,0,0,1,0,0,1,1,0
154466,79,878119,1,79,8,39,10,2,7,40,1,20,0.066666667,0,0,15,0,0,0,0,0,0,0,27,64,0
154469,173,346877,2,12,2,7,0,3,0,6,0,9,0.033333333,0,0,0,0,0,0,0,12,0,0,5,12,0
154472,19,878119,1,19,8,6,0,2,1,4,0,20,0.033333333,0,0,0,0,0,0,0,0,0,0,10,19,0
154477,31,878119,1,31,6,13,0,8,0,11,0,20,0.033333333,0,0,0,0,0,0,0,0,0,0,10,31,0
154485,7,334927,1,7,2,3,0,1,0,2,1,7,0.033333333,0,7,0,0,0,0,0,0,0,0,6,7,0
154515,1,21560,1,1,1,0,0,0,0,0,0,9,0.033333333,0,0,0,0,0,0,0,0,0,0,1,1,0
154517,334,148500,3,1,1,0,0,0,0,0,0,29,0.033333333,0,0,0,0,0,0,0,0,0,0,1,1,0
154520,6,260769,1,6,2,2,0,1,0,1,1,0,0.033333333,0,0,0,0,6,0,0,0,0,0,5,6,0
154521,9,86829,1,9,3,2,0,2,0,2,2,63,0.066666667,0,0,0,0,0,0,0,1,0,0,7,8,0
154528,7,140022,1,7,2,3,0,1,0,2,1,232,0.033333333,0,0,0,0,7,0,0,0,0,0,5,7,0
154533,40,42723,4,3,1,2,0,0,0,1,0,6,0.033333333,0,0,0,0,0,0,0,3,0,0,3,3,0
154535,218,457932,1,218,13,65,39,50,9,54,38,21,0.133333333,0,0,0,22,0,63,0,0,97,36,63,22,0
154556,207,140022,2,206,20,103,0,46,0,74,30,232,0.233333333,9,0,0,0,1,0,11,0,0,0,54,76,0
154565,377,34988,5,1,1,0,0,0,0,0,0,108,0.033333333,0,0,0,0,0,0,0,0,0,0,1,1,0
154566,377,127749,5,1,1,0,0,0,0,0,0,102,0.033333333,0,0,0,0,1,0,0,0,0,0,1,1,0
154601,17,878119,5,1,1,0,0,0,0,0,0,20,0.033333333,0,0,0,0,0,0,0,0,0,0,1,1,0
154603,1,878119,1,1,1,0,0,0,0,0,0,20,0.033333333,0,0,0,0,0,0,0,0,0,0,1,1,0
154604,239,34988,2,5,2,3,0,0,0,2,0,108,0.033333333,0,0,0,0,0,0,0,0,0,0,3,5,0
154610,5,43183,3,3,3,0,0,0,0,0,0,24,0.033333333,0,0,0,0,0,0,0,0,0,0,1,3,0
154613,5,878119,3,1,1,0,0,0,0,0,0,20,0.033333333,0,0,0,0,0,0,0,0,0,0,1,1,0
154627,518,250865,5,226,23,51,34,36,20,73,9,34,0.133333333,69,0,0,0,133,0,0,0,0,0,34,15,9
154640,175,247683,5,31,4,23,0,2,0,20,2,23,0.066666667,0,0,0,0,0,0,0,7,0,24,25,7,0
154641,6,127749,1,6,2,2,0,1,0,1,1,102,0.033333333,0,0,0,0,6,0,0,0,0,0,5,6,0
154657,3,457932,1,3,2,0,0,0,1,0,0,21,0.033333333,0,0,0,0,0,3,0,0,0,0,3,3,0
154658,674,42723,9,5,2,2,0,1,0,1,0,6,0.033333333,0,0,0,0,0,0,0,5,0,0,4,5,0
154666,299,188602,8,5,1,2,0,1,0,1,1,96,0.033333333,0,0,0,0,0,0,0,5,0,0,4,5,0
154669,20,34988,1,20,13,2,0,1,0,2,1,108,0.033333333,0,0,0,0,0,0,0,0,0,0,8,20,0
154681,15,878119,2,14,9,3,0,1,1,1,0,20,0.033333333,0,0,0,0,0,0,0,0,0,0,7,14,0
154690,175,260769,5,31,3,22,1,2,0,19,2,0,0.066666667,0,0,0,0,6,0,0,25,0,0,21,6,0
154699,114,334927,2,67,11,44,5,2,1,29,1,7,0.066666667,0,45,0,0,0,0,0,0,0,0,22,45,0
154704,7,85576,1,7,2,4,0,1,0,3,0,54,0.033333333,0,0,0,0,0,0,0,7,0,0,6,7,0
154727,67,334927,2,2,2,0,0,0,0,0,0,7,0.033333333,0,2,0,0,0,0,0,0,0,0,2,2,0
154747,4,334927,2,2,2,0,0,0,0,0,0,7,0.033333333,0,2,0,0,0,0,0,0,0,0,2,2,0
154755,8,878119,1,8,2,5,0,1,0,4,0,20,0.033333333,0,0,0,0,0,0,0,0,0,0,5,8,0
154760,4,21560,4,1,1,0,0,0,0,0,0,9,0.033333333,0,0,0,0,0,0,0,0,0,0,1,1,0
154791,3,27035,3,1,1,0,0,0,0,0,0,60,0.033333333,0,0,0,0,0,1,0,0,0,0,1,1,0
154793,2,110497,1,2,2,0,0,0,0,0,0,24,0.033333333,0,0,0,0,0,0,0,2,0,0,2,2,0
154804,374,110497,2,24,10,8,0,4,0,1,1,24,0.1,0,0,0,0,0,5,0,8,0,0,9,11,0
154811,2,878119,1,2,2,0,0,0,0,0,0,20,0.033333333,0,0,0,0,0,0,0,0,0,0,2,2,0
154812,131,188602,6,81,11,20,37,0,7,19,0,96,0.066666667,0,0,0,0,0,0,0,7,0,0,29,81,0
154813,242,457932,1,242,28,64,48,50,15,41,30,21,0.2,35,42,0,0,0,10,0,0,6,0,57,164,72
154827,5,188602,1,5,4,1,0,0,0,0,0,96,0.033333333,0,0,0,0,0,0,0,5,0,0,4,5,0
154830,17,46603,2,2,2,0,0,0,0,0,0,5,0.033333333,0,0,0,2,0,0,0,0,0,0,1,2,0
154832,17,127749,2,13,9,4,0,0,0,1,0,102,0.033333333,0,0,0,0,13,0,0,0,0,0,5,13,0
154833,46,878119,1,46,11,17,0,11,1,6,4,20,0.133333333,0,0,7,0,0,0,0,0,0,0,13,30,8
154866,122,457932,1,122,6,33,24,30,0,29,23,21,0.066666667,0,0,0,0,0,51,0,0,0,0,57,71,0
154868,14,42723,4,1,1,0,0,0,0,0,0,6,0.033333333,0,0,0,0,0,0,0,1,0,0,1,1,0
154870,6,346877,1,6,1,5,0,0,0,4,0,9,0.033333333,0,0,0,0,0,0,0,6,0,0,6,6,0
154883,290,247683,2,289,16,225,25,8,1,187,5,23,0.2,36,0,0,0,0,0,0,62,0,0,45,30,23
154898,333,188602,4,5,1,3,0,1,0,2,0,96,0.033333333,0,0,0,0,0,0,0,5,0,0,4,5,0
154899,7,110497,2,6,2,3,0,1,0,2,0,24,0.033333333,0,0,0,0,0,0,0,6,0,0,4,6,0
154903,129,457932,1,129,6,62,0,35,1,51,23,21,0.1,0,0,0,0,0,16,0,12,0,0,43,101,0
154905,17,250865,2,8,4,2,0,1,0,1,1,34,0.033333333,0,0,0,0,8,0,0,0,0,0,5,8,0
154920,17,334927,2,9,2,3,0,2,0,2,2,7,0.033333333,0,9,0,0,0,0,0,0,0,0,7,9,0
154925,13,42723,2,1,1,0,0,0,0,0,0,6,0.033333333,0,0,0,0,0,0,0,1,0,0,1,1,0
154937,12,46603,2,1,1,0,0,0,0,0,0,5,0.033333333,0,0,0,1,0,0,0,0,0,0,1,1,0
154941,6,85168,1,6,2,2,0,1,0,1,1,139,0.033333333,0,0,0,0,0,0,0,6,0,0,5,6,0
154960,76,457932,2,33,3,18,5,3,0,15,3,21,0.066666667,0,0,0,0,0,2,0,0,0,0,9,31,0
155002,120,878119,1,120,13,41,12,28,3,34,12,20,0.166666667,0,0,0,0,0,0,0,0,0,0,37,48,62
155009,34,334927,1,34,9,24,0,0,0,18,0,7,0.033333333,0,34,0,0,0,0,0,0,0,0,14,34,0
155014,213,457932,8,1,1,0,0,0,0,0,0,21,0.033333333,0,0,0,0,0,1,0,0,0,0,1,1,0
155018,51,878119,1,51,14,22,2,5,4,16,0,20,0.066666667,0,0,0,0,0,0,0,0,0,0,20,13,0
155032,49,34988,2,6,2,2,0,1,0,1,1,108,0.033333333,0,0,0,0,0,0,0,0,0,0,5,6,0
155034,49,457932,1,49,7,13,20,0,1,16,0,21,0.033333333,0,0,0,0,0,49,0,0,0,0,23,49,0
155037,286,27035,5,159,13,54,10,30,1,86,9,60,0.066666667,0,0,0,0,0,29,0,0,130,0,27,29,0
155048,47,148500,1,47,3,12,10,1,0,26,1,29,0.033333333,0,0,0,0,0,0,0,0,0,0,15,47,0
155071,338,878119,5,1,1,0,0,0,0,0,0,20,0.033333333,0,0,0,0,0,0,0,0,0,0,1,1,0
155076,87,127749,4,12,4,4,0,2,0,3,2,102,0.033333333,0,0,0,0,12,0,0,0,0,0,8,12,0
155082,29,260769,2,1,1,0,0,0,0,0,0,0,0.033333333,0,0,0,0,1,0,0,0,0,0,1,1,0
155083,143,457932,3,18,2,8,2,4,0,7,2,21,0.033333333,0,0,0,0,0,18,0,0,0,0,9,18,0
155086,29,346877,2,28,2,6,14,1,0,7,0,9,0.033333333,0,0,0,0,0,0,0,28,0,0,11,28,0
155088,137,878119,2,26,4,12,4,0,4,9,0,20,0.066666667,0,0,0,0,0,0,0,0,0,0,10,10,16
155095,21,127749,2,2,2,0,0,0,0,0,0,102,0.033333333,0,0,0,0,2,0,0,0,0,0,2,2,0
155099,413,250865,5,1,1,0,0,0,0,0,0,34,0.033333333,0,0,0,0,1,0,0,0,0,0,1,1,0
155104,415,21560,10,1,1,0,0,0,0,0,0,9,0.033333333,0,0,0,0,0,0,0,0,0,0,1,1,0
155116,18,127749,1,18,1,6,0,5,0,6,5,102,0.033333333,0,0,0,0,18,0,0,0,0,0,12,18,0
155125,2,878119,1,2,2,0,0,0,0,0,0,20,0.033333333,0,0,0,0,0,0,0,0,0,0,2,2,0
155136,718,27035,3,1,1,0,0,0,0,0,0,60,0.033333333,0,0,0,0,0,1,0,0,0,0,1,1,0
155145,48,346877,2,1,1,0,0,0,0,0,0,9,0.033333333,0,0,0,0,0,0,0,1,0,0,1,1,0
155157,237,148500,3,28,2,5,7,5,0,8,4,29,0.033333333,0,0,0,0,0,0,0,0,0,0,9,28,0
155164,843,334927,3,42,2,15,0,14,0,14,11,7,0.033333333,0,42,0,0,0,0,0,0,0,0,25,42,0
155183,20,457932,3,18,1,10,3,3,0,5,0,21,0.033333333,0,0,0,0,0,18,0,0,0,0,7,18,0
155184,2,43183,1,2,2,0,0,0,0,0,0,24,0.033333333,0,0,0,0,0,0,0,0,0,0,2,2,0
155191,348,457932,6,17,1,8,2,4,0,7,2,21,0.033333333,0,0,0,0,0,17,0,0,0,0,8,17,0
155222,16,247683,1,16,1,13,0,0,0,14,0,23,0.033333333,0,0,0,0,0,0,0,16,0,0,13,16,0
155232,98,42723,6,5,1,2,0,1,0,1,1,6,0.033333333,0,0,0,0,0,0,0,5,0,0,4,5,0
155251,13,260769,1,13,7,3,0,2,0,2,1,0,0.033333333,0,0,0,0,13,0,0,0,0,0,7,13,0
155255,132,260769,2,2,2,0,0,0,0,0,0,0,0.033333333,0,0,0,0,2,0,0,0,0,0,2,2,0
155297,24,43183,1,24,4,7,0,3,1,8,3,24,0.033333333,0,0,0,0,0,0,0,0,0,0,10,24,0
155305,24,110497,2,1,1,0,0,0,0,0,0,24,0.033333333,0,0,0,0,0,0,0,1,0,0,1,1,0
155314,924,250865,8,46,3,12,12,9,0,14,5,34,0.1,0,0,0,0,8,0,0,0,0,0,14,37,0
155340,19,346877,2,9,2,4,0,2,0,1,1,9,0.033333333,0,0,0,0,0,0,0,9,0,0,5,9,0
155350,14,878119,2,11,5,2,0,2,1,2,1,20,0.033333333,0,0,0,0,0,0,0,0,0,0,9,11,0
155363,11,457932,5,2,2,0,0,0,0,0,0,21,0.033333333,0,0,0,0,0,2,0,0,0,0,2,2,0
155364,11,247683,5,1,1,0,0,0,0,0,0,23,0.033333333,0,0,0,0,0,0,0,1,0,0,1,1,0
155370,337,42723,5,8,3,2,0,2,0,2,1,6,0.033333333,0,0,0,0,0,0,0,0,8,0,7,8,0
155374,210,85576,6,7,2,3,0,1,0,2,1,54,0.033333333,0,0,0,0,0,0,0,7,0,0,4,7,0
155378,247,127749,4,55,9,17,0,13,3,14,10,102,0.1,0,0,0,0,0,4,50,0,1,0,28,4,50
155398,5,148500,1,5,1,2,0,1,0,1,1,29,0.033333333,0,0,0,0,0,0,0,0,0,0,4,5,0
155400,129,334927,2,1,1,0,0,0,0,0,0,7,0.033333333,0,1,0,0,0,0,0,0,0,0,1,1,0
155403,435,247683,6,20,3,10,0,5,0,7,2,23,0.066666667,0,0,0,0,0,0,0,6,0,14,9,6,0
155408,58,878119,1,58,5,17,4,15,0,23,7,20,0.1,0,0,0,0,0,0,0,0,0,0,21,18,36
155423,6,188602,1,6,2,2,0,1,0,1,1,96,0.033333333,0,0,0,0,0,0,0,0,0,0,4,6,0
155437,10,260769,1,10,3,5,0,1,0,2,1,0,0.033333333,0,0,0,0,0,0,0,0,0,0,7,10,0
155451,40,878119,1,40,7,12,4,10,0,11,5,20,0.033333333,0,0,0,0,0,0,0,0,0,0,21,40,0
155457,95,334927,1,95,5,28,7,25,7,23,20,7,0.133333333,0,0,0,0,0,0,0,0,0,0,30,28,65
155461,3,502584,1,3,3,0,0,0,0,0,0,143,0.1,0,0,0,0,0,1,1,0,0,1,1,1,1
155464,936,878119,5,230,15,68,40,58,0,73,26,20,0.2,0,0,51,0,0,0,0,0,0,0,73,168,56
155476,1,188602,1,1,1,0,0,0,0,0,0,96,0.033333333,0,0,0,0,0,0,0,0,0,0,1,1,0
155478,71,878119,2,19,10,4,0,0,4,3,0,20,0.066666667,0,0,0,0,0,0,0,0,0,0,10,18,1
155485,270,346877,4,104,4,17,33,16,9,29,7,9,0.033333333,0,0,0,0,0,0,0,0,0,0,28,104,0
155487,8,878119,1,8,2,3,0,2,0,2,1,20,0.033333333,0,0,0,0,0,0,0,0,0,0,6,8,0
155508,13,502584,1,13,1,2,0,1,0,6,1,143,0.033333333,0,0,0,0,0,0,13,0,0,0,4,13,0
155534,11,334927,1,11,4,2,0,1,1,1,1,7,0.033333333,0,0,0,0,0,0,0,0,0,0,6,11,0
155535,168,878119,3,16,5,7,0,2,1,3,0,20,0.066666667,0,0,0,0,0,0,0,0,0,0,6,12,4
155540,67,878119,2,13,1,6,0,3,0,5,3,20,0.033333333,0,0,0,0,0,0,0,0,0,0,9,13,0
155541,1,24979,1,1,1,0,0,0,0,0,0,25,0.033333333,0,0,0,0,0,0,1,0,0,0,1,1,0
155545,315,334927,2,13,3,5,0,3,0,2,2,7,0.033333333,0,0,0,0,0,0,0,0,0,0,8,13,0
155556,45,878119,1,45,10,17,0,11,0,10,7,20,0.1,0,0,0,0,0,0,0,0,0,0,12,31,7
155558,18,878119,3,6,4,0,0,0,2,0,0,20,0.033333333,0,0,0,0,0,0,0,0,0,0,5,6,0
155562,1835,86829,6,25,5,8,0,6,0,6,5,63,0.066666667,0,0,0,0,0,0,0,0,0,0,14,25,0
155568,8,334927,1,8,4,2,0,1,0,1,1,7,0.033333333,0,0,0,0,0,0,0,0,0,0,5,8,0
155573,72,878119,1,72,3,29,3,18,0,31,14,20,0.033333333,0,0,0,0,0,0,0,0,0,0,19,72,0
155574,59,247683,4,15,2,5,0,4,0,4,4,23,0.033333333,0,15,0,0,0,0,0,0,0,0,11,15,0
155581,20,85168,1,20,2,12,0,3,0,11,3,139,0.133333333,3,0,0,0,0,0,0,0,0,0,10,14,3
155583,81,878119,2,12,2,4,0,3,0,5,1,20,0.033333333,0,0,0,0,0,0,0,0,0,0,7,12,0
155588,68,878119,2,19,8,5,0,4,0,4,0,20,0.033333333,0,0,0,0,0,0,0,0,0,0,8,19,0
155590,2,457932,1,2,2,0,0,0,0,0,0,21,0.033333333,2,0,0,0,0,0,0,0,0,0,2,2,0
155594,33,878119,1,33,5,16,0,7,0,11,5,20,0.066666667,0,0,0,0,0,0,0,0,0,0,16,4,29
155603,137,334927,2,68,16,21,3,14,3,12,9,7,0.066666667,0,0,0,0,0,0,0,0,0,0,27,5,63
155605,17,85576,1,17,5,4,0,2,0,6,2,54,0.033333333,0,0,0,0,0,0,0,0,0,0,5,17,0
155630,290,878119,3,45,12,19,0,11,1,8,1,20,0.066666667,0,0,0,0,0,0,0,0,0,0,15,30,15
155634,24,334927,6,7,3,2,0,1,0,1,1,7,0.033333333,0,0,0,0,0,0,0,0,0,0,5,7,0
155635,506,399092,8,36,3,14,0,10,1,15,3,101,0.033333333,0,0,0,0,0,36,0,0,0,0,17,36,0
155647,133,250865,1,133,4,11,80,2,0,30,0,34,0.066666667,0,0,0,0,0,0,0,0,0,0,22,40,0
155648,190,127749,1,190,11,53,65,22,12,45,18,102,0.033333333,0,0,0,0,0,0,0,0,0,0,46,190,0
155655,28,247683,3,5,2,2,0,1,0,1,0,23,0.033333333,0,5,0,0,0,0,0,0,0,0,4,5,0
155664,17,878119,2,11,4,5,0,1,0,2,1,20,0.033333333,0,0,0,0,0,0,0,0,0,0,8,11,0
155666,159,334927,2,1,1,0,0,0,0,0,0,7,0.033333333,0,0,0,0,0,0,0,0,0,0,1,1,0
155672,531,34988,4,1,1,0,0,0,0,0,0,108,0.033333333,0,0,0,0,0,0,0,0,0,0,1,1,0
155682,1622,247683,13,1,1,0,0,0,0,0,0,23,0.033333333,0,1,0,0,0,0,0,0,0,0,1,1,0
155689,1835,346877,6,1,1,0,0,0,0,0,0,9,0.033333333,0,0,0,0,0,0,0,0,0,0,1,1,0
155698,1,250865,1,1,1,0,0,0,0,0,0,34,0.033333333,0,0,0,0,0,0,0,0,0,0,1,1,0
155710,34,878119,1,34,6,14,0,8,1,13,4,20,0.033333333,0,0,0,0,0,0,0,0,0,0,15,34,0
155711,128,457932,1,128,19,50,33,5,9,40,4,21,0.233333333,4,0,12,0,0,0,0,0,0,31,43,25,43
155713,17,457932,1,17,9,1,3,1,1,1,0,21,0.066666667,1,0,0,0,0,0,0,0,0,0,9,16,0
155724,24,457932,6,1,1,0,0,0,0,0,0,21,0.033333333,1,0,0,0,0,0,0,0,0,0,1,1,0
155727,220,43183,3,73,17,26,10,2,2,25,2,24,0.1,0,0,0,0,0,0,0,0,0,0,16,21,35
155735,149,878119,2,1,1,0,0,0,0,0,0,20,0.033333333,0,0,0,0,0,0,0,0,0,0,1,1,0
155738,71,46603,2,57,7,31,0,9,1,21,8,5,0.133333333,0,0,0,0,0,0,0,0,0,0,26,26,1
155739,110,334927,2,1,1,0,0,0,0,0,0,7,0.033333333,0,0,0,0,0,0,0,0,0,0,1,1,0
155743,25,334927,1,25,6,9,0,6,0,4,4,7,0.066666667,0,0,0,0,0,0,0,0,0,0,12,1,0
155747,724,502584,6,5,3,2,0,0,0,1,0,143,0.066666667,0,0,0,0,0,0,1,0,0,4,4,1,0
155755,1221,878119,6,18,1,11,0,2,0,13,1,20,0.033333333,0,0,0,0,0,0,0,0,0,0,9,18,0
155760,122,34988,5,1,1,0,0,0,0,0,0,108,0.033333333,0,0,0,0,0,0,0,0,0,0,1,1,0
155785,61,878119,3,22,4,8,0,6,0,5,4,20,0.066666667,0,0,0,0,0,0,0,0,0,0,11,20,2
155786,9,334927,1,9,3,3,0,1,0,2,1,7,0.033333333,0,0,0,0,0,0,0,0,0,0,7,9,0
155798,7,878119,1,7,5,0,0,0,2,0,0,20,0.033333333,0,0,0,0,0,0,0,0,0,0,5,7,0
155810,86,346877,4,2,1,0,0,0,1,0,0,9,0.033333333,0,0,0,0,0,0,0,0,0,0,2,2,0
155818,13,502584,1,13,6,4,0,2,0,1,1,143,0.1,0,0,0,0,0,2,5,6,0,0,6,2,5
155833,20,399092,3,1,1,0,0,0,0,0,0,101,0.033333333,0,0,0,0,0,1,0,0,0,0,1,1,0
155834,1,502584,1,1,1,0,0,0,0,0,0,143,0.033333333,0,0,0,0,0,0,1,0,0,0,1,1,0
155858,32,878119,3,15,4,5,0,4,0,4,2,20,0.066666667,0,0,0,0,0,0,0,0,0,0,9,12,3
155869,9,346877,1,9,2,3,0,2,0,2,2,9,0.033333333,0,0,0,0,0,0,0,0,0,0,7,9,0
155875,2,878119,1,2,2,0,0,0,0,0,0,20,0.033333333,0,0,0,0,0,0,0,0,0,0,2,2,0
155880,21,346877,1,21,6,10,0,2,0,7,2,9,0.033333333,0,0,0,0,0,0,0,0,0,0,13,21,0
155881,254,250865,5,1,1,0,0,0,0,0,0,34,0.033333333,0,0,0,0,0,0,0,0,0,0,1,1,0
155888,25,399092,1,25,3,11,0,10,0,10,1,101,0.033333333,0,0,0,0,0,25,0,0,0,0,12,25,0
155893,77,346877,1,77,5,21,20,14,0,23,7,9,0.066666667,0,0,0,0,0,0,0,0,0,0,18,3,74
155904,72,127749,1,72,13,23,0,19,1,16,14,102,0.066666667,0,0,0,0,0,0,0,0,25,0,27,47,0
155906,5,878119,1,5,2,2,0,1,0,1,0,20,0.033333333,0,0,0,0,0,0,0,0,0,0,3,5,0
155917,17,260769,2,15,2,6,0,3,0,6,3,0,0.033333333,0,0,0,0,0,0,0,0,0,0,10,15,0
155918,28,878119,2,27,8,10,0,7,0,8,1,20,0.1,0,0,0,0,0,0,0,0,0,0,12,1,14
155920,37,334927,2,35,8,27,0,0,0,18,0,7,0.133333333,0,0,0,0,0,0,0,0,0,0,9,5,8
155938,338,46603,2,7,1,3,0,2,0,2,1,5,0.033333333,0,0,0,0,0,0,0,0,0,0,5,7,0
155945,134,110497,4,21,3,12,0,2,0,11,2,24,0.1,0,0,0,1,0,0,0,0,0,0,9,5,0
155948,249,127749,4,12,2,4,0,3,0,3,3,102,0.033333333,0,0,0,0,0,0,0,0,0,0,7,12,0
155965,49,34988,5,14,2,7,0,3,0,4,2,108,0.033333333,0,0,0,0,0,0,0,0,0,0,8,14,0
155984,19,127749,1,19,7,6,0,3,1,3,2,102,0.033333333,0,0,0,0,0,0,0,0,0,0,10,19,0
155999,249,46603,4,1,1,0,0,0,0,0,0,5,0.033333333,0,0,0,0,0,0,0,0,0,0,1,1,0
156008,933,188602,8,187,18,61,79,5,4,43,5,96,0.2,0,137,0,0,0,0,0,0,0,0,42,6,31
156017,531,457932,4,56,22,28,3,2,0,14,0,21,0.2,6,0,11,0,0,0,0,0,0,0,17,30,16
156022,12,42723,1,12,4,4,0,1,1,1,1,6,0.033333333,0,0,0,0,0,0,0,0,0,0,8,12,0
156035,31,260769,2,12,4,6,0,1,0,3,1,0,0.033333333,0,0,0,0,0,0,0,0,0,0,7,12,0
156044,23,457932,2,22,6,7,1,0,6,7,0,21,0.033333333,22,0,0,0,0,0,0,0,0,0,13,22,0
156050,1622,86829,13,2,2,0,0,0,0,0,0,63,0.066666667,0,1,0,0,0,0,0,0,0,0,1,1,1
156051,400,250865,6,2,2,0,0,0,0,0,0,34,0.033333333,0,0,0,0,0,0,0,0,0,0,2,2,0
156054,130,878119,1,130,16,38,4,31,13,32,19,20,0.066666667,0,0,0,0,0,0,0,0,0,0,22,121,9
156056,68,188602,2,67,10,23,17,3,4,15,1,96,0.233333333,0,0,0,0,0,0,0,0,0,0,22,34,15
156060,23,334927,4,5,3,2,0,0,0,2,0,7,0.033333333,0,0,0,0,0,0,0,0,0,0,4,5,0
156065,76,250865,2,14,2,5,0,3,0,5,1,34,0.033333333,0,0,0,0,0,0,0,0,0,0,7,14,0
156068,271,457932,6,22,9,8,0,1,1,6,1,21,0.066666667,10,0,0,0,0,0,0,0,0,0,11,12,10
156069,22,334927,1,22,3,15,0,2,0,10,2,7,0.066666667,0,0,0,0,0,0,0,0,0,0,11,10,12
156071,23,127749,2,1,1,0,0,0,0,0,0,102,0.033333333,0,0,0,0,0,0,0,0,0,0,1,1,0
156072,23,878119,4,10,7,2,0,1,0,1,0,20,0.033333333,0,0,0,0,0,0,0,0,0,0,7,10,0
156079,9,346877,3,6,2,3,0,1,0,2,0,9,0.033333333,0,0,0,0,0,0,0,0,0,0,4,6,0
156082,20,878119,1,20,4,7,0,4,1,7,3,20,0.033333333,0,0,0,0,0,0,0,0,0,0,12,20,0
156099,400,346877,6,59,2,9,31,6,0,12,0,9,0.066666667,0,0,0,0,0,0,0,0,0,0,13,14,0
156102,984,457932,8,52,5,38,6,1,0,26,2,21,0.1,7,0,0,0,0,0,0,0,0,0,16,32,13
156106,9,110497,3,1,1,0,0,0,0,0,0,24,0.033333333,0,0,0,0,0,0,0,0,0,0,1,1,0
156111,12,334927,1,12,6,3,0,2,0,2,1,7,0.033333333,0,0,0,0,0,0,0,0,0,0,8,12,0
156121,76,46603,2,64,5,44,0,10,0,41,4,5,0.1,0,0,0,0,0,0,0,0,0,0,26,18,31
156126,49,457932,2,40,1,17,1,12,0,12,9,21,0.033333333,40,0,0,0,0,0,0,0,0,0,25,40,0
156131,86,34988,3,2,2,0,0,0,0,0,0,108,0.066666667,0,0,0,0,0,0,0,0,0,0,1,1,1
156135,4,878119,1,4,1,2,0,0,1,1,0,20,0.033333333,0,0,0,0,0,0,0,0,0,0,3,4,0
156136,5,457932,3,1,1,0,0,0,0,0,0,21,0.033333333,1,0,0,0,0,0,0,0,0,0,1,1,0
156168,2,85576,2,1,1,0,0,0,0,0,0,54,0.033333333,0,0,0,0,0,0,0,0,0,0,1,1,0
156172,22,878119,1,22,2,8,0,7,0,8,4,20,0.066666667,0,0,0,0,0,0,0,0,0,0,13,21,1
156173,1,110497,1,1,1,0,0,0,0,0,0,24,0.033333333,0,0,0,0,0,0,0,0,0,0,1,1,0
156179,129,346877,2,123,10,36,46,0,11,41,0,9,0.066666667,0,0,0,0,0,37,0,0,0,0,34,86,0
156191,270,878119,4,18,2,11,3,1,0,8,0,20,0.066666667,0,0,0,0,0,0,0,0,0,0,12,15,3
156199,364,42723,16,6,6,0,0,0,0,0,0,6,0.166666667,0,0,1,0,1,2,0,0,0,0,1,1,1
156217,80,457932,4,16,4,6,0,4,0,3,2,21,0.033333333,16,0,0,0,0,0,0,0,0,0,9,16,0
156232,54,878119,2,48,4,19,0,14,0,15,10,20,0.066666667,0,0,0,0,0,0,0,0,0,0,16,6,0
156248,14,85168,3,9,4,3,0,1,0,2,1,139,0.066666667,0,0,0,0,0,0,0,0,0,0,6,2,0
156264,1,457932,1,1,1,0,0,0,0,0,0,21,0.033333333,1,0,0,0,0,0,0,0,0,0,1,1,0
156265,63,502584,1,63,1,18,18,7,0,25,6,143,0.033333333,0,0,0,0,0,0,63,0,0,0,19,63,0
156267,44,878119,1,44,13,10,0,8,4,9,6,20,0.066666667,0,0,0,0,0,0,0,0,0,0,14,39,0
156273,16,878119,1,16,4,6,0,4,0,4,1,20,0.066666667,0,0,0,0,0,0,0,0,0,0,8,9,7
156275,47,878119,1,47,11,16,0,9,2,15,8,20,0.033333333,0,0,0,0,0,0,0,0,0,0,19,47,0
156287,60,878119,3,37,5,22,4,2,1,17,2,20,0.066666667,0,0,0,0,0,0,0,0,0,0,16,36,1
156299,8,878119,1,8,2,6,0,0,0,6,0,20,0.066666667,0,0,0,0,0,0,0,0,0,0,4,4,4
156304,87,878119,2,21,2,10,0,8,0,7,1,20,0.066666667,0,0,0,0,0,0,0,0,0,0,8,15,6
156320,495,247683,4,17,8,7,0,1,0,4,1,23,0.033333333,0,0,0,0,0,0,0,0,0,0,11,17,0
156327,218,878119,4,24,6,10,0,7,0,5,1,20,0.1,0,0,0,0,0,0,0,0,0,0,9,9,0
156335,3,346877,1,3,3,0,0,0,0,0,0,9,0.033333333,0,0,0,0,0,0,0,0,0,0,2,3,0
156337,1,878119,1,1,1,0,0,0,0,0,0,20,0.033333333,0,0,0,0,0,0,0,0,0,0,1,1,0
156340,30,260769,2,6,2,2,0,1,0,1,1,0,0.033333333,0,0,0,0,0,0,0,0,0,0,5,6,0
156363,6,334927,1,6,1,5,0,0,0,4,0,7,0.033333333,0,0,0,0,0,0,0,0,0,0,3,6,0
156364,131,878119,2,2,2,0,0,0,0,0,0,20,0.066666667,0,0,0,0,0,0,0,0,0,0,1,1,1
156388,23,502584,1,23,2,2,8,1,0,7,2,143,0.033333333,0,0,0,0,0,0,23,0,0,0,9,23,0
156391,3,85168,1,3,3,0,0,0,0,0,0,139,0.033333333,0,0,0,0,0,0,0,0,0,0,3,3,0
156395,112,110497,2,9,2,7,0,0,0,6,0,24,0.1,7,0,0,0,0,0,0,0,0,0,5,7,0
156398,44,878119,3,41,7,25,3,3,0,17,2,20,0.033333333,0,0,0,0,0,0,0,0,0,0,17,41,0
156412,84,878119,2,32,12,14,0,0,4,16,0,20,0.033333333,0,0,0,0,0,0,0,0,0,0,12,32,0
156415,316,502584,2,1,1,0,0,0,0,0,0,143,0.033333333,0,0,0,0,0,0,1,0,0,0,1,1,0
156418,26,127749,2,12,1,5,0,3,0,4,3,102,0.033333333,0,0,0,0,0,0,0,0,0,0,9,12,0
156430,95,42723,5,1,1,0,0,0,0,0,0,6,0.033333333,0,0,0,0,0,0,0,0,0,0,1,1,0
156432,2,250865,1,2,2,0,0,0,0,0,0,34,0.033333333,0,0,0,0,0,0,0,0,0,0,2,2,0
156442,6,127749,1,6,6,0,0,0,0,0,0,102,0.033333333,0,0,0,0,0,0,0,0,0,0,4,6,0
156455,7,346877,1,7,3,2,0,1,0,1,1,9,0.033333333,0,0,0,0,0,0,0,0,0,0,5,7,0
156470,44,188602,4,12,3,6,0,3,0,5,0,96,0.033333333,0,0,0,0,0,0,0,0,0,0,7,12,0
156492,72,878119,2,61,3,32,0,16,0,29,8,20,0.066666667,0,0,0,0,0,0,0,0,0,0,18,56,0
156494,5,399092,1,5,2,2,0,1,0,1,0,101,0.033333333,0,0,0,0,0,5,0,0,0,0,4,5,0
156496,357,457932,10,13,1,10,0,1,0,9,1,21,0.033333333,13,0,0,0,0,0,0,0,0,0,7,13,0
156525,1098,878119,11,4,2,1,0,1,0,1,0,20,0.033333333,0,0,0,0,0,0,0,0,0,0,4,4,0
156541,4,250865,1,4,4,0,0,0,0,0,0,34,0.033333333,0,0,0,0,0,0,0,0,0,0,1,4,0
156546,6,878119,1,6,2,3,0,0,1,2,0,20,0.033333333,0,0,0,0,0,0,0,0,0,0,4,6,0
156554,13,247683,1,13,6,4,0,1,0,3,1,23,0.033333333,0,0,0,0,0,0,0,0,0,0,9,13,0
156582,50,346877,4,6,2,2,0,1,0,1,1,9,0.033333333,0,0,0,0,0,0,0,0,0,0,5,6,0
156583,16,27035,2,5,4,0,0,0,1,0,0,60,0.033333333,5,0,0,0,0,0,0,0,0,0,4,5,0
156591,36,85576,2,2,2,0,0,0,0,0,0,54,0.033333333,0,0,0,0,0,0,0,0,0,0,1,2,0
156596,27,34988,5,1,1,0,0,0,0,0,0,108,0.033333333,0,0,0,0,0,0,0,0,0,0,1,1,0
156603,27,250865,5,8,2,3,0,1,0,2,2,34,0.066666667,1,0,0,0,0,0,0,0,0,0,4,7,1
156623,118,334927,5,6,2,2,0,1,0,1,1,7,0.033333333,0,0,0,0,0,0,0,0,0,0,5,6,0
156633,41,878119,2,28,5,20,0,2,0,13,1,20,0.133333333,0,0,0,0,0,0,0,0,0,0,12,9,8
156634,480,878119,2,14,1,6,0,5,0,5,2,20,0.033333333,0,0,0,0,0,0,0,0,0,0,7,14,0
156641,27,878119,2,18,2,6,0,5,0,6,4,20,0.033333333,0,0,0,0,0,0,0,0,0,0,10,18,0
156643,98,502584,2,50,5,9,0,6,0,22,5,143,0.066666667,0,0,0,0,0,0,30,0,0,0,9,20,0
156644,1,260769,1,1,1,0,0,0,0,0,0,0,0.033333333,0,0,0,0,0,0,0,0,0,0,1,1,0
156653,6,334927,1,6,2,2,0,1,0,1,1,7,0.033333333,0,0,0,0,0,0,0,0,0,0,5,6,0
156667,1417,878119,10,1,1,0,0,0,0,0,0,20,0.033333333,0,0,0,0,0,0,0,0,0,0,1,1,0
156677,3,399092,1,3,3,0,0,0,0,0,0,101,0.066666667,0,0,1,0,0,2,0,0,0,0,2,1,0
156680,92,334927,4,7,2,3,0,1,0,2,1,7,0.033333333,0,0,0,0,0,0,0,0,0,0,5,7,0
156681,15,502584,2,2,2,0,0,0,0,0,0,143,0.033333333,0,0,0,0,0,0,2,0,0,0,2,2,0
156685,7,878119,1,7,2,3,0,0,2,2,0,20,0.033333333,0,0,0,0,0,0,0,0,0,0,5,7,0
156694,13,878119,2,6,2,2,0,1,0,2,1,20,0.033333333,0,0,0,0,0,0,0,0,0,0,6,6,0
156697,3790,27035,14,1,1,0,0,0,0,0,0,60,0.033333333,1,0,0,0,0,0,0,0,0,0,1,1,0
156705,210,43183,4,1,1,0,0,0,0,0,0,24,0.033333333,0,0,0,0,0,0,0,0,0,0,1,1,0
156710,26,878119,1,26,3,10,2,9,0,11,0,20,0.066666667,0,0,0,0,0,0,0,0,0,0,11,19,7
156727,10,878119,1,10,6,2,0,0,2,1,0,20,0.033333333,0,0,0,0,0,0,0,0,0,0,7,10,0
156729,255,399092,5,1,0,0,0,0,1,0,0,101,0.033333333,0,0,0,0,0,1,0,0,0,0,1,1,0
156731,1,250865,1,1,1,0,0,0,0,0,0,34,0.033333333,0,0,0,0,0,0,0,0,0,0,1,1,0
156733,39,42723,2,2,2,0,0,0,0,0,0,6,0.033333333,0,0,0,0,0,0,0,0,0,0,2,2,0
156737,10,250865,4,2,2,0,0,0,0,0,0,34,0.033333333,0,0,0,0,0,0,0,0,0,0,2,2,0
156748,31,334927,1,31,2,5,13,4,0,5,2,7,0.033333333,0,0,0,0,0,0,0,0,0,0,11,31,0
156750,116,247683,2,25,6,17,0,1,0,12,1,23,0.1,0,0,0,0,0,0,0,0,0,0,7,9,0
156755,32,878119,2,12,5,2,2,2,1,2,0,20,0.066666667,0,0,0,0,0,0,0,0,0,0,6,1,0
156760,21,399092,5,6,6,0,0,0,0,0,0,101,0.1,0,0,0,0,0,2,3,0,0,0,2,3,3
156768,10,42723,2,8,5,2,0,1,0,1,0,6,0.066666667,0,0,0,0,0,0,0,0,0,0,4,6,0
156771,8,346877,2,5,0,5,0,0,0,2,0,9,0.033333333,0,0,0,0,0,0,0,0,0,0,4,5,0
156773,12,878119,2,1,1,0,0,0,0,0,0,20,0.033333333,0,0,0,0,0,0,0,0,0,0,1,1,0
156783,815,110497,2,1,1,0,0,0,0,0,0,24,0.033333333,0,0,0,0,0,0,0,0,0,0,1,1,0
156785,20,457932,1,20,2,11,4,1,0,10,1,21,0.033333333,20,0,0,0,0,0,0,0,0,0,11,20,0
156788,236,110497,2,1,1,0,0,0,0,0,0,24,0.033333333,0,0,0,0,0,0,0,0,0,0,1,1,0
156832,181,89830,2,10,3,4,0,2,0,1,1,108,0.066666667,0,6,0,0,0,4,0,0,0,0,6,10,0
156833,9,907118,1,9,3,4,0,2,0,3,0,19,0.033333333,0,0,0,0,0,0,0,0,0,0,6,9,0
156848,11,155579,1,11,6,2,0,1,0,2,1,17,0.033333333,0,0,0,0,0,0,0,0,0,0,7,11,0
156854,1,91935,1,1,1,0,0,0,0,0,0,26,0.033333333,0,0,0,1,0,0,0,0,0,0,1,1,0
156883,1,907118,1,1,1,0,0,0,0,0,0,19,0.033333333,0,0,0,0,0,0,0,0,0,0,1,1,0
156886,23,907118,1,23,7,8,0,5,0,5,3,19,0.066666667,0,0,0,0,0,0,0,0,0,0,12,16,0
156897,8,907118,1,8,2,2,0,2,0,2,2,19,0.033333333,0,0,0,0,0,0,0,0,0,0,7,8,0
156914,42,907118,1,42,11,10,0,8,7,7,5,19,0.033333333,0,0,0,0,0,0,0,0,0,0,19,42,0
156917,1,907118,1,1,1,0,0,0,0,0,0,19,0.033333333,0,0,0,0,0,0,0,0,0,0,1,1,0
156932,16,907118,1,16,1,6,0,5,0,5,4,19,0.033333333,0,0,0,0,0,0,0,0,0,0,9,16,0
156934,5,907118,1,5,1,3,0,0,1,2,0,19,0.033333333,0,0,0,0,0,0,0,0,0,0,4,5,0
156935,1,907118,1,1,1,0,0,0,0,0,0,19,0.033333333,0,0,0,0,0,0,0,0,0,0,1,1,0
156939,251,91935,2,7,3,2,0,1,0,1,1,26,0.033333333,0,0,0,7,0,0,0,0,0,0,5,7,0
156947,3,155579,2,2,2,0,0,0,0,0,0,17,0.033333333,0,0,0,0,0,0,0,0,0,0,2,2,0
156960,9,907118,1,9,5,2,0,1,0,1,0,19,0.033333333,0,0,0,0,0,0,0,0,0,0,6,9,0
156992,56,907118,1,56,1,21,2,17,0,22,11,19,0.133333333,0,0,0,19,0,0,0,0,0,0,17,29,25
157008,46,907118,1,46,23,12,0,9,1,8,0,19,0.033333333,0,0,0,0,0,0,0,0,0,0,10,46,0
157023,2,907118,2,1,1,0,0,0,0,0,0,19,0.033333333,0,0,0,0,0,0,0,0,0,0,1,1,0
157042,1581,89830,7,4,4,0,0,0,0,0,0,108,0.066666667,0,0,0,0,0,3,0,1,0,0,2,3,0
157049,10,155579,1,10,4,4,0,1,0,1,1,17,0.066666667,0,0,0,0,0,0,0,0,0,0,7,8,0
157050,24,907118,1,24,6,7,0,5,1,6,2,19,0.033333333,0,0,0,0,0,0,0,0,0,0,13,24,0
157066,1,907118,1,1,1,0,0,0,0,0,0,19,0.033333333,0,0,0,0,0,0,0,0,0,0,1,1,0
157068,1,907118,1,1,1,0,0,0,0,0,0,19,0.033333333,0,0,0,0,0,0,0,0,0,0,1,1,0
157069,9,907118,1,9,6,2,0,1,0,1,0,19,0.033333333,0,0,0,0,0,0,0,0,0,0,5,9,0
157099,70,907118,3,46,18,15,0,7,1,10,1,19,0.066666667,0,0,0,0,0,0,0,0,0,0,11,30,16
157115,251,91935,2,226,16,59,35,52,1,66,38,26,0.066666667,0,0,0,1,0,225,0,0,0,0,67,1,0
157117,6,89830,1,6,2,2,0,1,0,1,1,108,0.033333333,0,0,0,0,0,6,0,0,0,0,4,6,0
157124,5,907118,1,5,2,2,0,1,0,1,0,19,0.033333333,0,0,0,0,0,0,0,0,0,0,3,5,0
157125,16,91935,3,1,1,0,0,0,0,0,0,26,0.033333333,0,0,0,1,0,0,0,0,0,0,1,1,0
157127,79,907118,1,79,20,20,1,16,6,19,8,19,0.066666667,0,0,0,0,0,0,0,0,0,0,28,46,0
157163,36,155579,3,1,1,0,0,0,0,0,0,17,0.033333333,0,0,0,0,0,0,0,0,0,0,1,1,0
157164,36,907118,3,1,1,0,0,0,0,0,0,19,0.033333333,0,0,0,0,0,0,0,0,0,0,1,1,0
157174,4,878119,1,4,3,0,0,0,1,0,0,20,0.033333333,0,0,0,0,0,0,0,0,0,0,4,4,0
157191,6,878119,1,6,3,3,0,0,0,2,0,20,0.033333333,0,0,0,0,0,0,0,0,0,0,5,6,0
157192,15,148500,1,15,5,6,0,3,0,3,1,29,0.033333333,0,0,0,0,0,0,0,0,0,0,7,15,0
157193,1,148500,1,1,1,0,0,0,0,0,0,29,0.033333333,0,0,0,0,0,0,0,0,0,0,1,1,0
157206,6,21216,1,6,2,2,0,1,0,1,1,19,0.033333333,0,0,0,0,0,0,0,0,0,0,5,6,0
157210,17,878119,2,11,1,6,0,1,0,8,0,20,0.033333333,0,0,0,0,0,0,0,0,0,0,7,11,0
157212,17,334927,2,6,2,3,0,1,0,2,0,7,0.033333333,0,0,0,0,0,0,0,0,0,6,5,6,0
157216,69,34988,2,63,3,3,20,3,2,20,8,108,0.033333333,0,0,0,0,63,0,0,0,0,0,18,63,0
157226,666,34988,7,6,4,2,0,0,0,1,0,108,0.033333333,0,0,0,0,6,0,0,0,0,0,5,6,0
157231,6,334927,1,6,2,4,0,0,0,3,0,7,0.033333333,0,0,0,0,0,0,0,0,0,6,6,6,0
157233,26,878119,1,26,11,9,0,2,2,6,1,20,0.033333333,0,0,0,0,0,0,0,0,0,0,12,26,0
157243,1,334927,1,1,1,0,0,0,0,0,0,7,0.033333333,0,0,0,0,0,0,0,0,0,1,1,1,0
157251,43,43183,1,43,3,4,10,0,0,24,5,24,0.033333333,0,0,43,0,0,0,0,0,0,0,15,43,0
157254,20,334927,1,20,5,9,0,4,0,3,2,7,0.033333333,0,0,0,0,0,0,0,0,0,20,9,20,0
157258,19,878119,1,19,5,6,0,3,2,6,2,20,0.033333333,0,0,0,0,0,0,0,0,0,0,8,19,0
157262,698,21216,5,1,1,0,0,0,0,0,0,19,0.033333333,0,0,0,0,0,0,0,0,0,0,1,1,0
157294,49,334927,2,17,3,10,0,2,0,7,2,7,0.033333333,0,0,0,0,0,0,0,0,0,17,9,17,0
157302,85,878119,1,85,6,32,3,27,0,23,16,20,0.133333333,24,0,0,0,0,0,0,0,0,0,38,37,24
157304,58,334927,1,58,18,11,7,11,0,11,9,7,0.033333333,0,0,0,0,0,0,0,0,0,58,23,58,0
157317,9,878119,1,9,5,4,0,0,0,1,0,20,0.033333333,0,0,0,0,0,0,0,0,0,0,7,9,0
157319,38,878119,1,38,13,19,1,1,2,10,0,20,0.066666667,0,0,0,0,0,0,0,0,0,0,14,12,26
157328,8,878119,1,8,2,2,0,1,3,1,0,20,0.033333333,0,0,0,0,0,0,0,0,0,0,4,8,0
157336,17,334927,2,8,4,2,0,1,0,1,1,7,0.033333333,0,0,0,0,0,0,0,0,0,8,5,8,0
157339,135,21216,4,7,3,2,0,1,0,1,1,19,0.033333333,0,0,0,0,0,0,0,0,0,0,6,7,0
157350,2,43183,1,2,2,0,0,0,0,0,0,24,0.033333333,0,0,2,0,0,0,0,0,0,0,2,2,0
157354,597,34988,10,7,2,3,0,1,0,2,1,108,0.033333333,0,0,0,0,7,0,0,0,0,0,6,7,0
157358,6,43183,1,6,2,2,0,1,0,1,1,24,0.033333333,0,0,6,0,0,0,0,0,0,0,5,6,0
157362,2,334927,1,2,2,0,0,0,0,0,0,7,0.033333333,0,0,0,0,0,0,0,0,0,2,2,2,0
157363,2,148500,1,2,2,0,0,0,0,0,0,29,0.033333333,0,0,0,0,0,0,0,0,0,0,2,2,0
157368,19,21216,2,18,2,2,0,1,0,11,3,19,0.033333333,0,0,0,0,0,0,0,0,0,0,6,18,0
157371,16,334927,1,16,2,12,0,1,0,11,1,7,0.033333333,0,0,0,0,0,0,0,0,0,16,14,16,0
157378,22,21216,2,2,2,0,0,0,0,0,0,19,0.033333333,0,0,0,0,0,0,0,0,0,0,2,2,0
157381,9,878119,1,9,3,4,0,2,0,3,0,20,0.033333333,0,0,0,0,0,0,0,0,0,0,5,9,0
157402,1,334927,1,1,1,0,0,0,0,0,0,7,0.033333333,0,0,0,0,0,0,0,0,0,1,1,1,0
157408,8,334927,1,8,3,3,0,1,0,2,1,7,0.033333333,0,0,0,0,0,0,0,0,0,8,6,8,0
157421,4,21216,1,4,4,0,0,0,0,0,0,19,0.066666667,0,0,0,0,0,0,0,0,0,0,3,1,0
157436,108,878119,4,39,5,15,0,11,1,10,7,20,0.066666667,0,0,0,0,0,0,0,0,0,0,18,10,0
157457,1,878119,1,1,1,0,0,0,0,0,0,20,0.033333333,0,0,0,0,0,0,0,0,0,0,1,1,0
157458,1,334927,1,1,1,0,0,0,0,0,0,7,0.033333333,0,0,0,0,0,0,0,0,0,1,1,1,0
157464,6869,21216,14,6,2,4,0,0,0,3,0,19,0.033333333,0,0,0,0,0,0,0,0,0,0,4,6,0
157498,7,334927,2,4,2,2,0,0,0,2,0,7,0.033333333,0,0,0,0,0,0,0,0,0,4,3,4,0
157531,18,878119,2,16,3,7,0,5,0,4,1,20,0.033333333,0,0,0,0,0,0,0,0,0,0,8,16,0
157532,6,21216,1,6,2,2,0,1,0,1,1,19,0.033333333,0,0,0,0,0,0,0,0,0,0,5,6,0
157534,15,334927,1,15,11,3,0,0,1,2,0,7,0.033333333,0,0,0,0,0,0,0,0,0,15,5,15,0
157535,383,334927,4,5,1,2,0,1,0,1,1,7,0.033333333,0,0,0,0,0,0,0,0,0,5,4,5,0
157538,1,148500,1,1,1,0,0,0,0,0,0,29,0.033333333,0,0,0,0,0,0,0,0,0,0,1,1,0
157548,158,334927,3,9,3,6,0,0,0,3,0,7,0.033333333,0,0,0,0,0,0,0,0,0,9,6,9,0
157549,7,878119,1,7,2,3,0,1,0,2,1,20,0.033333333,0,0,0,0,0,0,0,0,0,0,6,7,0
157555,19,334927,3,11,3,4,0,2,0,3,2,7,0.033333333,0,0,0,0,0,0,0,0,0,11,7,11,0
157558,2,878119,1,2,2,0,0,0,0,0,0,20,0.033333333,0,0,0,0,0,0,0,0,0,0,2,2,0
157568,1,878119,1,1,1,0,0,0,0,0,0,20,0.033333333,0,0,0,0,0,0,0,0,0,0,1,1,0
157571,4,878119,1,4,4,0,0,0,0,0,0,20,0.033333333,0,0,0,0,0,0,0,0,0,0,1,4,0
157572,1,334927,1,1,1,0,0,0,0,0,0,7,0.033333333,0,0,0,0,0,0,0,0,0,1,1,1,0
157576,11,148500,1,11,4,3,0,2,0,2,2,29,0.066666667,0,0,0,0,0,0,0,0,0,0,5,2,9
157583,95,334927,2,11,3,4,0,4,0,4,0,7,0.033333333,0,0,0,0,0,0,0,0,0,11,8,11,0
157607,2,21216,1,2,2,0,0,0,0,0,0,19,0.033333333,0,0,0,0,0,0,0,0,0,0,2,2,0
157616,9,334927,1,9,4,3,0,1,0,2,1,7,0.033333333,0,0,0,0,0,0,0,0,0,9,6,9,0
157619,32,878119,2,25,5,9,0,6,2,4,3,20,0.066666667,0,0,0,0,0,0,0,0,0,0,13,25,0
157622,222,148500,4,45,2,20,0,14,1,23,1,29,0.033333333,0,0,0,0,0,0,0,0,0,0,13,45,0
157623,222,21216,4,7,2,4,0,1,0,2,0,19,0.033333333,0,0,0,0,0,0,0,0,0,0,5,7,0
157626,26,21216,2,3,1,2,0,0,0,1,0,19,0.033333333,0,0,0,0,0,0,0,0,0,0,3,3,0
157629,9,878119,1,9,3,4,0,1,0,1,0,20,0.033333333,0,0,0,0,0,0,0,0,0,0,6,9,0
157649,523,148039,5,9,1,4,0,2,0,3,2,18,0.066666667,0,0,0,0,0,0,0,0,0,0,6,7,2
157658,1,652701,1,1,1,0,0,0,0,0,0,3,0.033333333,0,0,0,0,0,0,0,0,0,0,1,1,0
157662,13,652701,1,13,7,1,0,1,0,0,0,3,0.066666667,0,0,0,0,0,0,0,0,0,0,6,3,0
157664,616,148039,10,55,10,9,4,6,17,9,1,18,0.033333333,0,0,0,0,0,0,0,0,0,0,13,55,0
157667,616,652701,10,4,1,3,0,0,0,0,0,3,0.033333333,0,0,0,0,0,0,0,0,0,0,2,4,0
157677,4,148039,2,3,3,0,0,0,0,0,0,18,0.033333333,0,0,0,0,0,0,0,0,0,0,3,3,0
157678,2,652701,1,2,2,0,0,0,0,0,0,3,0.033333333,0,0,0,0,0,0,0,0,0,0,1,2,0
157680,205,148039,8,4,1,2,0,1,0,1,0,18,0.033333333,0,0,0,0,0,0,0,0,0,0,3,4,0
157683,154,652701,4,1,1,0,0,0,0,0,0,3,0.033333333,0,0,0,0,0,0,0,0,0,0,1,1,0
157685,5009,221833,9,10,4,3,0,2,0,2,1,58,0.066666667,0,0,0,0,0,0,0,0,0,0,5,1,9
157689,12,148039,1,12,2,4,2,3,0,3,1,18,0.033333333,0,0,0,0,0,0,0,0,0,0,7,12,0
157695,423,652701,3,16,5,6,0,3,1,0,0,3,0.066666667,0,0,0,0,0,0,0,0,0,0,6,2,0
157696,32,156596,1,32,2,9,0,6,0,11,8,224,0.033333333,0,0,0,0,0,0,0,0,0,0,11,32,0
157698,5,652701,2,3,3,0,0,0,0,0,0,3,0.033333333,0,0,0,0,0,0,0,0,0,0,1,3,0
157705,79,148039,3,11,2,4,0,3,0,3,2,18,0.033333333,0,0,0,0,0,0,0,0,0,0,8,11,0
157721,8,148039,1,8,1,3,0,2,0,2,2,18,0.033333333,0,0,0,0,0,0,0,0,0,0,6,8,0
157724,92,221833,4,17,2,8,0,4,0,3,3,58,0.033333333,0,0,0,0,0,0,0,0,0,0,7,17,0
157725,48,148039,2,31,13,6,0,4,4,4,2,18,0.033333333,0,0,0,0,0,0,0,0,0,0,12,31,0
157758,20,221833,1,20,6,2,0,1,9,1,1,58,0.033333333,0,0,0,0,0,0,0,0,0,0,9,20,0
157759,120,208752,4,63,18,24,0,11,2,13,6,24,0.1,11,0,0,0,0,0,0,0,0,0,20,32,0
157761,9,156596,1,9,2,3,0,2,0,2,2,224,0.033333333,0,0,0,0,0,0,0,0,0,0,5,9,0
157764,26,221833,2,12,1,5,0,2,0,5,3,58,0.033333333,0,0,0,0,0,0,0,0,0,0,6,12,0
157767,173,221833,2,125,9,53,12,7,3,80,3,58,0.1,0,0,0,0,0,0,0,0,0,0,26,7,0
157776,6,652701,1,6,6,0,0,0,0,0,0,3,0.033333333,0,0,0,0,0,0,0,0,0,0,1,6,0
157788,50,652701,1,50,8,9,8,5,7,0,0,3,0.066666667,0,0,0,0,0,0,0,0,0,0,10,3,47
157792,298,221833,2,52,3,9,18,7,0,14,2,58,0.033333333,0,0,0,0,0,0,0,0,0,0,16,52,0
157793,1,221833,1,1,1,0,0,0,0,0,0,58,0.033333333,0,0,0,0,0,0,0,0,0,0,1,1,0
157796,169,221833,4,1,1,0,0,0,0,0,0,58,0.033333333,0,0,0,0,0,0,0,0,0,0,1,1,0
157809,1,148039,1,1,1,0,0,0,0,0,0,18,0.033333333,0,0,0,0,0,0,0,0,0,0,1,1,0
157810,212,221833,1,212,9,33,46,21,52,50,8,58,0.1,0,0,0,0,0,0,0,0,0,0,35,200,3
157812,3,195289,1,3,3,0,0,0,0,0,0,105,0.033333333,3,0,0,0,0,0,0,0,0,0,1,3,0
157830,5110,195289,5,1,1,0,0,0,0,0,0,105,0.033333333,1,0,0,0,0,0,0,0,0,0,1,1,0
157831,2,221833,1,2,2,0,0,0,0,0,0,58,0.033333333,0,0,0,0,0,0,0,0,0,0,1,2,0
157833,2,652701,1,2,2,0,0,0,0,0,0,3,0.033333333,0,0,0,0,0,0,0,0,0,0,1,2,0
157838,235,195289,2,17,5,6,0,4,0,2,2,105,0.033333333,17,0,0,0,0,0,0,0,0,0,7,17,0
157871,86,221833,5,18,2,9,0,4,0,6,3,58,0.033333333,0,0,0,0,0,0,0,0,0,0,7,18,0
157872,81,221833,5,44,8,10,7,7,1,15,3,58,0.066666667,0,0,0,0,0,0,0,0,0,0,23,24,0
157914,21,148039,1,21,4,10,0,4,0,7,3,18,0.033333333,0,0,0,0,0,0,0,0,0,0,10,21,0
157917,401,652701,2,2,2,0,0,0,0,0,0,3,0.066666667,0,0,0,0,0,0,0,0,0,0,1,1,0
157951,44,221833,1,44,9,7,12,4,3,11,1,58,0.033333333,0,0,0,0,0,0,0,0,0,0,17,44,0
157959,12,195289,1,12,11,0,0,0,0,0,0,105,0.033333333,12,0,0,0,0,0,0,0,0,0,5,12,0
157961,104,221833,4,1,1,0,0,0,0,0,0,58,0.033333333,0,0,0,0,0,0,0,0,0,0,1,1,0
157964,5,148039,1,5,5,0,0,0,0,0,0,18,0.033333333,0,0,0,0,0,0,0,0,0,0,3,5,0
157974,381,221833,5,113,8,19,38,13,0,34,10,58,0.1,0,0,0,0,0,0,0,0,0,0,32,7,0
157986,312,148039,2,13,3,5,0,3,0,2,2,18,0.066666667,0,0,0,0,0,0,0,0,0,0,5,6,7
157991,1,652701,1,1,1,0,0,0,0,0,0,3,0.033333333,0,0,0,0,0,0,0,0,0,0,1,1,0
157994,13,148039,1,13,2,6,0,3,0,3,2,18,0.066666667,0,0,0,0,0,0,0,0,0,0,7,6,0
158011,128,148039,2,22,2,8,0,7,0,8,4,18,0.033333333,0,0,0,0,0,0,0,0,0,0,14,22,0
158037,175,221833,7,44,10,12,0,8,6,7,3,58,0.033333333,0,0,0,0,0,0,0,0,0,0,17,44,0
158047,30,148039,3,9,2,3,0,2,0,2,2,18,0.033333333,0,0,0,0,0,0,0,0,0,0,7,9,0
158053,96,156596,1,96,8,16,21,11,0,21,14,224,0.133333333,0,0,0,0,0,0,0,0,0,0,24,31,1
158062,1,652701,1,1,1,0,0,0,0,0,0,3,0.033333333,0,0,0,0,0,0,0,0,0,0,1,1,0
158071,14,652701,1,14,4,2,0,1,0,0,0,3,0.066666667,0,0,0,0,0,0,0,0,0,0,5,2,12
158072,6,221833,1,6,3,2,0,1,0,1,0,58,0.033333333,0,0,0,0,0,0,0,0,0,0,3,6,0
158082,4198,38356,9,1,1,0,0,0,0,0,0,65,0.033333333,0,0,0,0,0,0,0,0,0,0,1,1,0
158103,7,652701,1,7,4,2,0,1,0,0,0,3,0.066666667,0,0,0,0,0,0,0,0,0,0,4,3,0
158107,175,38356,7,13,2,3,0,2,0,5,2,65,0.033333333,0,0,0,0,0,0,0,0,0,0,7,13,0
158108,973,38356,13,1,1,0,0,0,0,0,0,65,0.033333333,0,0,0,0,0,0,0,0,0,0,1,1,0
158117,7,652701,1,7,4,2,0,1,0,0,0,3,0.066666667,0,0,0,0,0,0,0,0,0,0,5,1,6
158153,25,148039,2,10,2,5,0,2,0,2,1,18,0.066666667,0,0,0,0,0,0,0,0,0,0,6,5,0
158154,19,156596,2,1,1,0,0,0,0,0,0,224,0.033333333,0,0,0,0,0,0,0,0,0,0,1,1,0
158165,129,208752,1,129,2,7,32,6,2,52,32,24,0.033333333,0,0,0,0,0,0,0,0,0,0,45,129,0
158174,49,221833,2,43,15,9,0,8,8,8,1,58,0.033333333,0,0,0,0,0,0,0,0,0,0,15,43,0
158184,8,195289,1,8,1,3,0,2,0,2,2,105,0.033333333,8,0,0,0,0,0,0,0,0,0,6,8,0
158192,161,221833,3,32,4,9,2,6,1,10,5,58,0.066666667,0,0,0,0,0,0,0,0,0,0,9,14,18
158194,1,652701,1,1,1,0,0,0,0,0,0,3,0.033333333,0,0,0,0,0,0,0,0,0,0,1,1,0
158199,161,652701,3,91,16,24,2,10,12,8,2,3,0.133333333,0,0,26,0,0,0,0,0,0,0,15,1,89
158207,373,208752,4,1,1,0,0,0,0,0,0,24,0.033333333,0,0,0,0,0,0,0,0,0,0,1,1,0
158218,31,652701,1,31,8,6,8,3,1,0,0,3,0.066666667,0,0,0,0,0,0,0,0,0,0,9,3,28
158225,394,148039,6,1,1,0,0,0,0,0,0,18,0.033333333,0,0,0,0,0,0,0,0,0,0,1,1,0
158227,7,652701,1,7,3,2,0,1,0,0,0,3,0.066666667,0,0,0,0,0,0,0,0,0,0,5,2,5
158231,34,652701,1,34,4,7,9,4,1,0,0,3,0.066666667,0,0,0,0,0,0,0,0,0,0,7,1,0
158240,1,652701,1,1,1,0,0,0,0,0,0,3,0.033333333,0,0,0,0,0,0,0,0,0,0,1,1,0
158243,57,652701,1,57,11,13,1,8,11,0,0,3,0.066666667,0,0,0,0,0,0,0,0,0,0,9,1,56
158247,13,156596,2,1,1,0,0,0,0,0,0,224,0.033333333,0,0,0,0,0,0,0,0,0,0,1,1,0
158250,4,652701,1,4,4,0,0,0,0,0,0,3,0.033333333,0,0,0,0,0,0,0,0,0,0,1,4,0
158251,37,221833,2,36,8,7,5,2,3,10,3,58,0.033333333,0,0,0,0,0,0,0,0,0,0,10,36,0
158253,22,652701,1,22,10,4,0,2,2,0,0,3,0.066666667,0,0,0,0,0,0,0,0,0,0,9,6,16
158257,6,221833,1,6,4,0,0,0,0,0,0,58,0.033333333,0,0,0,0,0,0,0,0,0,0,5,6,0
158278,358,148039,4,1,1,0,0,0,0,0,0,18,0.033333333,0,0,0,0,0,0,0,0,0,0,1,1,0
158282,1,38356,1,1,1,0,0,0,0,0,0,65,0.033333333,0,0,0,0,0,0,0,0,0,0,1,1,0
158285,16,156596,1,16,8,5,0,3,0,4,0,224,0.033333333,0,0,0,0,0,0,0,0,0,0,7,16,0
158290,28,652701,1,28,3,7,6,3,0,0,0,3,0.1,0,0,0,0,0,0,0,0,0,0,7,1,9
158300,29,652701,1,29,4,6,0,4,7,0,0,3,0.066666667,0,0,0,0,0,0,0,0,0,0,5,1,0
158308,1,652701,1,1,1,0,0,0,0,0,0,3,0.033333333,0,0,0,0,0,0,0,0,0,0,1,1,0
158312,272,156596,2,91,10,25,5,18,8,20,15,224,0.066666667,0,0,0,0,0,0,0,0,0,0,14,86,0
158321,2,652701,1,2,2,0,0,0,0,0,0,3,0.033333333,0,0,0,0,0,0,0,0,0,0,1,2,0
158329,106,208752,2,13,4,8,0,0,0,1,0,24,0.033333333,0,0,0,0,0,0,0,0,0,0,7,13,0
158333,264,652701,3,18,7,5,1,3,0,0,0,3,0.1,0,0,0,0,0,0,0,0,0,0,8,1,0
158339,9,208752,1,9,5,2,0,1,0,1,0,24,0.033333333,0,0,0,0,0,0,0,0,0,0,7,9,0
158356,5,652701,1,5,5,0,0,0,0,0,0,3,0.066666667,0,0,0,0,0,0,0,0,0,0,2,2,3
158366,345,148039,5,5,3,2,0,0,0,1,0,18,0.033333333,0,0,0,0,0,0,0,0,0,0,5,5,0
158367,325,221833,2,1,1,0,0,0,0,0,0,58,0.033333333,0,0,0,0,0,0,0,0,0,0,1,1,0
158368,1,148039,1,1,1,0,0,0,0,0,0,18,0.033333333,0,0,0,0,0,0,0,0,0,0,1,1,0
158374,365,221833,4,109,2,25,11,21,1,50,17,58,0.066666667,0,0,0,0,0,0,0,0,0,0,26,71,38
158386,146,652701,2,40,7,6,0,3,17,0,0,3,0.1,0,0,0,0,0,0,0,0,0,0,9,2,0
158395,3,221833,1,3,1,2,0,0,0,1,0,58,0.033333333,0,0,0,0,0,0,0,0,0,0,3,3,0
158416,32,652701,1,32,5,4,15,2,0,0,0,3,0.1,0,0,0,0,0,0,0,0,0,0,7,3,0
158426,370,156596,4,3,3,0,0,0,0,0,0,224,0.066666667,0,0,0,0,0,0,0,0,0,0,1,2,0
158429,17,156596,1,17,3,5,0,3,0,5,3,224,0.033333333,0,0,0,0,0,0,0,0,0,0,6,17,0
158442,174,221833,2,68,6,20,13,15,1,22,0,58,0.066666667,0,0,0,0,0,0,0,0,0,0,14,60,8
158446,29,148039,1,29,10,6,0,3,7,3,2,18,0.033333333,0,0,0,0,0,0,0,0,0,0,11,29,0
158459,77,195289,4,5,1,2,0,1,0,1,1,105,0.033333333,5,0,0,0,0,0,0,0,0,0,4,5,0
158462,6,208752,1,6,2,1,0,1,0,2,1,24,0.033333333,0,0,0,0,0,0,0,0,0,0,5,6,0
158466,2,652701,1,2,2,0,0,0,0,0,0,3,0.033333333,0,0,0,0,0,0,0,0,0,0,1,2,0
158477,6,652701,2,2,2,0,0,0,0,0,0,3,0.033333333,0,0,0,0,0,0,0,0,0,0,1,2,0
158482,3,148039,3,1,1,0,0,0,0,0,0,18,0.033333333,0,0,0,0,0,0,0,0,0,0,1,1,0
158486,6,156596,2,4,4,0,0,0,0,0,0,224,0.033333333,0,0,0,0,0,0,0,0,0,0,4,4,0
158495,14,208752,2,11,2,4,0,2,0,4,2,24,0.033333333,0,0,0,0,0,0,0,0,0,0,8,11,0
158499,1094,148039,4,58,6,19,5,14,0,17,5,18,0.066666667,0,0,0,0,0,0,0,0,0,0,14,5,0
158502,1,652701,1,1,1,0,0,0,0,0,0,3,0.033333333,0,0,0,0,0,0,0,0,0,0,1,1,0
158504,2,652701,1,2,2,0,0,0,0,0,0,3,0.033333333,0,0,0,0,0,0,0,0,0,0,1,2,0
158521,34,38356,3,15,2,6,0,4,0,3,3,65,0.033333333,0,0,0,0,0,0,0,0,0,0,9,15,0
158522,1,221833,1,1,1,0,0,0,0,0,0,58,0.033333333,0,0,0,0,0,0,0,0,0,0,1,1,0
158542,27,208752,1,27,5,3,6,2,0,7,6,24,0.033333333,0,0,0,0,0,0,0,0,0,0,15,27,0
158555,20,221833,1,20,1,9,0,5,0,8,4,58,0.033333333,0,0,0,0,0,0,0,0,0,0,10,20,0
158558,1,652701,1,1,1,0,0,0,0,0,0,3,0.033333333,0,0,0,0,0,0,0,0,0,0,1,1,0
158563,649,652701,7,19,4,5,6,3,0,0,0,3,0.1,0,0,0,0,0,0,0,0,0,0,6,1,4
158567,1,652701,1,1,1,0,0,0,0,0,0,3,0.033333333,0,0,0,0,0,0,0,0,0,0,1,1,0
158571,277,221833,3,121,2,28,15,19,21,43,10,58,0.066666667,0,0,0,0,0,0,0,0,0,0,30,21,0
158577,120,208752,3,1,1,0,0,0,0,0,0,24,0.033333333,0,0,0,0,0,0,0,0,0,0,1,1,0
158581,371,221833,5,2,2,0,0,0,0,0,0,58,0.033333333,0,0,0,0,0,0,0,0,0,0,2,2,0
158598,348,652701,4,1,1,0,0,0,0,0,0,3,0.033333333,0,0,0,0,0,0,0,0,0,0,1,1,0
158602,40,195289,2,2,2,0,0,0,0,0,0,105,0.033333333,2,0,0,0,0,0,0,0,0,0,2,2,0
158608,605,221833,8,22,6,7,2,4,0,3,2,58,0.033333333,0,0,0,0,0,0,0,0,0,0,9,22,0
158609,27,652701,1,27,10,2,0,1,6,0,0,3,0.066666667,0,0,0,0,0,0,0,0,0,0,8,3,24
158627,188,195289,3,32,8,14,0,6,4,3,0,105,0.133333333,5,0,0,0,0,0,0,0,0,0,4,16,0
158639,18,148039,1,18,1,6,4,3,0,6,2,18,0.033333333,0,0,0,0,0,0,0,0,0,0,8,18,0
158642,24,221833,3,9,2,3,0,2,0,3,2,58,0.033333333,0,0,0,0,0,0,0,0,0,0,6,9,0
158643,1,208752,1,1,1,0,0,0,0,0,0,24,0.033333333,0,0,0,0,0,0,0,0,0,0,1,1,0
158647,1,148039,1,1,1,0,0,0,0,0,0,18,0.033333333,0,0,0,0,0,0,0,0,0,0,1,1,0
158653,75,652701,1,75,18,13,0,5,21,0,0,3,0.1,0,0,0,0,0,0,0,0,0,0,9,4,0
158660,1,652701,1,1,1,0,0,0,0,0,0,3,0.033333333,0,0,0,0,0,0,0,0,0,0,1,1,0
158662,3,652701,3,1,1,0,0,0,0,0,0,3,0.033333333,0,0,0,0,0,0,0,0,0,0,1,1,0
158674,1,38356,1,1,1,0,0,0,0,0,0,65,0.033333333,0,0,0,0,0,0,0,0,0,0,1,1,0
158680,100,221833,2,99,9,21,7,17,4,37,16,58,0.1,0,0,0,0,0,0,0,0,0,0,16,27,2
158682,6,652701,1,6,2,2,0,1,0,0,0,3,0.066666667,0,0,0,0,0,0,0,0,0,0,5,1,0
158690,2,652701,1,2,2,0,0,0,0,0,0,3,0.033333333,0,0,0,0,0,0,0,0,0,0,1,2,0
158694,10,195289,1,10,2,4,0,2,0,3,2,105,0.033333333,10,0,0,0,0,0,0,0,0,0,8,10,0
158700,139,156596,2,130,8,15,24,5,11,49,25,224,0.1,0,0,0,0,0,0,0,0,0,0,42,1,102
158708,2,652701,1,2,2,0,0,0,0,0,0,3,0.033333333,0,0,0,0,0,0,0,0,0,0,1,2,0
158716,261,195289,1,261,2,31,91,19,4,104,28,105,0.1,233,2,0,0,0,0,0,0,0,26,55,233,2
158723,177,221833,3,1,1,0,0,0,0,0,0,58,0.033333333,0,0,0,0,0,0,0,0,0,0,1,1,0
158740,17,652701,1,17,7,5,0,2,3,0,0,3,0.1,0,0,0,0,0,0,0,0,0,0,7,1,5
158753,50,208752,2,1,1,0,0,0,0,0,0,24,0.033333333,0,0,0,0,0,0,0,0,0,0,1,1,0
158755,3,652701,1,3,3,0,0,0,0,0,0,3,0.033333333,0,0,0,0,0,0,0,0,0,0,1,3,0
158763,924,652701,5,17,6,5,0,1,0,0,0,3,0.1,0,0,0,0,0,0,0,0,0,0,7,1,0
158766,28,652701,1,28,8,5,0,2,9,0,0,3,0.066666667,0,0,0,0,0,0,0,0,0,0,8,1,27
158781,138,221833,1,138,18,37,24,23,1,36,12,58,0.066666667,74,0,0,0,0,0,0,0,0,0,39,64,0
158795,131,156596,2,1,1,0,0,0,0,0,0,224,0.033333333,0,0,0,0,0,0,0,0,0,0,1,1,0
158827,141,221833,5,14,1,5,0,2,4,4,2,58,0.033333333,0,0,0,0,0,0,0,0,0,0,6,14,0
158834,14,652701,1,14,5,2,2,1,0,0,0,3,0.066666667,0,0,0,0,0,0,0,0,0,0,8,1,0
158843,23,652701,1,23,7,5,0,4,2,0,0,3,0.066666667,0,0,0,0,0,0,0,0,0,0,7,2,21
158849,257,148039,6,2,2,0,0,0,0,0,0,18,0.066666667,0,0,0,0,0,0,0,0,0,0,1,1,0
158870,27,148039,3,25,4,8,0,5,0,7,6,18,0.066666667,0,0,0,0,0,0,0,0,0,0,11,11,0
158875,4,652701,2,3,3,0,0,0,0,0,0,3,0.033333333,0,0,0,0,0,0,0,0,0,0,1,3,0
158884,5,652701,1,5,4,1,0,0,0,0,0,3,0.033333333,0,0,0,0,0,0,0,0,0,0,3,5,0
158886,2284,652701,6,11,6,2,0,0,2,0,0,3,0.033333333,0,0,0,0,0,0,0,0,0,0,5,11,0
158893,17,652701,2,16,9,3,0,1,1,0,0,3,0.066666667,0,0,0,0,0,0,0,0,0,0,8,11,0
158914,3,221833,2,2,2,0,0,0,0,0,0,58,0.033333333,0,0,0,0,0,0,0,0,0,0,1,2,0
158917,3,148039,2,1,1,0,0,0,0,0,0,18,0.033333333,0,0,0,0,0,0,0,0,0,0,1,1,0
158920,3,221833,1,3,3,0,0,0,0,0,0,58,0.033333333,0,0,0,0,0,0,0,0,0,0,2,3,0
158935,10,148039,2,9,5,3,0,1,0,2,0,18,0.033333333,0,0,0,0,0,0,0,0,0,0,6,9,0
158944,171,148039,3,155,10,21,64,17,0,38,1,18,0.133333333,0,0,0,0,0,0,80,0,0,0,36,27,0
158947,7,195289,1,7,4,1,0,1,0,1,1,105,0.066666667,6,0,0,0,0,0,0,0,0,0,6,6,0
158951,9,652701,1,9,7,1,0,0,0,0,0,3,0.033333333,0,0,0,0,0,0,0,0,0,0,6,9,0
158972,28,148039,3,14,8,2,1,2,0,3,0,18,0.066666667,0,0,0,0,0,0,0,0,0,0,7,3,0
158974,1,221833,1,1,1,0,0,0,0,0,0,58,0.033333333,0,0,0,0,0,0,0,0,0,0,1,1,0
158986,7,652701,1,7,1,3,0,2,0,0,0,3,0.033333333,0,0,0,0,0,0,0,0,0,0,4,7,0
159000,4,148039,2,1,1,0,0,0,0,0,0,18,0.033333333,0,0,0,0,0,0,0,0,0,0,1,1,0
159001,4,652701,2,3,3,0,0,0,0,0,0,3,0.033333333,0,0,0,0,0,0,0,0,0,0,2,3,0
159008,54,652701,6,31,6,15,3,2,1,0,0,3,0.066666667,0,0,4,0,0,0,0,0,0,0,8,31,0
159011,19,652701,1,19,6,4,0,3,0,0,0,3,0.066666667,0,0,0,0,0,0,0,0,0,0,7,5,0
159019,2,221833,1,2,2,0,0,0,0,0,0,58,0.033333333,0,0,0,0,0,0,0,0,0,0,2,2,0
159043,30,221833,2,15,3,5,0,4,0,4,3,58,0.033333333,0,0,0,0,0,0,0,0,0,0,7,15,0
159047,5,221833,1,5,1,2,0,1,0,1,1,58,0.033333333,0,0,0,0,0,0,0,0,0,0,4,5,0
159050,13,221833,1,13,2,9,0,2,0,6,0,58,0.066666667,0,0,0,0,0,0,0,0,0,0,5,8,5
159062,202,148039,2,39,9,6,1,4,9,5,2,18,0.033333333,0,0,0,0,0,0,0,0,0,0,11,39,0
159065,18,221833,2,17,2,11,0,3,1,8,0,58,0.066666667,0,0,0,0,0,0,0,0,0,0,5,12,5
159075,1,652701,1,1,1,0,0,0,0,0,0,3,0.033333333,0,0,0,0,0,0,0,0,0,0,1,1,0
159083,1,195289,1,1,1,0,0,0,0,0,0,105,0.033333333,0,1,0,0,0,0,0,0,0,0,1,1,0
159098,220,38356,2,1,1,0,0,0,0,0,0,65,0.033333333,0,0,0,0,0,0,0,0,0,0,1,1,0
159112,14,221833,1,14,3,4,1,0,2,8,0,58,0.033333333,0,0,0,0,0,0,0,0,0,0,6,14,0
159123,2,195289,1,2,2,0,0,0,0,0,0,105,0.033333333,0,2,0,0,0,0,0,0,0,0,2,2,0
159126,1,652701,1,1,1,0,0,0,0,0,0,3,0.033333333,0,0,0,0,0,0,0,0,0,0,1,1,0
159127,5,652701,1,5,1,2,0,1,0,0,0,3,0.033333333,0,0,0,0,0,0,0,0,0,0,4,5,0
159129,11,148039,1,11,3,4,0,2,0,1,1,18,0.033333333,0,0,0,0,0,0,0,0,0,0,6,11,0
159143,116,156596,2,1,1,0,0,0,0,0,0,224,0.033333333,0,0,0,0,0,0,0,0,0,0,1,1,0
159152,15,148039,3,7,2,3,0,1,0,2,1,18,0.033333333,0,0,0,0,0,0,0,0,0,0,5,7,0
159170,5,652701,1,5,4,0,0,0,0,0,0,3,0.033333333,0,0,0,0,0,0,0,0,0,0,5,5,0
159187,9,38356,2,8,4,2,0,1,0,1,1,65,0.033333333,0,0,0,0,0,0,0,0,0,0,5,8,0
159192,12,652701,1,12,5,5,0,1,1,0,0,3,0.033333333,0,0,0,0,0,0,0,0,0,0,7,12,0
159219,12,221833,1,12,4,3,0,2,1,2,2,58,0.033333333,0,0,0,0,0,0,0,0,0,0,9,12,0
159226,268,195289,3,245,8,19,97,17,2,64,30,105,0.033333333,0,245,0,0,0,0,0,0,0,0,62,245,0
159230,6,195289,1,6,2,2,0,1,0,1,1,105,0.033333333,0,6,0,0,0,0,0,0,0,0,5,6,0
159231,65,208752,3,55,8,14,4,10,1,14,11,24,0.066666667,53,0,0,0,0,0,0,0,0,0,17,2,53
159258,19,652701,1,19,2,6,0,3,1,0,0,3,0.033333333,0,0,0,0,0,0,0,0,0,0,6,19,0
159263,15,221833,1,15,2,7,0,4,0,4,2,58,0.066666667,0,0,0,0,0,0,0,0,0,0,7,3,0
159295,46,221833,2,44,7,13,0,11,4,14,3,58,0.066666667,0,0,0,0,0,0,0,0,0,0,18,19,0
159296,180,221833,6,1,1,0,0,0,0,0,0,58,0.033333333,0,0,0,0,0,0,0,0,0,0,1,1,0
159299,1,148039,1,1,1,0,0,0,0,0,0,18,0.033333333,0,0,0,0,0,0,0,0,0,0,1,1,0
159308,18,652701,1,18,4,7,0,4,0,0,0,3,0.033333333,0,0,0,0,0,0,0,0,0,0,7,18,0
159314,6,652701,1,6,2,2,0,1,0,0,0,3,0.033333333,0,0,0,0,0,0,0,0,0,0,5,6,0
159327,43,652701,1,43,12,6,5,3,5,0,0,3,0.033333333,0,0,0,0,0,0,0,0,0,0,10,43,0
159331,11,652701,1,11,4,2,0,1,2,0,0,3,0.033333333,0,0,0,0,0,0,0,0,0,0,7,11,0
159341,4,195289,1,4,4,0,0,0,0,0,0,105,0.033333333,0,4,0,0,0,0,0,0,0,0,2,4,0
159345,155,195289,2,143,3,22,0,16,0,73,46,105,0.066666667,0,79,0,0,0,0,0,0,0,0,53,64,0
159357,7,208752,1,7,2,2,0,1,0,2,1,24,0.033333333,7,0,0,0,0,0,0,0,0,0,4,7,0
159358,41,652701,1,41,8,10,0,6,6,0,0,3,0.066666667,0,0,0,0,0,0,0,0,0,0,8,15,0
159370,2,221833,1,2,2,0,0,0,0,0,0,58,0.033333333,0,0,0,0,0,0,0,0,0,0,1,2,0
159376,1,652701,1,1,1,0,0,0,0,0,0,3,0.033333333,0,0,0,0,0,0,0,0,0,0,1,1,0
159378,25,652701,1,25,6,12,0,0,1,0,0,3,0.033333333,0,0,0,0,0,0,0,0,0,0,9,25,0
159396,27,652701,1,27,5,4,0,2,6,0,0,3,0.033333333,0,0,0,0,0,0,0,0,0,0,8,27,0
159403,73,208752,2,58,3,17,6,14,0,16,13,24,0.033333333,58,0,0,0,0,0,0,0,0,0,31,58,0
159421,12,652701,1,12,3,3,0,2,2,0,0,3,0.033333333,0,0,0,0,0,0,0,0,0,0,5,12,0
159428,21,208752,2,1,1,0,0,0,0,0,0,24,0.033333333,1,0,0,0,0,0,0,0,0,0,1,1,0
159435,68,156596,1,68,15,36,0,4,0,43,4,224,0.066666667,0,0,0,0,0,0,0,0,0,0,16,20,48
159437,52,156596,3,28,5,8,3,5,0,6,3,224,0.033333333,0,0,0,0,0,0,0,0,0,0,10,28,0
159439,64,221833,1,64,2,7,25,6,0,17,4,58,0.033333333,0,0,0,0,0,0,0,0,0,0,19,64,0
159460,14,652701,1,14,2,2,0,1,0,0,0,3,0.033333333,0,0,0,0,0,0,0,0,0,0,5,14,0
159483,19,221833,1,19,6,3,0,1,5,2,2,58,0.033333333,0,0,0,0,0,0,0,0,0,0,10,19,0
159484,1,156596,1,1,1,0,0,0,0,0,0,224,0.033333333,0,0,0,0,0,0,0,0,0,0,1,1,0
159502,12,148039,1,12,2,5,0,3,0,2,2,18,0.033333333,0,0,0,0,0,0,0,0,0,0,8,12,0
159503,9,652701,1,9,1,2,0,1,0,0,0,3,0.033333333,0,0,0,0,0,0,0,0,0,0,4,9,0
159504,11,652701,1,11,5,1,0,1,0,0,0,3,0.033333333,0,0,0,0,0,0,0,0,0,0,6,11,0
159517,12,652701,1,12,2,2,0,1,6,0,0,3,0.033333333,0,0,0,0,0,0,0,0,0,0,5,12,0
159525,30,148039,3,6,2,2,0,1,0,1,1,18,0.033333333,0,0,0,0,0,0,0,0,0,0,4,6,0
159534,35,652701,2,25,3,5,2,2,7,0,0,3,0.066666667,0,0,0,0,0,0,0,0,0,0,8,3,22
159554,9,652701,1,9,5,2,0,1,0,0,0,3,0.033333333,0,0,0,0,0,0,0,0,0,0,6,9,0
159563,5,652701,1,5,1,4,0,0,0,0,0,3,0.033333333,0,0,0,0,0,0,0,0,0,0,4,5,0
159565,64,652701,1,64,22,13,3,6,4,0,0,3,0.1,0,0,0,0,0,0,0,0,0,0,10,43,18
159576,109,148039,2,20,4,6,0,4,0,5,4,18,0.066666667,0,0,0,0,0,0,0,0,0,0,9,10,0
159580,20,652701,1,20,7,5,0,3,2,0,0,3,0.033333333,0,0,0,0,0,0,0,0,0,0,7,20,0
159581,32,652701,1,32,8,3,9,2,3,0,0,3,0.033333333,0,0,0,0,0,0,0,0,0,0,8,32,0
159593,1,652701,1,1,1,0,0,0,0,0,0,3,0.033333333,0,0,0,0,0,0,0,0,0,0,1,1,0
159602,1,652701,1,1,1,0,0,0,0,0,0,3,0.033333333,0,0,0,0,0,0,0,0,0,0,1,1,0
159606,8,208752,1,8,3,3,0,1,0,2,1,24,0.033333333,8,0,0,0,0,0,0,0,0,0,7,8,0
159610,56,652701,1,56,5,11,20,5,6,0,0,3,0.1,0,0,0,0,0,0,0,0,0,0,6,34,0
159618,68,38356,3,1,1,0,0,0,0,0,0,65,0.033333333,0,0,0,0,0,0,0,0,0,0,1,1,0
159626,131,652701,1,131,16,21,48,10,21,0,0,3,0.066666667,0,0,0,0,0,0,0,0,0,0,10,92,39
159637,5,652701,1,5,1,2,0,1,0,0,0,3,0.033333333,0,0,0,0,0,0,0,0,0,0,4,5,0
159639,14,148039,1,14,5,4,0,3,0,3,2,18,0.033333333,0,0,0,0,0,0,0,0,0,0,9,14,0
159644,65,652701,1,65,17,16,0,5,19,0,0,3,0.033333333,0,0,0,0,0,0,0,0,0,0,9,65,0
159652,126,652701,3,42,6,6,16,4,0,0,0,3,0.033333333,0,0,0,0,0,0,0,0,0,0,8,42,0
159683,6,652701,1,6,1,2,0,0,0,0,0,3,0.033333333,0,0,0,0,0,0,0,0,0,0,4,6,0
159688,14,148039,8,1,1,0,0,0,0,0,0,18,0.033333333,0,0,0,0,0,0,0,0,0,0,1,1,0
159699,34,652701,1,34,8,7,3,6,1,0,0,3,0.1,0,0,0,0,0,0,0,0,0,0,14,19,0
159721,441,652701,6,10,2,3,0,2,0,0,0,3,0.066666667,0,0,0,0,0,0,0,0,0,0,4,4,6
159724,14,652701,1,14,3,2,4,1,0,0,0,3,0.033333333,0,0,0,0,0,0,0,0,0,0,7,14,0
159732,69,652701,1,69,17,16,0,8,19,0,0,3,0.033333333,0,0,0,0,0,0,0,0,0,0,7,69,0
159733,33,652701,1,33,7,11,0,7,0,0,0,3,0.033333333,0,0,0,0,0,0,0,0,0,0,8,33,0
159734,3,652701,1,3,3,0,0,0,0,0,0,3,0.033333333,0,0,0,0,0,0,0,0,0,0,2,3,0
159738,7,38356,1,7,3,2,0,1,0,1,1,65,0.033333333,0,0,0,0,0,0,0,0,0,0,5,7,0
159742,11,652701,1,11,3,2,0,0,0,0,0,3,0.033333333,0,0,0,0,0,0,0,0,0,0,6,11,0
159745,3,652701,1,3,3,0,0,0,0,0,0,3,0.033333333,0,0,0,0,0,0,0,0,0,0,1,3,0
159754,2,652701,1,2,2,0,0,0,0,0,0,3,0.033333333,0,0,0,0,0,0,0,0,0,0,2,2,0
159766,5,652701,1,5,1,2,0,1,0,0,0,3,0.033333333,0,0,0,0,0,0,0,0,0,0,4,5,0
159776,4,652701,1,4,1,2,0,0,0,0,0,3,0.033333333,0,0,0,0,0,0,0,0,0,0,4,4,0
159780,12,652701,1,12,5,2,0,1,1,0,0,3,0.033333333,0,0,0,0,0,0,0,0,0,0,7,12,0
159789,58,156596,2,22,4,5,2,3,0,5,4,224,0.066666667,0,0,0,0,0,0,0,0,0,0,10,17,5
159790,122,221833,2,36,1,7,12,6,0,8,4,58,0.033333333,0,0,0,0,0,0,0,0,0,0,17,36,0
159854,34,221833,2,26,2,18,0,1,2,18,0,58,0.033333333,0,0,0,0,0,0,0,0,0,0,9,26,0
159872,28,652701,1,28,7,3,9,0,3,0,0,3,0.033333333,0,0,0,0,0,0,0,0,0,0,8,28,0
159886,7,652701,1,7,3,2,0,1,0,0,0,3,0.033333333,0,0,0,0,0,0,0,0,0,0,5,7,0
159931,5,221833,1,5,2,1,0,1,0,1,1,58,0.033333333,0,0,0,0,0,0,0,0,0,0,5,5,0
159941,7,652701,1,7,3,2,0,1,0,0,0,3,0.066666667,0,0,0,0,0,0,0,0,0,0,5,5,0
159946,507,148039,11,11,1,5,0,3,0,4,2,18,0.033333333,0,0,0,0,0,0,0,0,0,0,7,11,0
159963,34,221833,4,3,1,2,0,0,0,1,0,58,0.033333333,0,0,0,0,0,0,0,0,0,0,3,3,0
159977,190,652701,3,34,6,22,0,4,0,15,1,3,0.066666667,0,0,29,0,0,0,0,0,0,0,14,34,0
159989,12,652701,1,12,7,4,0,0,0,0,0,3,0.033333333,0,0,0,0,0,0,0,0,0,0,7,12,0
159991,1770,652701,13,6,2,2,0,1,0,0,0,3,0.033333333,0,0,0,0,0,0,0,0,0,0,5,6,0
160000,6,148039,1,6,2,2,0,1,0,1,1,18,0.033333333,0,0,0,0,0,0,0,0,0,0,5,6,0
160001,71,652701,3,34,6,6,9,3,5,0,0,3,0.066666667,0,0,0,0,0,0,0,0,0,0,9,1,33
160012,53,652701,1,53,7,10,23,4,1,0,0,3,0.033333333,0,0,0,0,0,0,0,0,0,0,9,53,0
160014,347,652701,5,38,7,8,11,5,1,0,0,3,0.1,0,0,0,0,0,0,0,0,0,0,11,25,4
160037,39,221833,3,15,6,2,0,1,1,3,2,58,0.033333333,0,0,0,0,0,0,0,0,0,0,7,15,0
160050,160,221833,1,160,8,16,24,16,15,72,13,58,0.066666667,0,0,0,0,0,0,0,0,0,0,27,31,0
160053,63,652701,1,63,9,18,0,11,3,0,0,3,0.133333333,0,0,0,0,0,0,0,0,0,0,8,33,0
160061,8,652701,1,8,1,3,0,2,0,0,0,3,0.033333333,0,0,0,0,0,0,0,0,0,0,4,8,0
160070,1082,652701,4,37,5,2,0,1,23,0,0,3,0.033333333,0,0,0,0,0,0,0,0,0,0,7,37,0
160078,91,652701,2,12,6,1,0,1,1,0,0,3,0.066666667,0,0,0,0,0,0,0,0,0,0,7,9,0
160090,64,208752,1,64,7,9,13,8,0,20,12,24,0.033333333,64,0,0,0,0,0,0,0,0,0,31,64,0
160095,1,652701,1,1,1,0,0,0,0,0,0,3,0.033333333,0,0,0,0,0,0,0,0,0,0,1,1,0
160099,164,148039,2,65,7,28,8,8,0,26,2,18,0.066666667,0,0,0,0,0,0,0,0,0,0,17,19,46
160100,32,652701,1,32,6,20,0,4,0,0,0,3,0.066666667,0,0,0,0,0,0,0,0,0,0,9,21,0
160108,256,652701,3,68,5,6,52,2,0,0,0,3,0.066666667,12,0,0,0,0,0,0,0,0,0,10,56,0
160115,22,652701,1,22,7,2,0,1,0,0,0,3,0.033333333,0,0,0,0,0,0,0,0,0,0,8,22,0
160129,5,652701,1,5,1,3,0,1,0,0,0,3,0.066666667,0,0,0,0,0,0,0,0,0,0,3,4,1
160133,21,156596,1,21,10,4,2,1,0,2,1,224,0.033333333,0,0,0,0,0,0,0,0,0,0,11,21,0
160149,127,652701,5,50,11,17,4,7,6,0,0,3,0.066666667,0,0,0,0,0,0,0,0,0,0,8,29,21
160157,79,652701,1,79,7,10,10,6,33,0,0,3,0.033333333,0,0,0,0,0,0,0,0,0,0,9,79,0
160159,12,652701,1,12,3,7,0,2,0,0,0,3,0.1,0,0,0,0,4,0,0,0,0,0,5,3,0
160160,20,148039,2,5,1,2,0,1,0,1,1,18,0.033333333,0,0,0,0,0,0,0,0,0,0,4,5,0
160164,29,652701,1,29,6,10,2,4,1,0,0,3,0.066666667,0,0,0,0,0,0,0,0,0,0,7,15,14
160184,13,208752,2,6,2,2,0,1,0,1,1,24,0.033333333,6,0,0,0,0,0,0,0,0,0,5,6,0
160202,28,652701,1,28,9,2,6,1,5,0,0,3,0.033333333,0,0,0,0,0,0,0,0,0,0,8,28,0
160219,266,156596,5,20,1,7,0,5,0,6,5,224,0.033333333,0,0,0,0,0,0,0,0,0,0,8,20,0
160224,351,221833,2,1,1,0,0,0,0,0,0,58,0.033333333,0,0,0,0,0,0,0,0,0,0,1,1,0
160226,266,195289,5,18,2,6,0,4,0,5,4,105,0.066666667,0,10,0,0,0,0,0,0,0,0,8,8,0
160242,22,652701,1,22,8,5,0,2,5,0,0,3,0.066666667,0,0,0,0,0,0,0,0,0,0,8,3,19
160245,348,652701,4,1,1,0,0,0,0,0,0,3,0.033333333,0,0,0,0,0,0,0,0,0,0,1,1,0
160247,823,38356,6,2,2,0,0,0,0,0,0,65,0.066666667,0,0,0,0,0,0,0,0,0,0,1,1,0
160265,1,148039,1,1,1,0,0,0,0,0,0,18,0.033333333,0,0,0,0,0,0,0,0,0,0,1,1,0
160281,33,221833,3,1,1,0,0,0,0,0,0,58,0.033333333,0,0,0,0,0,0,0,0,0,0,1,1,0
160284,634,148039,5,9,2,6,0,0,0,6,0,18,0.033333333,0,0,0,0,0,0,0,0,0,0,6,9,0
160288,34,652701,2,31,10,4,2,3,2,0,0,3,0.033333333,0,0,0,0,0,0,0,0,0,0,9,31,0
160305,112,652701,1,112,10,15,5,10,61,0,0,3,0.066666667,0,0,0,0,0,0,0,0,0,0,9,64,48
160312,113,21216,2,7,3,2,0,1,0,1,1,19,0.066666667,0,0,0,0,0,0,0,0,0,0,5,6,1
160337,2,21216,1,2,2,0,0,0,0,0,0,19,0.033333333,0,0,0,0,0,0,0,0,0,0,2,2,0
160341,9,21216,1,9,5,2,0,1,0,1,1,19,0.066666667,0,0,0,6,0,0,0,0,0,0,5,9,0
160349,87,878119,1,87,21,42,13,4,0,31,3,20,0.1,0,0,46,0,7,0,0,0,0,0,29,34,46
160354,1455,43183,19,1,1,0,0,0,0,0,0,24,0.033333333,0,0,0,0,1,0,0,0,0,0,1,1,0
160361,12,21560,3,1,1,0,0,0,0,0,0,9,0.033333333,0,0,0,0,0,0,0,0,0,0,1,1,0
160365,4,878119,1,4,4,0,0,0,0,0,0,20,0.033333333,0,0,4,0,0,0,0,0,0,0,2,4,0
160368,11,878119,1,11,2,4,0,3,0,3,2,20,0.033333333,0,0,11,0,0,0,0,0,0,0,8,11,0
160376,55,21216,4,1,1,0,0,0,0,0,0,19,0.033333333,0,0,0,0,0,0,0,0,0,0,1,1,0
160385,510,21216,2,10,5,4,0,1,0,1,0,19,0.1,0,5,0,0,0,0,0,0,0,0,5,1,0
160392,15,43183,1,15,2,11,0,1,0,10,1,24,0.033333333,0,0,0,0,15,0,0,0,0,0,7,15,0
160396,12,148500,2,5,5,0,0,0,0,0,0,29,0.033333333,0,0,0,0,0,0,0,0,0,0,3,5,0
160401,72,148500,3,30,4,8,0,6,7,6,4,29,0.033333333,0,0,0,0,0,0,0,0,0,0,9,30,0
160415,339,21216,7,1,1,0,0,0,0,0,0,19,0.033333333,0,0,0,0,0,0,0,0,0,0,1,1,0
160431,57,878119,2,56,7,25,5,8,0,24,3,20,0.066666667,0,0,25,0,0,0,0,0,0,0,19,31,25
160432,28,148500,3,2,2,0,0,0,0,0,0,29,0.033333333,0,0,0,0,0,0,0,0,0,0,2,2,0
160436,348,21216,5,21,5,7,0,3,0,8,0,19,0.066666667,0,0,0,0,0,0,0,0,0,0,6,20,1
160439,7,878119,1,7,2,3,0,2,0,2,0,20,0.033333333,0,0,7,0,0,0,0,0,0,0,5,7,0
160448,5,21560,3,1,1,0,0,0,0,0,0,9,0.033333333,0,0,0,0,0,0,0,0,0,0,1,1,0
160453,12,878119,1,12,1,5,0,4,0,4,2,20,0.033333333,0,0,12,0,0,0,0,0,0,0,6,12,0
160461,15,878119,1,15,3,6,0,4,0,3,2,20,0.066666667,0,0,8,7,0,0,0,0,0,0,9,8,7
160474,14,43183,4,1,1,0,0,0,0,0,0,24,0.033333333,0,0,0,0,1,0,0,0,0,0,1,1,0
160476,4,148500,1,4,4,0,0,0,0,0,0,29,0.066666667,0,0,0,0,0,0,0,1,0,0,3,3,0
160489,5,878119,1,5,3,2,0,0,0,2,0,20,0.066666667,0,0,1,0,0,0,0,0,0,0,4,4,1
160490,2,34988,1,2,2,0,0,0,0,0,0,108,0.066666667,0,0,0,0,0,0,1,1,0,0,1,1,1
160526,7,21216,2,6,2,2,0,1,0,1,1,19,0.033333333,0,0,0,0,0,0,0,0,0,0,5,6,0
160529,11,21216,1,11,0,11,0,0,0,6,0,19,0.066666667,0,0,0,0,0,0,0,0,0,0,5,6,0
160535,46,878119,6,1,1,0,0,0,0,0,0,20,0.033333333,0,0,0,1,0,0,0,0,0,0,1,1,0
160537,6,878119,1,6,3,2,0,1,0,1,0,20,0.066666667,2,0,0,4,0,0,0,0,0,0,4,2,0
160538,18,878119,1,18,5,7,0,5,0,5,0,20,0.033333333,0,0,0,18,0,0,0,0,0,0,9,18,0
160545,147,89830,2,94,6,19,8,17,10,37,11,108,0.066666667,0,0,0,0,0,0,0,0,0,0,23,94,0
160554,26,155579,3,2,2,0,0,0,0,0,0,17,0.033333333,0,0,0,0,0,0,0,0,0,0,1,2,0
160555,40,155579,1,40,1,7,4,6,3,16,8,17,0.033333333,0,0,0,0,0,0,0,0,0,0,9,40,0
160566,39,91935,1,39,3,11,12,8,0,7,4,26,0.066666667,0,0,0,0,0,0,0,0,0,0,16,35,0
160569,2,155579,1,2,2,0,0,0,0,0,0,17,0.033333333,0,0,0,0,0,0,0,0,0,0,2,2,0
160602,29,155579,1,29,5,12,0,10,0,9,0,17,0.066666667,0,0,0,0,0,0,0,0,0,0,13,6,0
160604,122,155579,3,16,7,3,0,2,1,2,2,17,0.033333333,0,0,0,0,0,0,0,0,0,0,9,16,0
160606,2,91935,1,2,2,0,0,0,0,0,0,26,0.066666667,0,0,0,0,0,0,0,0,0,0,1,1,0
160610,443,155579,5,151,21,37,9,25,12,45,22,17,0.266666667,0,0,0,27,2,0,0,0,0,0,22,7,86
160632,5,155579,1,5,1,2,0,1,0,1,1,17,0.033333333,0,0,0,0,0,0,0,0,0,0,4,5,0
160633,14,89830,1,14,3,6,0,3,0,3,2,108,0.033333333,0,0,0,0,0,0,0,0,0,0,8,14,0
160635,409,89830,2,2,2,0,0,0,0,0,0,108,0.033333333,0,0,0,0,0,0,0,0,0,0,2,2,0
160640,1,155579,1,1,1,0,0,0,0,0,0,17,0.033333333,0,0,0,0,0,0,0,0,0,0,1,1,0
160702,1,878119,1,1,1,0,0,0,0,0,0,20,0.033333333,0,0,0,0,0,0,0,0,0,0,1,1,0
160722,6,878119,2,5,3,1,0,1,0,1,0,20,0.033333333,0,0,0,0,0,0,0,0,0,0,5,5,0
160740,1,334927,1,1,1,0,0,0,0,0,0,7,0.033333333,0,0,0,0,0,0,0,0,0,0,1,1,0
160745,33,250865,1,33,3,9,0,5,0,15,3,34,0.066666667,0,0,0,0,0,0,14,0,0,0,10,33,0
160746,41,878119,1,41,8,29,0,0,1,24,0,20,0.066666667,0,0,0,0,0,0,0,0,0,0,12,22,0
160752,11,878119,3,4,1,2,0,1,0,1,0,20,0.033333333,0,0,0,0,0,0,0,0,0,0,3,4,0
160758,1202,457932,10,39,4,10,1,8,10,7,6,21,0.066666667,0,0,0,0,0,0,0,22,0,0,16,17,0
160762,678,346877,2,96,10,34,18,14,0,36,8,9,0.1,0,0,0,0,0,0,0,0,0,45,29,30,0
160767,1,46603,1,1,1,0,0,0,0,0,0,5,0.033333333,0,0,0,0,0,1,0,0,0,0,1,1,0
160781,24,334927,1,24,5,7,0,6,2,6,3,7,0.033333333,0,0,0,0,0,0,0,0,0,0,15,24,0
160785,64,878119,4,1,1,0,0,0,0,0,0,20,0.033333333,0,0,0,0,0,0,0,0,0,0,1,1,0
160791,14,250865,8,3,3,0,0,0,0,0,0,34,0.033333333,0,0,0,0,0,0,3,0,0,0,2,3,0
160798,29,334927,2,28,5,5,0,1,16,4,0,7,0.033333333,0,0,0,0,0,0,0,0,0,0,8,28,0
160799,48,346877,2,20,2,9,0,5,2,4,2,9,0.033333333,0,0,0,0,0,0,0,0,0,20,7,20,0
160810,3,250865,3,1,1,0,0,0,0,0,0,34,0.033333333,0,0,0,0,0,0,1,0,0,0,1,1,0
160818,49,878119,3,5,2,2,0,1,0,1,0,20,0.033333333,0,0,0,0,0,0,0,0,0,0,4,5,0
160828,15,260769,2,2,2,0,0,0,0,0,0,0,0.033333333,0,0,0,0,0,0,2,0,0,0,2,2,0
160832,16,334927,2,1,1,0,0,0,0,0,0,7,0.033333333,0,0,0,0,0,0,0,0,0,0,1,1,0
160839,666,878119,3,2,2,0,0,0,0,0,0,20,0.033333333,0,0,0,0,0,0,0,0,0,0,1,2,0
160840,299,878119,5,1,1,0,0,0,0,0,0,20,0.033333333,0,0,0,0,0,0,0,0,0,0,1,1,0
160854,2,346877,1,2,2,0,0,0,0,0,0,9,0.033333333,0,0,0,0,0,0,0,0,0,2,1,2,0
160860,2,334927,1,2,2,0,0,0,0,0,0,7,0.033333333,0,0,0,0,0,0,0,0,0,0,2,2,0
160876,53,457932,1,53,5,13,10,8,11,8,5,21,0.1,0,0,0,11,0,0,0,28,14,0,26,11,0
160900,5,346877,1,5,2,1,0,1,0,1,1,9,0.033333333,0,0,0,0,0,0,0,0,0,5,5,5,0
160913,25,247683,2,19,2,6,6,4,0,5,1,23,0.033333333,0,0,0,0,0,0,0,0,0,19,11,19,0
160919,1,457932,1,1,1,0,0,0,0,0,0,21,0.033333333,0,0,0,0,0,0,0,1,0,0,1,1,0
160923,451,457932,9,20,10,2,0,1,6,1,0,21,0.033333333,0,0,0,0,0,0,0,20,0,0,6,20,0
160926,14,878119,1,14,3,5,0,4,0,4,2,20,0.033333333,0,0,0,0,0,0,0,0,0,0,9,14,0
160929,81,334927,2,78,5,39,0,21,1,26,12,7,0.033333333,0,0,0,0,0,0,0,0,0,0,18,78,0
160930,26,457932,1,26,8,9,1,6,0,4,2,21,0.066666667,0,0,0,0,0,0,0,19,0,7,9,19,0
160934,7,43183,1,7,2,3,0,1,0,2,1,24,0.033333333,0,0,0,0,0,0,0,0,0,0,6,7,0
160935,453,260769,5,1,1,0,0,0,0,0,0,0,0.033333333,0,0,0,0,0,0,1,0,0,0,1,1,0
160939,2,334927,2,1,1,0,0,0,0,0,0,7,0.033333333,0,0,0,0,0,0,0,0,0,0,1,1,0
160943,6,334927,1,6,2,2,0,1,0,1,1,7,0.033333333,0,0,0,0,0,0,0,0,0,0,5,6,0
160957,2,878119,1,2,2,0,0,0,0,0,0,20,0.033333333,0,0,0,0,0,0,0,0,0,0,2,2,0
160958,76,21560,4,2,2,0,0,0,0,0,0,9,0.033333333,0,0,0,0,0,0,0,0,0,0,2,2,0
160962,12,878119,1,12,3,3,0,3,0,3,3,20,0.033333333,0,0,0,0,0,0,0,0,0,0,10,12,0
160978,37,334927,3,1,1,0,0,0,0,0,0,7,0.033333333,0,0,0,0,0,0,0,0,0,0,1,1,0
160981,1,878119,1,1,1,0,0,0,0,0,0,20,0.033333333,0,0,0,0,0,0,0,0,0,0,1,1,0
160987,188,27035,2,80,3,34,5,14,10,41,5,60,0.1,0,0,0,0,0,0,0,57,19,4,17,57,19
160995,396,457932,1,396,27,118,62,97,2,107,77,21,0.166666667,0,0,190,0,0,0,0,6,0,57,98,55,0
160997,21,878119,2,7,3,2,0,1,0,2,1,20,0.033333333,0,0,0,0,0,0,0,0,0,0,7,7,0
160999,13,247683,2,1,1,0,0,0,0,0,0,23,0.033333333,0,0,0,0,0,0,0,0,0,1,1,1,0
161020,9,878119,1,9,4,2,0,1,1,1,0,20,0.033333333,0,0,0,0,0,0,0,0,0,0,6,9,0
161022,116,878119,5,44,19,13,0,1,8,6,0,20,0.033333333,0,0,0,0,0,0,0,0,0,0,12,44,0
161044,8,346877,4,2,2,0,0,0,0,0,0,9,0.033333333,0,0,0,0,0,0,0,0,0,2,2,2,0
161047,7,878119,1,7,1,3,0,1,0,3,1,20,0.033333333,0,0,0,0,0,0,0,0,0,0,5,7,0
161055,140,457932,1,140,9,63,14,32,0,52,19,21,0.033333333,0,0,0,0,0,0,0,140,0,0,28,140,0
161060,30,457932,1,30,2,8,9,5,0,7,3,21,0.033333333,0,0,0,0,0,0,0,30,0,0,12,30,0
161069,97,457932,6,23,7,5,0,3,4,4,1,21,0.066666667,0,0,0,0,0,0,0,11,0,0,9,12,0
161072,1334,334927,3,58,8,24,9,14,0,10,3,7,0.066666667,0,0,0,0,0,0,0,0,0,0,19,58,0
161088,197,250865,3,1,1,0,0,0,0,0,0,34,0.033333333,0,0,0,0,0,0,1,0,0,0,1,1,0
161111,9,457932,2,2,2,0,0,0,0,0,0,21,0.033333333,0,0,0,0,0,0,0,2,0,0,1,2,0
161112,21,250865,1,21,6,15,0,0,0,12,0,34,0.033333333,0,0,0,0,0,0,21,0,0,0,14,21,0
161115,28,247683,4,2,2,0,0,0,0,0,0,23,0.033333333,0,0,0,0,0,0,0,0,0,2,2,2,0
161117,28,85576,4,1,1,0,0,0,0,0,0,54,0.033333333,0,0,0,0,0,0,0,0,0,1,1,1,0
161123,338,878119,4,1,1,0,0,0,0,0,0,20,0.033333333,0,0,0,0,0,0,0,0,0,0,1,1,0
161130,27,334927,4,11,2,5,0,3,0,2,1,7,0.033333333,0,0,0,0,0,0,0,0,0,0,7,11,0
161143,43,457932,2,12,2,4,3,1,0,3,1,21,0.033333333,0,0,0,0,0,0,0,12,0,0,8,12,0
161157,30,43183,3,1,1,0,0,0,0,0,0,24,0.033333333,0,0,0,0,0,0,0,0,0,0,1,1,0
161189,35,110497,2,6,2,2,0,1,0,1,1,24,0.033333333,0,0,0,0,0,0,0,0,0,6,5,6,0
161190,1423,457932,5,28,7,6,3,5,1,5,4,21,0.033333333,0,0,0,0,0,0,0,28,0,0,17,28,0
161197,1160,34988,13,105,7,26,17,21,0,30,15,108,0.1,0,0,0,0,0,0,0,0,0,0,23,98,7
161200,136,334927,3,2,2,0,0,0,0,0,0,7,0.033333333,0,0,0,0,0,0,0,0,0,0,2,2,0
161201,67,247683,2,2,2,0,0,0,0,0,0,23,0.033333333,0,0,0,0,0,0,0,0,0,2,2,2,0
161206,48,457932,1,48,3,15,5,13,0,13,10,21,0.066666667,0,0,0,0,0,0,0,19,0,0,18,29,0
161214,95,346877,3,30,4,5,10,2,5,6,0,9,0.033333333,0,0,0,0,0,0,0,0,0,30,10,30,0
161215,11,334927,2,6,2,2,0,1,0,1,1,7,0.033333333,0,0,0,0,0,0,0,0,0,0,5,6,0
161233,6,346877,1,6,3,1,0,1,0,1,1,9,0.033333333,0,0,0,0,0,0,0,0,0,6,6,6,0
161235,7,85576,2,1,1,0,0,0,0,0,0,54,0.033333333,0,0,0,0,0,0,0,0,0,1,1,1,0
161246,50,127749,1,50,7,17,0,14,0,12,12,102,0.1,0,0,0,0,0,0,34,0,0,0,30,1,0
161262,18,457932,1,18,2,4,5,3,0,3,2,21,0.033333333,0,0,0,0,0,0,0,18,0,0,9,18,0
161266,1,334927,1,1,1,0,0,0,0,0,0,7,0.033333333,0,0,0,0,0,0,0,0,0,0,1,1,0
161282,19,457932,4,11,2,4,2,2,0,3,1,21,0.033333333,0,0,0,0,0,0,0,11,0,0,7,11,0
161287,22,878119,1,22,10,6,0,3,0,3,2,20,0.066666667,0,0,0,0,0,0,0,0,0,0,12,20,2
161289,10,457932,1,10,4,2,0,1,1,2,0,21,0.033333333,0,0,0,0,0,0,0,10,0,0,6,10,0
161297,1,43183,1,1,1,0,0,0,0,0,0,24,0.033333333,0,0,0,0,0,0,0,0,0,0,1,1,0
161304,19,46603,4,5,5,0,0,0,0,0,0,5,0.033333333,0,0,0,0,0,5,0,0,0,0,2,5,0
161307,181,878119,2,28,6,7,2,5,7,4,1,20,0.066666667,0,0,0,0,0,0,0,0,0,0,11,28,0
161311,3,334927,1,3,3,0,0,0,0,0,0,7,0.033333333,0,0,0,0,0,0,0,0,0,0,2,3,0
161313,1,457932,1,1,1,0,0,0,0,0,0,21,0.033333333,0,0,0,0,0,0,0,1,0,0,1,1,0
161318,17,110497,1,17,5,8,0,1,0,4,2,24,0.033333333,0,0,0,0,0,0,0,0,0,17,8,17,0
161325,41,247683,1,41,10,10,0,8,0,15,6,23,0.066666667,0,0,0,0,0,0,0,0,0,18,20,23,18
161338,67,260769,3,1,1,0,0,0,0,0,0,0,0.033333333,0,0,0,0,0,0,1,0,0,0,1,1,0
161343,215,334927,4,33,7,14,5,5,0,6,1,7,0.1,0,0,0,0,0,0,0,0,0,0,11,20,13
161352,18,457932,1,18,5,4,3,3,0,3,2,21,0.033333333,0,0,0,0,0,0,0,18,0,0,11,18,0
161355,10,21560,1,10,2,3,0,2,1,2,2,9,0.033333333,0,0,0,0,0,0,0,0,0,0,5,10,0
161356,25,457932,1,25,2,12,0,6,0,11,5,21,0.033333333,0,0,0,0,0,0,0,25,0,0,14,25,0
161363,9,346877,2,8,5,2,0,0,1,1,0,9,0.033333333,0,0,0,0,0,0,0,0,0,8,5,8,0
161365,20,110497,3,16,5,5,0,4,0,5,0,24,0.033333333,0,0,0,0,0,0,0,0,0,16,8,16,0
161379,79,110497,3,36,4,17,0,2,0,23,1,24,0.066666667,20,0,0,0,0,0,0,0,0,16,9,20,0
161385,18,457932,1,18,5,4,3,3,1,3,1,21,0.033333333,0,0,0,0,0,0,0,18,0,0,11,18,0
161396,78,46603,2,54,10,19,6,2,6,18,2,5,0.033333333,0,0,0,0,0,54,0,0,0,0,20,54,0
161398,5,346877,1,5,1,2,0,1,0,1,1,9,0.033333333,0,0,0,0,0,0,0,0,0,5,4,5,0
161402,1,140022,1,1,1,0,0,0,0,0,0,232,0.033333333,0,0,0,0,0,0,1,0,0,0,1,1,0
161440,5,878119,1,5,1,3,0,1,0,2,0,20,0.033333333,0,0,0,0,0,0,0,0,0,0,4,5,0
161443,220,346877,5,1,1,0,0,0,0,0,0,9,0.033333333,0,0,0,0,0,0,0,0,0,1,1,1,0
161447,8,85576,1,8,4,2,0,1,0,1,1,54,0.033333333,0,0,0,0,0,0,0,0,0,8,7,8,0
161452,13,878119,1,13,5,5,0,0,2,4,0,20,0.033333333,0,0,0,0,0,0,0,0,0,0,8,13,0
161457,2,27035,1,2,2,0,0,0,0,0,0,60,0.033333333,0,0,0,0,0,0,0,2,0,0,2,2,0
161462,10,457932,1,10,2,4,0,2,0,3,2,21,0.033333333,0,0,0,0,0,0,0,10,0,0,8,10,0
161475,19,250865,3,14,5,3,0,1,2,4,0,34,0.033333333,0,0,0,0,0,0,14,0,0,0,6,14,0
161477,19,46603,3,4,3,1,0,0,0,1,0,5,0.033333333,0,0,0,0,0,4,0,0,0,0,3,4,0
161478,57,250865,1,57,14,16,0,11,0,15,3,34,0.1,0,0,0,0,0,0,40,0,0,0,10,2,55
161496,52,346877,2,38,3,15,9,5,0,12,3,9,0.033333333,0,0,0,0,0,0,0,0,0,38,15,38,0
161513,1,334927,1,1,1,0,0,0,0,0,0,7,0.033333333,0,0,0,0,0,0,0,0,0,0,1,1,0
161516,73,878119,2,47,11,17,0,12,2,10,5,20,0.066666667,0,0,0,0,0,0,0,0,0,0,19,33,0
161536,4,260769,3,1,1,0,0,0,0,0,0,0,0.033333333,0,0,0,0,0,0,1,0,0,0,1,1,0
161549,3,110497,2,1,1,0,0,0,0,0,0,24,0.033333333,0,0,0,0,0,0,0,0,0,1,1,1,0
161555,287,346877,3,10,3,3,0,2,0,4,0,9,0.033333333,0,0,0,0,0,0,0,0,0,10,6,10,0
161563,8,46603,2,6,2,2,0,1,0,1,1,5,0.033333333,0,0,0,0,0,6,0,0,0,0,5,6,0
161590,25,247683,4,2,2,0,0,0,0,0,0,23,0.033333333,0,0,0,0,0,0,0,0,0,2,1,2,0
161596,7,457932,2,1,1,0,0,0,0,0,0,21,0.033333333,0,0,0,0,0,0,0,1,0,0,1,1,0
161602,25,878119,4,2,2,0,0,0,0,0,0,20,0.033333333,0,0,0,0,0,0,0,0,0,0,2,2,0
161608,401,43183,7,1,1,0,0,0,0,0,0,24,0.033333333,0,0,0,0,0,0,0,0,0,0,1,1,0
161612,1,21560,1,1,1,0,0,0,0,0,0,9,0.033333333,0,0,0,0,0,0,0,0,0,0,1,1,0
161629,236,21560,3,1,1,0,0,0,0,0,0,9,0.033333333,0,0,0,0,0,0,0,0,0,0,1,1,0
161661,58,878119,2,53,4,18,2,17,0,17,10,20,0.066666667,0,0,0,0,51,0,0,0,0,0,32,2,0
161676,70,457932,1,70,1,34,0,17,0,33,18,21,0.066666667,0,0,0,0,0,0,0,0,28,42,31,28,42
161679,94,43183,2,1,1,0,0,0,0,0,0,24,0.033333333,0,0,0,0,0,0,0,0,0,0,1,1,0
161686,22,457932,1,22,9,3,4,2,1,2,1,21,0.033333333,0,0,0,0,0,0,0,0,22,0,11,22,0
161692,39,334927,1,39,5,12,4,10,0,9,7,7,0.066666667,0,0,34,0,0,0,0,0,0,0,22,5,34
161697,56,260769,4,5,2,2,0,1,0,1,0,0,0.033333333,0,0,0,0,0,0,0,0,5,0,4,5,0
161698,25,878119,2,7,2,4,0,1,0,3,0,20,0.033333333,0,0,0,0,0,0,0,0,0,0,5,7,0
161700,634,334927,5,150,8,78,15,26,0,69,19,7,0.033333333,0,0,150,0,0,0,0,0,0,0,42,150,0
161706,173,148500,3,108,4,23,37,4,9,39,0,29,0.066666667,0,0,0,0,0,0,0,0,0,0,25,6,102
161713,2070,148500,10,1,1,0,0,0,0,0,0,29,0.033333333,0,0,0,0,0,0,0,0,0,0,1,1,0
161727,5,260769,1,5,2,2,0,1,0,1,0,0,0.033333333,0,0,0,0,0,0,0,0,5,0,4,5,0
161734,159,250865,2,126,15,29,12,24,24,41,1,34,0.066666667,0,0,0,0,0,0,0,46,80,0,22,46,80
161737,17,878119,1,17,7,6,0,2,0,3,2,20,0.066666667,0,0,0,0,0,0,0,0,0,0,9,11,6
161758,1,878119,1,1,1,0,0,0,0,0,0,20,0.033333333,0,0,0,0,0,0,0,0,0,0,1,1,0
161763,12,457932,4,1,1,0,0,0,0,0,0,21,0.033333333,0,0,0,0,0,0,0,0,0,1,1,1,0
161770,5,140022,1,5,2,2,0,1,0,1,0,232,0.033333333,0,0,0,0,0,0,0,0,5,0,4,5,0
161773,6,878119,1,6,1,4,0,1,0,3,0,20,0.033333333,0,0,0,0,0,0,0,0,0,0,5,6,0
161774,21,334927,1,21,4,7,0,5,0,6,5,7,0.066666667,0,0,14,0,0,0,0,0,0,0,14,7,0
161775,6,878119,1,6,3,2,0,1,0,1,0,20,0.033333333,0,0,0,0,0,0,0,0,0,0,4,6,0
161777,91,457932,2,61,8,23,7,10,5,18,6,21,0.1,0,0,0,0,0,0,0,0,49,2,21,12,0
161786,9,127749,1,9,5,3,0,1,0,2,0,102,0.033333333,0,0,0,0,0,0,0,0,9,0,5,9,0
161787,9,878119,1,9,1,4,0,3,0,3,1,20,0.033333333,0,0,0,0,0,0,0,0,0,0,6,9,0
161826,18,140022,1,18,8,6,0,0,2,7,1,232,0.066666667,4,0,0,0,0,0,0,0,14,0,9,4,0
161830,19,457932,1,19,2,7,0,6,0,6,4,21,0.033333333,0,0,0,0,0,0,0,0,0,19,13,19,0
161834,1,250865,1,1,1,0,0,0,0,0,0,34,0.033333333,0,0,0,0,0,0,0,0,1,0,1,1,0
161859,137,457932,2,13,2,4,3,2,0,3,1,21,0.033333333,0,0,0,0,0,0,0,0,0,13,8,13,0
161874,93,457932,4,1,1,0,0,0,0,0,0,21,0.033333333,0,0,0,0,0,0,0,0,0,1,1,1,0
161879,122,334927,3,1,1,0,0,0,0,0,0,7,0.033333333,0,0,1,0,0,0,0,0,0,0,1,1,0
161889,78,457932,4,14,3,6,0,3,0,5,2,21,0.033333333,0,0,0,0,0,0,0,0,0,14,8,14,0
161892,32,878119,2,6,3,2,0,1,0,1,0,20,0.033333333,0,0,0,0,0,0,0,0,0,0,4,6,0
161896,6,43183,1,6,2,2,0,1,0,1,1,24,0.033333333,0,0,0,0,0,0,0,0,0,0,5,6,0
161903,216,148500,4,188,10,30,65,4,23,64,1,29,0.133333333,0,0,0,0,0,0,0,0,0,0,34,139,0
161906,17,250865,2,3,3,0,0,0,0,0,0,34,0.033333333,0,0,0,0,0,0,0,0,3,0,3,3,0
161912,37,334927,4,3,3,0,0,0,0,0,0,7,0.033333333,0,0,3,0,0,0,0,0,0,0,2,3,0
161930,32,878119,1,32,11,11,0,8,1,6,0,20,0.033333333,0,0,0,0,0,0,0,0,0,0,12,32,0
161948,589,260769,2,484,11,99,124,90,0,146,62,0,0.133333333,0,0,0,0,0,0,0,0,170,0,98,65,0
161956,1007,457932,3,123,20,90,3,4,1,76,1,21,0.1,0,0,51,0,0,0,0,0,0,28,50,44,0
162002,122,250865,3,105,7,19,34,15,3,31,5,34,0.066666667,0,0,0,0,0,0,0,0,99,0,20,105,0
162006,2,457932,2,1,1,0,0,0,0,0,0,21,0.033333333,0,0,0,0,0,0,0,0,0,1,1,1,0
162010,38,260769,3,9,2,3,0,2,0,2,2,0,0.033333333,0,0,0,0,0,0,0,0,9,0,7,9,0
162014,13,260769,2,6,2,2,0,1,0,1,1,0,0.033333333,0,0,0,0,0,0,0,0,6,0,5,6,0
162031,242,140022,5,101,2,6,76,0,0,10,0,232,0.033333333,0,0,0,0,0,0,0,0,101,0,39,101,0
162035,17,878119,1,17,3,6,0,4,0,5,2,20,0.033333333,0,0,0,0,0,0,0,0,0,0,9,17,0
162036,8,334927,2,3,3,0,0,0,0,0,0,7,0.033333333,0,0,3,0,0,0,0,0,0,0,2,3,0
162040,4,127749,1,4,4,0,0,0,0,0,0,102,0.033333333,0,0,0,0,0,0,0,0,4,0,2,4,0
162060,81,334927,3,12,4,8,0,0,0,3,0,7,0.066666667,0,0,4,0,0,0,8,0,0,0,9,4,0
162062,29,148500,1,29,3,12,3,6,1,9,1,29,0.066666667,0,0,0,0,0,0,0,0,0,0,9,29,0
162063,1,878119,1,1,1,0,0,0,0,0,0,20,0.033333333,0,0,0,0,0,0,0,0,0,0,1,1,0
162067,77,457932,2,1,1,0,0,0,0,0,0,21,0.033333333,0,0,0,0,0,0,0,0,0,1,1,1,0
162077,12,260769,2,6,2,4,0,0,0,3,0,0,0.033333333,0,0,0,0,0,0,0,0,6,0,5,6,0
162108,397,457932,2,1,1,0,0,0,0,0,0,21,0.033333333,0,0,0,0,0,0,0,0,0,1,1,1,0
162112,1,43183,1,1,1,0,0,0,0,0,0,24,0.033333333,0,0,0,0,0,0,0,0,0,0,1,1,0
162113,144,334927,2,143,16,47,15,29,2,54,19,7,0.133333333,0,0,35,0,0,0,0,0,0,0,49,34,35
162115,81,878119,4,20,1,12,0,5,0,11,2,20,0.033333333,0,0,0,0,0,0,0,0,0,0,8,20,0
162116,174,27035,4,148,14,30,25,22,13,42,10,60,0.033333333,0,0,0,0,0,0,0,0,0,148,31,148,0
162118,26,878119,1,26,13,10,0,1,1,7,0,20,0.033333333,0,0,0,0,0,0,0,0,0,0,13,26,0
162128,7,334927,1,7,2,2,0,1,0,1,1,7,0.033333333,0,0,7,0,0,0,0,0,0,0,5,7,0
162159,21,878119,1,21,7,9,0,3,1,4,1,20,0.033333333,0,0,0,0,0,0,0,0,0,0,8,21,0
162163,593,250865,2,154,21,36,18,26,15,44,11,34,0.033333333,0,0,0,0,0,0,0,0,154,0,17,154,0
162166,71,334927,1,71,9,19,7,14,3,16,10,7,0.1,0,0,13,0,0,0,0,0,0,0,28,20,0
162170,29,27035,3,6,2,2,0,1,0,1,1,60,0.033333333,0,0,0,0,0,0,0,0,0,6,5,6,0
162172,4,457932,1,4,4,0,0,0,0,0,0,21,0.033333333,0,0,0,0,0,0,0,0,0,4,2,4,0
162186,4,878119,1,4,2,2,0,0,0,1,0,20,0.033333333,0,0,0,0,0,0,0,0,0,0,4,4,0
162188,201,260769,2,191,2,86,41,48,0,94,1,0,0.066666667,136,0,0,0,0,0,0,0,55,0,35,136,0
162189,132,334927,2,1,1,0,0,0,0,0,0,7,0.033333333,0,0,1,0,0,0,0,0,0,0,1,1,0
162193,29,34988,4,1,1,0,0,0,0,0,0,108,0.033333333,1,0,0,0,0,0,0,0,0,0,1,1,0
162196,76,878119,1,76,17,35,0,17,0,23,4,20,0.133333333,0,0,0,0,12,0,0,0,0,0,16,28,0
162199,2,457932,1,2,2,0,0,0,0,0,0,21,0.033333333,0,0,0,0,0,0,0,0,0,2,2,2,0
162217,24,334927,1,24,5,8,0,6,0,5,5,7,0.033333333,0,0,24,0,0,0,0,0,0,0,12,24,0
162226,16,457932,4,13,2,3,4,2,0,2,1,21,0.033333333,0,0,0,0,0,0,0,0,0,13,7,13,0
162230,1,127749,1,1,1,0,0,0,0,0,0,102,0.033333333,0,0,0,0,0,0,0,0,1,0,1,1,0
162231,511,27035,2,20,5,7,0,5,0,4,3,60,0.033333333,0,0,0,0,0,0,0,0,0,20,10,20,0
162242,29,878119,1,29,11,9,0,6,1,4,1,20,0.033333333,0,0,0,0,0,0,0,0,0,0,12,29,0
162247,13,457932,1,13,8,4,0,1,0,1,0,21,0.066666667,0,0,0,0,0,0,0,0,0,3,8,10,0
162262,5,334927,1,5,2,2,0,1,0,1,0,7,0.033333333,0,0,5,0,0,0,0,0,0,0,3,5,0
162266,689,457932,3,62,14,40,8,0,0,29,0,21,0.166666667,0,0,0,0,0,0,0,0,0,4,25,38,20
162268,12,457932,7,2,2,0,0,0,0,0,0,21,0.033333333,0,0,0,0,0,0,0,0,0,2,1,2,0
162272,12,127749,7,3,3,0,0,0,0,0,0,102,0.066666667,0,0,0,0,0,0,0,0,2,1,1,2,1
162276,39,457932,1,39,9,12,2,9,0,9,7,21,0.1,0,0,0,0,0,0,0,0,0,16,16,1,22
162280,37,27035,4,21,8,11,0,0,0,7,0,60,0.033333333,0,0,0,0,0,0,0,0,0,21,9,21,0
162290,9,457932,2,1,1,0,0,0,0,0,0,21,0.033333333,0,0,0,0,0,0,0,0,0,1,1,1,0
162292,111,334927,2,29,3,8,10,5,0,5,1,7,0.033333333,0,0,29,0,0,0,0,0,0,0,8,29,0
162293,81,334927,4,42,6,18,4,9,0,15,5,7,0.033333333,0,0,42,0,0,0,0,0,0,0,16,42,0
162313,170,148500,5,64,4,9,24,6,3,16,7,29,0.033333333,0,0,0,0,0,0,0,0,0,0,18,64,0
162332,17,878119,1,17,9,4,0,2,1,1,0,20,0.033333333,0,0,0,0,0,0,0,0,0,0,8,17,0
162335,38,250865,4,2,2,0,0,0,0,0,0,34,0.066666667,0,0,0,0,0,0,0,1,1,0,2,1,1
162344,74,21560,3,48,8,10,0,7,6,13,8,9,0.066666667,0,0,0,0,0,0,0,0,0,0,12,4,44
162359,12,27035,7,1,1,0,0,0,0,0,0,60,0.033333333,0,0,0,0,0,0,0,0,0,1,1,1,0
162361,221,148500,2,14,3,4,0,3,0,3,3,29,0.033333333,0,0,0,0,0,0,0,0,0,0,8,14,0
162365,11,334927,2,10,3,3,0,2,0,2,2,7,0.033333333,0,0,10,0,0,0,0,0,0,0,5,10,0
162388,9,907118,1,9,3,3,0,3,0,3,0,19,0.033333333,0,0,0,0,0,0,0,0,0,0,7,9,0
162399,35,907118,1,35,3,13,0,10,0,13,6,19,0.066666667,0,0,0,0,0,0,0,0,0,0,11,23,0
162404,81,907118,1,81,36,21,0,15,3,14,5,19,0.133333333,0,0,0,0,0,0,0,0,0,0,19,45,7
162411,1,907118,1,1,1,0,0,0,0,0,0,19,0.033333333,0,0,0,0,0,0,0,0,0,0,1,1,0
162419,13,907118,1,13,2,4,3,3,0,3,0,19,0.033333333,0,0,0,0,0,0,0,0,0,0,7,13,0
162426,17,907118,2,16,2,8,0,3,0,9,1,19,0.033333333,0,0,0,0,0,0,0,0,0,0,9,16,0
162461,32,907118,1,32,12,9,0,6,0,7,4,19,0.066666667,0,0,0,0,0,0,0,0,0,0,11,23,9
162465,1,155579,1,1,1,0,0,0,0,0,0,17,0.033333333,0,0,0,0,0,0,0,0,0,0,1,1,0
162490,90,907118,1,90,18,35,0,25,0,24,12,19,0.033333333,0,0,0,0,0,0,0,0,0,0,21,90,0
162493,12,907118,2,1,1,0,0,0,0,0,0,19,0.033333333,0,0,0,0,0,0,0,0,0,0,1,1,0
162496,7,907118,1,7,1,3,0,2,0,2,1,19,0.033333333,0,0,0,0,0,0,0,0,0,0,5,7,0
162503,4,907118,3,1,1,0,0,0,0,0,0,19,0.033333333,0,0,0,0,0,0,0,0,0,0,1,1,0
162527,830,89830,2,20,2,3,0,3,0,13,2,108,0.033333333,0,0,0,0,0,0,0,0,0,0,8,20,0
162537,8,907118,1,8,1,4,0,2,0,3,1,19,0.033333333,0,0,0,0,0,0,0,0,0,0,5,8,0
162587,21,907118,1,21,8,9,0,3,0,6,1,19,0.033333333,0,0,0,0,0,0,0,0,0,0,8,21,0
162589,22,907118,2,16,2,8,0,4,0,5,2,19,0.066666667,0,0,0,0,0,0,0,0,0,0,10,8,0
162594,45,907118,1,45,12,25,0,8,0,20,0,19,0.033333333,0,0,0,0,0,0,0,0,0,0,12,45,0
162595,14,91935,4,11,5,4,0,1,0,1,1,26,0.033333333,0,0,0,0,0,0,0,0,0,0,7,11,0
162602,13,907118,1,13,5,2,0,1,5,1,0,19,0.033333333,0,0,0,0,0,0,0,0,0,0,6,13,0
162611,183,155579,2,18,8,2,0,1,4,1,1,17,0.033333333,0,0,0,0,0,0,0,0,0,0,8,18,0
162615,10,907118,1,10,2,5,0,3,0,2,0,19,0.033333333,0,0,0,0,0,0,0,0,0,0,5,10,0
162626,43,155579,2,1,1,0,0,0,0,0,0,17,0.033333333,0,0,0,0,0,0,0,0,0,0,1,1,0
162629,29,907118,1,29,6,11,0,8,0,6,4,19,0.033333333,0,0,0,0,0,0,0,0,0,0,13,29,0
162633,8,907118,1,8,3,3,0,1,0,3,0,19,0.033333333,0,0,0,0,0,0,0,0,0,0,5,8,0
162636,689,907118,3,13,8,0,0,0,4,0,0,19,0.033333333,0,0,0,0,0,0,0,0,0,0,7,13,0
162640,5,907118,1,5,5,0,0,0,0,0,0,19,0.033333333,0,0,0,0,0,0,0,0,0,0,2,5,0
162646,10,907118,2,9,2,5,0,1,1,2,0,19,0.033333333,0,0,0,0,0,0,0,0,0,0,5,9,0
162685,23,74042,2,15,2,6,0,4,0,3,3,27,0.033333333,0,0,0,0,0,0,0,0,0,0,7,15,0
162690,25,74042,1,25,10,12,0,0,0,8,0,27,0.066666667,0,13,0,0,0,0,0,0,0,0,12,12,0
162696,9,74042,1,9,5,2,0,1,0,1,1,27,0.033333333,0,0,0,0,0,0,0,0,0,0,7,9,0
162697,50,74042,1,50,10,2,0,1,35,1,1,27,0.033333333,0,0,0,0,0,0,0,0,0,0,8,50,0
162707,539,74042,11,1,1,0,0,0,0,0,0,27,0.033333333,0,0,0,0,0,0,0,0,0,0,1,1,0
162712,335,74042,3,25,1,9,0,7,0,9,7,27,0.033333333,0,0,0,0,0,0,0,0,0,0,12,25,0
162718,95,148039,3,56,6,21,2,11,0,19,6,18,0.066666667,18,38,0,0,0,0,0,0,0,0,14,18,38
162719,150,221833,2,5,1,2,0,1,0,1,1,58,0.033333333,5,0,0,0,0,0,0,0,0,0,4,5,0
162725,2,652701,2,1,1,0,0,0,0,0,0,3,0.033333333,1,0,0,0,0,0,0,0,0,0,1,1,0
162726,2,221833,2,1,1,0,0,0,0,0,0,58,0.033333333,1,0,0,0,0,0,0,0,0,0,1,1,0
162734,7,652701,1,7,2,2,0,1,1,0,0,3,0.033333333,7,0,0,0,0,0,0,0,0,0,5,7,0
162735,171,148039,3,11,6,2,0,1,0,1,1,18,0.066666667,0,9,0,2,0,0,0,0,0,0,6,9,0
162753,32,652701,1,32,6,9,5,7,0,0,0,3,0.066666667,22,0,0,0,0,0,0,0,0,0,16,10,0
162757,19,148039,1,19,8,5,0,2,1,3,1,18,0.033333333,0,19,0,0,0,0,0,0,0,0,10,19,0
162794,16,148039,1,16,5,6,0,3,0,1,1,18,0.033333333,0,16,0,0,0,0,0,0,0,0,8,16,0
162818,15,652701,1,15,4,4,0,3,0,0,0,3,0.033333333,15,0,0,0,0,0,0,0,0,0,7,15,0
162825,84,221833,4,31,1,7,1,6,0,17,3,58,0.033333333,31,0,0,0,0,0,0,0,0,0,13,31,0
162830,125,148039,2,24,5,9,0,6,0,4,4,18,0.1,0,6,0,0,5,13,0,0,0,0,8,19,0
162836,11,221833,1,11,4,3,0,2,0,2,2,58,0.033333333,11,0,0,0,0,0,0,0,0,0,8,11,0
162842,8,652701,1,8,1,2,0,1,0,0,0,3,0.033333333,8,0,0,0,0,0,0,0,0,0,4,8,0
162866,68,652701,2,1,1,0,0,0,0,0,0,3,0.033333333,1,0,0,0,0,0,0,0,0,0,1,1,0
162868,314,652701,2,30,6,5,4,4,5,0,0,3,0.033333333,30,0,0,0,0,0,0,0,0,0,13,30,0
162875,35,652701,1,35,11,14,0,8,0,5,1,3,0.066666667,20,0,0,15,0,0,0,0,0,0,14,20,0
162884,21,652701,1,21,2,3,6,1,0,0,0,3,0.033333333,21,0,0,0,0,0,0,0,0,0,7,21,0
162888,26,652701,1,26,2,6,6,5,0,0,0,3,0.033333333,26,0,0,0,0,0,0,0,0,0,11,26,0
162908,210,221833,6,6,2,2,0,1,0,1,1,58,0.033333333,6,0,0,0,0,0,0,0,0,0,5,6,0
162912,17,652701,1,17,4,8,0,4,0,0,0,3,0.1,6,0,0,0,0,0,0,0,0,0,6,4,6
162915,4,652701,1,4,4,0,0,0,0,0,0,3,0.033333333,4,0,0,0,0,0,0,0,0,0,2,4,0
162921,6,156596,1,6,2,2,0,1,0,1,1,224,0.033333333,0,0,0,0,0,0,0,6,0,0,5,6,0
162925,114,148039,3,18,2,6,0,5,0,5,5,18,0.033333333,0,18,0,0,0,0,0,0,0,0,11,18,0
162930,145,652701,3,15,8,2,0,1,1,0,0,3,0.1,1,13,0,0,0,0,0,0,0,0,8,1,13
162943,6,652701,1,6,2,2,0,1,0,0,0,3,0.066666667,1,0,0,0,0,0,0,0,0,0,4,6,0
162960,7,261579,1,7,2,2,0,1,1,1,1,5,0.033333333,0,0,0,0,0,0,0,0,0,0,5,7,0
162969,278,261579,4,4,1,3,0,0,0,2,0,5,0.033333333,0,0,0,0,0,0,0,0,0,0,3,4,0
162981,38,261579,2,14,4,6,0,1,0,7,1,5,0.033333333,0,0,0,0,0,0,0,0,0,0,10,14,0
162982,171,261579,3,1,1,0,0,0,0,0,0,5,0.033333333,0,0,0,0,0,0,0,0,0,0,1,1,0
162988,14,261579,1,14,3,4,0,4,0,4,3,5,0.033333333,0,0,0,0,0,0,0,0,0,0,11,14,0
163013,3,261579,1,3,3,0,0,0,0,0,0,5,0.033333333,0,0,0,0,0,0,0,0,0,0,1,3,0
163021,6,261579,1,6,4,2,0,0,0,1,0,5,0.033333333,0,0,0,0,0,0,0,0,0,0,6,6,0
163043,1278,261579,4,138,12,33,6,26,40,25,15,5,0.133333333,0,0,0,0,0,0,0,0,0,0,40,80,0
163047,13,261579,1,13,6,4,0,2,0,1,1,5,0.066666667,0,0,0,0,0,0,0,0,0,0,8,8,0
163051,31,261579,2,30,6,8,0,6,3,6,4,5,0.033333333,0,0,0,0,0,0,0,0,0,0,15,30,0
163052,206,261579,7,8,4,2,0,1,0,1,1,5,0.133333333,0,0,0,0,0,0,0,0,0,0,6,4,2
163053,426,261579,5,71,9,17,0,17,14,17,14,5,0.2,0,0,0,0,0,0,0,0,0,0,28,15,20
163054,2,261579,1,2,2,0,0,0,0,0,0,5,0.033333333,0,0,0,0,0,0,0,0,0,0,2,2,0
163064,14,261579,2,3,3,0,0,0,0,0,0,5,0.033333333,0,0,0,0,0,0,0,0,0,0,1,3,0
163071,10,261579,1,10,5,2,0,1,1,1,1,5,0.033333333,0,0,0,0,0,0,0,0,0,0,6,10,0
163083,6,261579,1,6,2,2,0,0,0,2,0,5,0.033333333,0,0,0,0,0,0,0,0,0,0,4,6,0
163085,29,261579,1,29,6,12,0,5,1,10,3,5,0.1,0,0,0,0,0,0,0,0,0,0,10,13,15
163088,41,261579,1,41,11,11,0,6,9,6,3,5,0.1,0,0,0,0,0,0,0,0,0,0,16,6,27
163104,8,261579,1,8,2,2,0,1,0,2,1,5,0.033333333,0,0,0,0,0,0,0,0,0,0,5,8,0
163118,7,878119,1,7,2,3,0,1,0,2,1,20,0.033333333,0,0,0,0,7,0,0,0,0,0,6,7,0
163119,95,148500,1,95,2,7,66,4,0,12,2,29,0.033333333,0,95,0,0,0,0,0,0,0,0,15,95,0
163128,90,21216,6,1,1,0,0,0,0,0,0,19,0.033333333,0,0,0,0,0,0,0,0,0,0,1,1,0
163134,5,21216,1,5,3,2,0,0,0,1,0,19,0.033333333,0,0,0,0,0,0,0,0,0,0,4,5,0
163139,861,21216,9,14,4,5,0,1,0,4,2,19,0.033333333,0,0,0,0,0,0,0,0,0,0,7,14,0
163142,180,21216,4,2,2,0,0,0,0,0,0,19,0.033333333,0,0,0,0,0,0,0,0,0,0,2,2,0
163158,24,43183,2,23,2,5,6,3,0,7,4,24,0.033333333,0,0,0,0,0,0,23,0,0,0,12,23,0
163163,16,43183,1,16,6,7,0,2,0,4,1,24,0.1,0,0,0,2,0,9,5,0,0,0,9,2,0
163169,15,148500,1,15,6,6,0,1,1,3,1,29,0.066666667,0,5,0,0,0,0,0,0,0,0,10,10,0
163177,2,878119,1,2,2,0,0,0,0,0,0,20,0.033333333,0,0,0,0,2,0,0,0,0,0,2,2,0
163179,10,148500,1,10,4,1,0,0,5,1,0,29,0.033333333,0,10,0,0,0,0,0,0,0,0,4,10,0
163182,78,878119,1,78,12,29,0,23,0,20,14,20,0.133333333,0,0,0,0,35,0,11,0,0,0,32,26,0
163184,74,21216,3,6,2,2,0,1,0,1,1,19,0.033333333,0,0,0,0,0,0,0,0,0,0,5,6,0
163193,1385,878119,9,2,2,0,0,0,0,0,0,20,0.033333333,0,0,0,0,2,0,0,0,0,0,2,2,0
163194,1,878119,1,1,1,0,0,0,0,0,0,20,0.033333333,0,0,0,0,1,0,0,0,0,0,1,1,0
163218,19,21216,1,19,6,4,0,2,3,5,1,19,0.033333333,0,0,0,0,0,0,0,0,0,0,9,19,0
163220,93,148500,1,93,2,20,13,14,0,37,11,29,0.033333333,0,93,0,0,0,0,0,0,0,0,32,93,0
163224,1,21216,1,1,1,0,0,0,0,0,0,19,0.033333333,0,0,0,0,0,0,0,0,0,0,1,1,0
163243,1,43183,1,1,1,0,0,0,0,0,0,24,0.033333333,0,0,0,0,0,0,1,0,0,0,1,1,0
163252,16,21216,1,16,7,2,0,1,0,3,3,19,0.066666667,0,0,0,0,0,0,0,0,0,0,9,1,15
163254,3,878119,1,3,3,0,0,0,0,0,0,20,0.033333333,0,0,0,0,3,0,0,0,0,0,2,3,0
163269,1225,21560,3,1,1,0,0,0,0,0,0,9,0.033333333,0,0,0,0,0,0,0,0,0,0,1,1,0
163277,15,878119,1,15,4,6,0,2,0,4,2,20,0.033333333,0,0,0,0,15,0,0,0,0,0,7,15,0
163282,2,21560,1,2,2,0,0,0,0,0,0,9,0.033333333,0,0,0,0,0,0,0,0,0,0,2,2,0
163284,5,21216,1,5,2,2,0,0,0,2,0,19,0.033333333,0,0,0,0,0,0,0,0,0,0,4,5,0
163288,18,878119,1,18,2,7,0,6,0,6,3,20,0.033333333,0,0,0,0,18,0,0,0,0,0,10,18,0
163291,93,21216,3,1,1,0,0,0,0,0,0,19,0.033333333,0,0,0,0,0,0,0,0,0,0,1,1,0
163292,10,21560,2,1,1,0,0,0,0,0,0,9,0.033333333,0,0,0,0,0,0,0,0,0,0,1,1,0
163300,53,21560,3,11,2,3,0,1,4,2,1,9,0.033333333,0,0,0,0,0,0,0,0,0,0,5,11,0
163306,1910,148500,8,1,1,0,0,0,0,0,0,29,0.033333333,0,1,0,0,0,0,0,0,0,0,1,1,0
163307,11,878119,1,11,2,6,0,0,0,8,0,20,0.033333333,0,0,0,0,11,0,0,0,0,0,6,11,0
163315,12,878119,1,12,6,3,0,2,0,3,1,20,0.033333333,0,0,0,0,0,12,0,0,0,0,8,12,0
163323,23,261579,2,14,3,8,0,2,0,5,1,5,0.066666667,0,0,0,0,0,0,0,0,0,0,6,4,10
163325,46,261579,1,46,3,15,0,13,3,12,10,5,0.033333333,0,0,0,0,0,0,0,0,0,0,18,46,0
163327,8,261579,1,8,4,3,0,0,0,2,0,5,0.033333333,0,0,0,0,0,0,0,0,0,0,6,8,0
163357,45,261579,1,45,6,12,0,10,7,12,7,5,0.033333333,0,0,0,0,0,0,0,0,0,0,17,45,0
163361,16,261579,1,16,5,5,0,2,0,5,0,5,0.033333333,0,0,0,0,0,0,0,0,0,0,7,16,0
163368,204,261579,5,15,2,3,0,1,0,7,1,5,0.033333333,0,0,0,0,0,0,0,0,0,0,6,15,0
163385,148,261579,7,1,1,0,0,0,0,0,0,5,0.033333333,0,0,0,0,0,0,0,0,0,0,1,1,0
163393,294,261579,2,10,2,4,0,2,1,3,1,5,0.033333333,0,0,0,0,0,0,0,0,0,0,6,10,0
163397,2,261579,2,1,1,0,0,0,0,0,0,5,0.033333333,0,0,0,0,0,0,0,0,0,0,1,1,0
163417,37,261579,1,37,5,20,0,0,12,17,0,5,0.066666667,0,0,0,0,0,0,0,0,0,0,14,32,0
163420,6,261579,1,6,3,1,0,1,0,1,1,5,0.033333333,0,0,0,0,0,0,0,0,0,0,6,6,0
163421,156,261579,2,1,1,0,0,0,0,0,0,5,0.033333333,0,0,0,0,0,0,0,0,0,0,1,1,0
163424,733,261579,5,11,4,3,0,1,2,2,1,5,0.1,0,0,0,0,0,0,0,0,0,0,5,1,0
163426,21,261579,1,21,2,3,0,2,7,5,1,5,0.033333333,0,0,0,0,0,0,0,0,0,0,6,21,0
163440,79,261579,3,13,3,3,0,2,3,2,2,5,0.066666667,0,0,0,0,0,0,0,0,0,0,7,12,0
163466,1,346877,1,1,1,0,0,0,0,0,0,9,0.033333333,0,0,0,0,0,0,0,0,0,0,1,1,0
163484,119,247683,2,39,2,24,12,1,0,23,0,23,0.033333333,0,0,0,0,0,0,0,0,0,0,12,39,0
163496,11,110497,2,5,1,2,0,1,0,1,1,24,0.033333333,0,0,0,0,0,0,0,0,0,0,4,5,0
163509,1,346877,1,1,1,0,0,0,0,0,0,9,0.033333333,0,0,0,0,0,0,0,0,0,0,1,1,0
163514,38,86829,3,14,1,11,0,1,0,10,1,63,0.033333333,0,0,0,0,0,0,0,0,0,0,9,14,0
163519,165,188602,2,54,2,20,22,0,3,23,0,96,0.033333333,0,0,0,0,0,0,0,0,0,0,14,54,0
163533,201,346877,3,2,2,0,0,0,0,0,0,9,0.033333333,0,0,0,0,0,0,0,0,0,0,1,2,0
163535,201,247683,1,201,29,40,6,28,83,21,11,23,0.166666667,0,0,0,0,0,0,0,0,0,0,27,51,0
163537,2,399092,1,2,2,0,0,0,0,0,0,101,0.066666667,0,0,0,0,0,0,0,0,0,0,1,1,1
163569,79,86829,2,17,8,6,0,2,0,1,1,63,0.066666667,0,0,0,0,0,0,0,0,0,0,7,5,12
163576,265,188602,9,9,5,2,0,1,0,1,1,96,0.033333333,0,0,0,0,0,0,0,0,0,0,5,9,0
163579,2,399092,1,2,2,0,0,0,0,0,0,101,0.033333333,0,0,0,0,0,0,0,0,0,0,2,2,0
163582,28,86829,2,20,5,6,0,2,4,3,2,63,0.066666667,0,0,0,0,0,0,0,0,0,0,9,11,9
163583,349,261579,4,1,1,0,0,0,0,0,0,5,0.033333333,0,0,0,0,0,0,0,0,0,0,1,1,0
163590,11,85168,1,11,4,5,0,1,0,4,1,139,0.033333333,0,0,0,0,0,0,0,0,0,0,7,11,0
163593,179,247683,2,170,10,36,4,27,68,32,18,23,0.066666667,0,0,0,0,0,0,0,0,0,0,17,121,49
163595,2,110497,1,2,2,0,0,0,0,0,0,24,0.033333333,0,0,0,0,0,0,0,0,0,0,1,2,0
163601,8,346877,1,8,1,3,0,2,0,2,2,9,0.033333333,0,0,0,0,0,0,0,0,0,0,6,8,0
163603,3,502584,1,3,3,0,0,0,0,0,0,143,0.033333333,0,0,0,0,0,0,0,0,0,0,1,3,0
163613,55,188602,1,55,1,15,30,1,0,17,1,96,0.033333333,0,0,0,0,0,0,0,0,0,0,16,55,0
163615,7,42723,1,7,2,2,0,1,1,1,1,6,0.033333333,0,0,0,0,0,0,0,0,0,0,5,7,0
163635,73,502584,2,3,3,0,0,0,0,0,0,143,0.066666667,0,0,0,0,0,0,0,0,0,0,2,2,1
163638,41,346877,2,11,2,5,0,2,1,4,1,9,0.033333333,0,0,0,0,0,0,0,0,0,0,6,11,0
163639,13,502584,2,1,1,0,0,0,0,0,0,143,0.033333333,0,0,0,0,0,0,0,0,0,0,1,1,0
163647,37,261579,2,6,2,2,0,1,0,1,1,5,0.033333333,0,0,0,0,0,0,0,0,0,0,5,6,0
163648,24,110497,2,22,4,5,0,5,0,10,3,24,0.1,0,0,0,0,0,0,0,0,0,0,8,1,0
163650,248,86829,5,56,6,9,7,7,15,7,2,63,0.033333333,0,0,0,0,0,0,0,0,0,0,15,56,0
163654,29,85168,1,29,5,3,0,0,8,2,0,139,0.033333333,0,0,0,0,0,0,0,0,0,0,7,29,0
163655,37,261579,1,37,7,16,0,7,0,11,7,5,0.033333333,0,0,0,0,0,0,0,0,0,0,16,37,0
163663,170,247683,5,1,1,0,0,0,0,0,0,23,0.033333333,0,0,0,0,0,0,0,0,0,0,1,1,0
163674,10,502584,1,10,4,2,0,1,0,2,1,143,0.033333333,0,0,0,0,0,0,0,0,0,0,5,10,0
163684,102,346877,2,101,11,20,19,15,18,16,6,9,0.066666667,0,0,0,0,0,0,0,0,0,0,16,79,22
163702,3,86829,1,3,2,1,0,0,0,1,0,63,0.033333333,0,0,0,0,0,0,0,0,0,0,2,3,0
163712,5,110497,1,5,2,3,0,0,0,2,0,24,0.033333333,0,0,0,0,0,0,0,0,0,0,5,5,0
163714,3,399092,1,3,3,0,0,0,0,0,0,101,0.033333333,0,0,0,0,0,0,0,0,0,0,2,3,0
163722,1,399092,1,1,1,0,0,0,0,0,0,101,0.033333333,0,0,0,0,0,0,0,0,0,0,1,1,0
163742,655,346877,11,97,8,33,0,29,9,28,16,9,0.066666667,0,0,0,0,0,0,0,0,0,0,11,90,7
163749,12,346877,1,12,5,3,0,2,1,2,0,9,0.033333333,0,0,0,0,0,0,0,0,0,0,7,12,0
163775,4,399092,1,4,3,0,0,0,0,0,0,101,0.033333333,0,0,0,0,0,0,0,0,0,0,3,4,0
163785,8,346877,1,8,1,3,0,2,0,2,2,9,0.033333333,0,0,0,0,0,0,0,0,0,0,6,8,0
163791,80,85168,2,32,2,11,5,5,0,11,3,139,0.033333333,0,0,0,0,0,0,0,0,0,0,10,32,0
163796,32,110497,8,1,1,0,0,0,0,0,0,24,0.033333333,0,0,0,0,0,0,0,0,0,0,1,1,0
163798,47,110497,2,23,7,13,0,0,1,7,0,24,0.1,0,0,0,0,0,0,0,0,0,0,8,7,11
163802,330,110497,8,57,21,15,0,9,4,6,6,24,0.233333333,3,0,0,1,6,1,0,0,0,0,11,1,29
163805,32,85576,8,2,2,0,0,0,0,0,0,54,0.033333333,0,0,0,0,0,0,0,0,0,0,2,2,0
163812,4,502584,2,1,1,0,0,0,0,0,0,143,0.033333333,0,0,0,0,0,0,0,0,0,0,1,1,0
163822,32,86829,8,2,2,0,0,0,0,0,0,63,0.033333333,0,0,0,0,0,0,0,0,0,0,2,2,0
163837,25,399092,3,23,4,8,0,7,0,8,2,101,0.033333333,0,0,0,0,0,0,0,0,0,0,12,23,0
163841,3253,85576,7,17,4,5,0,4,0,4,4,54,0.033333333,0,0,0,0,0,0,0,0,0,0,7,17,0
163845,2,399092,1,2,2,0,0,0,0,0,0,101,0.033333333,0,0,0,0,0,0,0,0,0,0,1,2,0
163851,12,399092,1,12,9,3,0,0,0,2,0,101,0.133333333,0,0,3,4,0,0,0,0,0,0,5,5,3
163854,1,247683,1,1,1,0,0,0,0,0,0,23,0.033333333,0,0,0,0,0,0,0,0,0,0,1,1,0
163859,173,261579,3,1,1,0,0,0,0,0,0,5,0.033333333,0,0,0,0,0,0,0,0,0,0,1,1,0
163862,70,110497,4,1,1,0,0,0,0,0,0,24,0.033333333,0,0,0,0,0,0,0,0,0,0,1,1,0
163863,252,502584,2,1,1,0,0,0,0,0,0,143,0.033333333,0,0,0,0,0,0,0,0,0,0,1,1,0
163886,1434,85576,14,86,7,22,31,10,2,24,2,54,0.1,0,0,0,0,0,0,0,0,0,0,14,11,75
163902,60,85168,2,9,2,5,0,1,0,4,1,139,0.066666667,0,0,0,0,0,0,0,0,0,0,7,6,3
163904,5,399092,1,5,5,0,0,0,0,0,0,101,0.066666667,0,0,0,0,0,0,0,0,0,0,1,2,0
163911,466,346877,3,10,1,4,0,3,0,5,0,9,0.033333333,0,0,0,0,0,0,0,0,0,0,4,10,0
163916,3,85576,1,3,2,1,0,0,0,1,0,54,0.033333333,0,0,0,0,0,0,0,0,0,0,3,3,0
163919,54,110497,1,54,11,16,3,9,2,13,3,24,0.033333333,0,0,0,0,0,0,0,0,0,0,13,54,0
163920,9,247683,1,9,4,2,0,1,1,1,1,23,0.033333333,0,0,0,0,0,0,0,0,0,0,4,9,0
163925,19,346877,2,18,2,9,0,4,1,6,2,9,0.066666667,0,0,0,0,0,0,0,0,0,0,7,5,0
163929,1,399092,1,1,1,0,0,0,0,0,0,101,0.033333333,0,0,0,0,0,0,0,0,0,0,1,1,0
163932,1,188602,1,1,1,0,0,0,0,0,0,96,0.033333333,0,0,0,0,0,0,0,0,0,0,1,1,0
163935,2,188602,1,2,2,0,0,0,0,0,0,96,0.033333333,0,0,0,0,0,0,0,0,0,0,2,2,0
163938,20,24979,2,11,4,3,0,2,0,2,2,25,0.033333333,0,0,0,0,0,0,0,0,0,0,8,11,0
163959,47,42723,3,2,2,0,0,0,0,0,0,6,0.033333333,0,0,0,0,0,0,0,0,0,0,2,2,0
163984,343,247683,3,1,1,0,0,0,0,0,0,23,0.033333333,0,0,0,0,0,0,0,0,0,0,1,1,0
163986,2,86829,2,1,1,0,0,0,0,0,0,63,0.033333333,0,0,0,0,0,0,0,0,0,0,1,1,0
163990,3,110497,3,1,1,0,0,0,0,0,0,24,0.033333333,0,0,0,0,0,0,0,0,0,0,1,1,0
164000,3,247683,1,3,2,1,0,0,0,0,0,23,0.033333333,0,0,0,0,0,0,0,0,0,0,3,3,0
164005,44,346877,3,33,1,10,14,1,0,13,1,9,0.1,0,0,0,0,0,0,0,0,0,0,10,29,2
164007,3,399092,3,1,1,0,0,0,0,0,0,101,0.033333333,0,0,0,0,0,0,0,0,0,0,1,1,0
164023,215,247683,5,12,3,6,0,2,0,3,1,23,0.066666667,0,0,0,0,0,0,0,0,0,0,8,4,0
164028,1,399092,1,1,1,0,0,0,0,0,0,101,0.033333333,0,0,0,0,0,0,0,0,0,0,1,1,0
164030,117,85576,3,6,2,2,0,1,0,1,1,54,0.033333333,0,0,0,0,0,0,0,0,0,0,5,6,0
164033,218,42723,3,11,4,3,0,1,0,3,1,6,0.066666667,0,0,0,0,0,0,0,0,0,0,6,2,9
164043,35,188602,1,35,6,12,0,8,2,7,6,96,0.033333333,0,0,0,0,0,0,0,0,0,0,11,35,0
164056,7,261579,1,7,3,2,0,1,0,1,1,5,0.066666667,0,0,0,0,0,0,0,0,0,1,5,6,1
164073,128,110497,1,128,11,18,0,1,93,21,0,24,0.066666667,0,0,0,0,0,0,0,0,0,0,11,3,125
164075,55,85576,2,1,1,0,0,0,0,0,0,54,0.033333333,0,0,0,0,0,0,0,0,0,0,1,1,0
164078,48,346877,2,41,2,12,11,6,0,17,3,9,0.033333333,0,0,0,0,0,0,0,0,0,0,11,41,0
164088,11,399092,1,11,7,0,0,0,4,0,0,101,0.066666667,0,0,0,0,0,0,0,0,0,0,4,2,0
164110,21,399092,4,17,2,13,0,1,0,7,1,101,0.033333333,0,0,0,0,0,0,0,0,0,0,10,17,0
164111,862,110497,4,17,3,7,0,4,0,5,2,24,0.033333333,0,0,0,0,0,0,0,0,0,0,10,17,0
164123,1991,42723,4,63,7,26,0,14,0,19,7,6,0.1,0,0,0,0,0,0,0,0,0,0,15,19,28
164128,345,346877,3,65,11,19,0,14,10,10,8,9,0.066666667,0,1,0,0,0,0,0,0,0,0,14,64,0
164136,2,399092,1,2,2,0,0,0,0,0,0,101,0.033333333,0,0,0,0,0,0,0,0,0,0,1,2,0
164146,1,502584,1,1,1,0,0,0,0,0,0,143,0.033333333,0,0,0,0,0,0,0,0,0,0,1,1,0
164148,17,188602,3,5,1,2,0,1,0,1,1,96,0.033333333,0,0,0,0,0,0,0,0,0,0,4,5,0
164154,150,110497,3,28,6,8,0,7,0,8,5,24,0.066666667,0,0,0,0,0,8,0,0,0,0,14,20,0
164162,15,346877,1,15,7,3,0,2,1,2,1,9,0.033333333,0,0,0,0,0,0,0,0,0,0,9,15,0
164172,1,502584,1,1,1,0,0,0,0,0,0,143,0.033333333,0,0,0,0,0,0,0,0,0,0,1,1,0
164192,1,261579,1,1,1,0,0,0,0,0,0,5,0.033333333,0,0,0,0,0,0,0,0,0,0,1,1,0
164199,1153,85576,6,19,2,10,0,5,0,7,2,54,0.066666667,0,9,0,0,0,0,0,0,0,0,9,10,0
164204,46,86829,1,46,5,18,0,14,2,14,6,63,0.066666667,0,0,0,0,0,0,0,0,0,0,13,25,0
164212,227,85576,5,1,1,0,0,0,0,0,0,54,0.033333333,0,0,0,0,0,0,0,0,0,0,1,1,0
164228,197,247683,5,63,4,28,0,15,8,21,8,23,0.066666667,0,0,0,0,0,0,0,0,0,0,19,18,0
164238,5,346877,1,5,4,0,0,0,1,0,0,9,0.033333333,0,0,0,0,0,0,0,0,0,0,4,5,0
164243,42,85168,6,1,1,0,0,0,0,0,0,139,0.033333333,0,0,0,0,0,0,0,0,0,0,1,1,0
164257,2,86829,2,1,1,0,0,0,0,0,0,63,0.033333333,0,0,0,0,0,0,0,0,0,0,1,1,0
164259,86,261579,2,66,10,30,0,11,7,22,8,5,0.066666667,0,0,0,0,0,0,0,0,0,0,22,12,54
164272,71,110497,3,45,14,12,0,9,2,7,3,24,0.066666667,0,0,0,0,0,0,0,0,0,0,12,16,29
164280,224,247683,3,187,6,51,14,41,60,42,15,23,0.033333333,0,0,0,0,0,0,0,0,0,0,34,187,0
164291,1098,188602,11,121,9,7,88,7,0,15,2,96,0.1,0,0,0,0,0,0,0,0,0,0,27,117,0
164293,11,346877,1,11,2,5,0,2,0,3,1,9,0.066666667,0,0,0,0,0,0,0,0,0,0,5,3,8
164294,16,261579,2,1,1,0,0,0,0,0,0,5,0.033333333,0,0,0,0,0,0,0,0,0,0,1,1,0
164297,2,346877,1,2,2,0,0,0,0,0,0,9,0.033333333,0,0,0,0,0,0,0,0,0,0,2,2,0
164318,43,42723,2,5,1,2,0,1,0,1,1,6,0.033333333,0,0,0,0,0,0,0,0,0,0,4,5,0
164321,67,346877,5,5,1,2,0,1,0,1,1,9,0.033333333,0,0,0,0,0,0,0,0,0,0,4,5,0
164350,932,188602,10,5,1,2,0,1,0,1,1,96,0.033333333,0,0,0,0,0,0,0,0,0,0,4,5,0
164353,282,110497,6,10,1,5,0,2,0,4,2,24,0.033333333,0,0,0,0,0,0,0,0,0,0,6,10,0
164358,15,399092,2,14,6,4,0,2,1,1,0,101,0.033333333,0,0,0,0,0,0,0,0,0,0,6,14,0
164368,1110,399092,12,1,1,0,0,0,0,0,0,101,0.033333333,0,0,0,0,0,0,0,0,0,0,1,1,0
164372,15,110497,2,1,1,0,0,0,0,0,0,24,0.033333333,0,0,0,0,0,0,0,0,0,0,1,1,0
164375,154,399092,1,154,4,25,29,18,0,55,11,101,0.133333333,0,0,0,0,0,0,0,0,0,0,35,144,6
164381,116,502584,1,116,7,18,54,2,6,31,1,143,0.033333333,0,0,0,0,0,0,0,0,0,0,41,116,0
164406,2,42723,1,2,2,0,0,0,0,0,0,6,0.033333333,0,0,0,0,0,0,0,0,0,0,2,2,0
164412,356,85576,4,15,5,6,0,3,0,1,1,54,0.1,0,0,0,0,0,0,0,0,0,0,5,5,2
164413,414,110497,4,62,6,28,0,13,7,22,4,24,0.1,0,0,0,0,0,0,0,0,0,0,11,16,32
164418,380,247683,5,12,3,5,0,2,0,4,2,23,0.066666667,0,0,0,0,0,0,0,0,0,0,7,1,11
164419,44,188602,2,27,4,5,7,2,4,5,2,96,0.033333333,0,0,0,0,0,0,0,0,0,0,10,27,0
164420,13,188602,1,13,5,3,0,2,1,2,1,96,0.033333333,0,0,0,0,0,0,0,0,0,0,8,13,0
164433,80,86829,3,72,1,12,31,11,0,16,8,63,0.033333333,0,0,0,0,0,0,0,0,0,0,27,72,0
164434,1,110497,1,1,1,0,0,0,0,0,0,24,0.033333333,0,0,0,0,0,0,0,0,0,0,1,1,0
164436,56,346877,3,51,1,6,14,0,23,11,0,9,0.033333333,0,0,0,0,0,0,0,0,0,0,8,51,0
164455,127,110497,4,79,26,17,0,13,13,13,4,24,0.133333333,0,0,0,51,0,0,0,0,0,0,14,7,72
164457,54,86829,1,54,8,15,6,9,0,12,5,63,0.066666667,0,0,0,0,0,0,0,0,0,0,16,48,6
164471,25,502584,2,8,1,2,4,0,0,2,0,143,0.033333333,0,0,0,0,0,0,0,0,0,0,4,8,0
164472,4,399092,1,4,4,0,0,0,0,0,0,101,0.033333333,0,0,0,0,0,0,0,0,0,0,2,4,0
164478,106,346877,4,54,11,13,8,9,4,14,1,9,0.066666667,0,0,0,0,0,0,0,0,0,0,12,23,0
164485,6,188602,1,6,3,2,0,0,0,1,1,96,0.033333333,0,0,0,0,0,0,0,0,0,0,6,6,0
164489,9,346877,1,9,4,1,0,1,1,1,1,9,0.033333333,0,0,0,0,0,0,0,0,0,0,7,9,0
164491,22,85576,1,22,6,8,0,5,0,3,3,54,0.066666667,0,0,0,0,0,0,0,0,0,0,8,14,8
164496,320,502584,4,57,1,13,16,3,7,22,1,143,0.033333333,0,0,0,0,0,0,0,0,0,0,9,57,0
164497,411,346877,8,56,9,24,0,12,2,15,7,9,0.1,0,0,0,0,0,0,0,0,0,0,13,26,0
164505,101,346877,2,79,5,12,16,0,35,12,1,9,0.1,0,0,0,0,0,0,0,0,0,0,12,59,4
164513,8,86829,3,1,1,0,0,0,0,0,0,63,0.033333333,0,0,0,0,0,0,0,0,0,0,1,1,0
164518,32,188602,2,22,4,8,0,5,0,3,3,96,0.066666667,0,0,0,0,0,0,0,0,0,0,8,5,17
164529,2,346877,2,1,1,0,0,0,0,0,0,9,0.033333333,0,0,0,0,0,0,0,0,0,0,1,1,0
164542,5,85576,1,5,3,2,0,0,0,1,0,54,0.033333333,0,0,0,0,0,0,0,0,0,0,5,5,0
164555,1,110497,1,1,1,0,0,0,0,0,0,24,0.033333333,0,0,0,0,0,0,0,0,0,0,1,1,0
164558,199,247683,4,18,2,9,0,4,0,6,3,23,0.066666667,0,0,0,0,0,0,0,0,0,0,7,10,8
164560,79,261579,4,5,1,2,0,1,0,1,1,5,0.033333333,0,0,0,0,0,0,0,0,0,0,4,5,0
164565,9,346877,1,9,2,4,0,1,2,3,0,9,0.066666667,0,0,0,0,0,0,0,0,0,0,4,8,0
164581,22,247683,2,8,1,5,0,1,0,4,1,23,0.033333333,0,0,0,0,0,0,0,0,0,0,7,8,0
164586,74,85576,4,20,3,8,0,5,1,5,3,54,0.066666667,0,0,0,0,0,0,0,0,0,0,5,6,0
164592,2,261579,2,1,1,0,0,0,0,0,0,5,0.033333333,0,0,0,0,0,0,0,0,0,0,1,1,0
164599,9,346877,1,9,4,3,0,1,0,2,1,9,0.033333333,0,0,0,0,0,0,0,0,0,0,7,9,0
164601,2,399092,2,1,1,0,0,0,0,0,0,101,0.033333333,0,0,0,0,0,0,0,0,0,0,1,1,0
164602,15,24979,1,15,4,7,0,1,2,4,1,25,0.033333333,0,0,0,0,0,0,0,0,0,0,6,15,0
164614,42,346877,1,42,8,6,17,0,0,12,0,9,0.033333333,0,0,0,0,0,0,0,0,0,0,10,42,0
164629,35,85576,2,2,2,0,0,0,0,0,0,54,0.033333333,0,0,0,0,0,0,0,0,0,0,1,2,0
164645,228,247683,1,228,19,75,28,66,6,62,32,23,0.1,0,0,0,0,0,63,0,0,0,0,70,165,0
164652,233,85168,2,19,7,6,0,3,0,6,3,139,0.1,0,0,0,0,0,0,0,0,0,0,8,8,5
164672,43,346877,1,43,7,10,14,2,0,15,0,9,0.066666667,0,0,0,0,0,0,0,0,0,0,13,38,5
164710,3,346877,1,3,1,2,0,0,0,1,0,9,0.033333333,0,0,0,0,0,0,0,0,0,0,3,3,0
164721,66,85168,2,9,2,4,0,2,0,3,1,139,0.033333333,0,0,0,0,0,0,0,0,0,0,6,9,0
164729,100,247683,2,18,2,7,2,4,2,5,0,23,0.066666667,0,0,0,0,0,0,0,0,0,0,6,15,3
164741,105,399092,1,105,12,18,62,1,3,16,0,101,0.133333333,0,0,0,0,0,0,0,0,0,89,38,6,0
164744,25,247683,1,25,4,18,0,1,0,13,0,23,0.1,3,0,0,0,0,0,0,0,0,0,12,7,0
164753,83,502584,4,31,7,21,0,3,0,6,0,143,0.066666667,0,0,0,0,0,0,0,16,0,0,7,15,0
164758,14,399092,1,14,5,5,0,3,0,2,1,101,0.033333333,0,0,0,0,0,0,0,0,0,0,8,14,0
164759,203,188602,3,7,1,4,0,1,0,1,1,96,0.033333333,0,0,0,0,0,0,0,0,0,0,5,7,0
164773,79,24979,1,79,14,33,0,20,1,17,11,25,0.166666667,0,0,23,0,0,0,0,0,0,0,21,32,8
164775,103,85576,3,13,5,4,0,1,1,3,1,54,0.033333333,0,0,0,0,0,0,0,0,0,0,8,13,0
164794,12,399092,1,12,7,2,0,1,2,1,0,101,0.066666667,0,0,0,0,0,0,0,0,0,0,4,4,8
164797,15,110497,2,1,1,0,0,0,0,0,0,24,0.033333333,0,0,0,0,0,0,0,0,0,0,1,1,0
164800,1,85168,1,1,1,0,0,0,0,0,0,139,0.033333333,0,0,0,0,0,0,0,0,0,0,1,1,0
164805,54,85576,3,6,1,4,0,0,1,1,0,54,0.033333333,0,0,0,0,0,0,0,0,0,0,4,6,0
164811,27,399092,1,27,3,10,0,8,0,8,5,101,0.033333333,0,0,0,0,0,0,0,0,0,0,15,27,0
164817,6,85576,1,6,2,2,0,1,0,1,1,54,0.033333333,0,0,0,0,0,0,0,0,0,0,5,6,0
164822,77,247683,1,77,9,33,0,19,1,33,14,23,0.066666667,0,0,0,0,0,0,0,0,0,0,29,30,47
164833,50,85576,4,7,3,2,0,1,0,1,1,54,0.033333333,0,0,0,0,0,0,0,0,0,0,6,7,0
164851,106,24979,7,1,1,0,0,0,0,0,0,25,0.033333333,0,0,0,0,0,0,0,0,0,0,1,1,0
164862,1,502584,1,1,1,0,0,0,0,0,0,143,0.033333333,0,0,0,0,0,0,0,0,0,0,1,1,0
164877,1,86829,1,1,1,0,0,0,0,0,0,63,0.033333333,0,0,0,0,0,0,0,0,0,0,1,1,0
164882,3,502584,2,2,2,0,0,0,0,0,0,143,0.033333333,0,0,0,0,0,0,0,0,0,0,2,2,0
164902,3,86829,2,1,1,0,0,0,0,0,0,63,0.033333333,0,0,0,0,0,0,0,0,0,0,1,1,0
164905,13,346877,1,13,6,3,0,2,0,2,1,9,0.033333333,0,0,0,0,0,0,0,0,0,0,7,13,0
164911,28,399092,1,28,3,11,0,8,0,10,2,101,0.033333333,0,0,0,0,0,0,0,0,0,0,12,28,0
164913,47,85576,3,10,8,2,0,0,0,1,0,54,0.033333333,0,0,0,0,0,0,0,0,0,0,6,10,0
164921,105,86829,2,13,2,7,0,2,0,6,2,63,0.033333333,0,0,0,0,0,0,0,0,0,0,7,13,0
164930,785,188602,4,175,6,32,64,26,10,31,13,96,0.133333333,0,4,0,0,0,0,0,0,0,0,37,44,43
164933,27,85576,1,27,2,9,0,6,0,10,5,54,0.1,0,0,13,0,0,0,0,0,0,0,9,26,0
164935,1416,399092,13,1,1,0,0,0,0,0,0,101,0.033333333,0,0,0,0,0,0,0,0,0,0,1,1,0
164941,35,85168,1,35,5,18,0,4,0,16,5,139,0.1,0,16,0,0,0,0,0,0,0,0,13,18,0
164945,15,110497,1,15,2,5,0,4,0,5,3,24,0.066666667,0,0,0,0,0,0,0,0,0,0,8,7,8
164955,11,85576,1,11,2,5,0,3,0,2,1,54,0.033333333,0,0,0,0,0,0,0,0,0,0,5,11,0
164962,4,85168,3,1,1,0,0,0,0,0,0,139,0.033333333,0,0,0,0,0,0,0,0,0,0,1,1,0
164978,6,85576,1,6,2,2,0,1,0,1,1,54,0.033333333,0,0,0,0,0,0,0,0,0,0,5,6,0
164983,7,346877,2,1,1,0,0,0,0,0,0,9,0.033333333,0,0,0,0,0,0,0,0,0,0,1,1,0
164987,64,260769,3,2,2,0,0,0,0,0,0,0,0.033333333,0,0,0,0,0,0,0,0,0,0,2,2,0
164988,64,250865,3,2,2,0,0,0,0,0,0,34,0.033333333,0,0,0,0,0,0,0,0,0,0,2,2,0
164993,41,457932,2,35,7,8,3,6,5,5,4,21,0.033333333,0,0,0,0,0,0,0,0,0,0,14,35,0
165000,699,85168,10,1,1,0,0,0,0,0,0,139,0.033333333,0,0,0,0,0,0,0,0,0,0,1,1,0
165012,57,457932,2,1,1,0,0,0,0,0,0,21,0.033333333,0,0,0,0,0,0,0,0,0,0,1,1,0
165013,32,457932,1,32,4,11,0,9,1,10,7,21,0.033333333,0,0,0,0,0,0,0,0,0,0,16,32,0
165016,110,457932,2,109,12,31,14,25,2,26,16,21,0.1,0,0,0,0,0,0,0,0,0,0,31,15,0
165023,348,261579,2,103,3,36,1,31,3,32,27,5,0.066666667,0,0,0,0,0,0,0,0,0,24,44,79,24
165025,1,250865,1,1,1,0,0,0,0,0,0,34,0.033333333,0,0,0,0,0,0,0,0,0,0,1,1,0
165035,84,346877,6,11,2,4,0,3,0,5,0,9,0.033333333,0,0,0,0,0,0,0,0,0,0,4,11,0
165038,73,127749,3,2,2,0,0,0,0,0,0,102,0.033333333,0,0,0,0,0,0,0,0,0,0,2,2,0
165041,31,457932,4,27,3,12,2,6,0,11,4,21,0.033333333,0,0,0,0,0,0,0,0,0,0,13,27,0
165055,116,502584,5,51,5,20,0,7,4,23,5,143,0.1,0,0,0,46,0,0,0,0,0,0,14,1,4
165066,553,85168,1,553,34,76,238,60,14,94,20,139,0.166666667,0,0,0,0,0,0,0,0,0,0,124,36,19
165068,1561,247683,13,28,3,9,0,9,0,10,6,23,0.066666667,0,0,0,0,0,0,0,0,0,0,15,28,0
165075,36,127749,2,2,2,0,0,0,0,0,0,102,0.033333333,0,0,0,0,0,0,0,0,0,0,2,2,0
165079,3,85576,1,3,3,0,0,0,0,0,0,54,0.033333333,0,0,0,0,0,0,0,0,0,0,2,3,0
165083,19,247683,2,6,2,2,0,1,0,1,1,23,0.033333333,0,0,0,0,0,0,0,0,0,0,5,6,0
165084,29,399092,1,29,2,13,0,6,0,15,2,101,0.033333333,0,0,0,0,0,0,0,0,0,0,11,29,0
165085,441,457932,2,12,3,4,4,0,0,3,0,21,0.033333333,0,0,0,0,0,0,0,0,0,0,8,12,0
165086,44,457932,5,12,2,10,0,0,0,9,0,21,0.033333333,0,0,0,0,0,0,0,0,0,0,12,12,0
165098,5,346877,1,5,1,2,0,1,0,1,1,9,0.033333333,0,0,0,0,0,0,0,0,0,0,4,5,0
165109,5,260769,5,1,1,0,0,0,0,0,0,0,0.033333333,0,0,0,0,0,0,0,0,0,0,1,1,0
165116,389,261579,3,48,8,18,0,12,0,11,10,5,0.066666667,0,0,0,0,0,0,0,0,0,0,19,42,0
165124,1405,85576,5,3,3,0,0,0,0,0,0,54,0.033333333,0,0,0,0,0,0,0,0,0,0,3,3,0
165129,64,260769,5,15,10,4,0,0,0,4,0,0,0.066666667,0,0,0,0,0,0,0,0,0,0,7,6,0
165132,6,250865,1,6,2,2,0,1,0,1,1,34,0.033333333,0,0,0,0,0,0,0,0,0,0,5,6,0
165140,108,24979,1,108,40,36,0,16,3,19,11,25,0.1,0,0,0,0,0,0,0,0,0,0,24,60,0
165152,1,346877,1,1,1,0,0,0,0,0,0,9,0.033333333,0,0,0,0,0,0,0,0,0,0,1,1,0
165182,16,42723,3,8,4,2,0,1,0,1,1,6,0.033333333,0,0,0,0,0,0,0,0,0,0,5,8,0
165194,244,85576,10,3,3,0,0,0,0,0,0,54,0.066666667,0,0,0,0,0,0,0,0,0,0,1,3,0
165199,237,502584,3,13,13,0,0,0,0,0,0,143,0.1,0,0,0,7,0,0,0,0,0,0,4,1,0
165201,244,24979,10,1,1,0,0,0,0,0,0,25,0.033333333,0,0,0,0,0,0,0,0,0,0,1,1,0
165206,1913,110497,6,1,1,0,0,0,0,0,0,24,0.033333333,0,0,0,0,0,0,0,0,0,0,1,1,0
165208,20,85576,2,13,6,4,0,0,2,1,0,54,0.033333333,0,0,0,0,0,0,0,0,0,0,8,13,0
165215,42,346877,1,42,2,7,16,5,0,12,3,9,0.033333333,0,0,0,0,0,0,0,0,0,0,14,42,0
165216,8,346877,1,8,3,2,0,2,1,2,0,9,0.033333333,0,0,0,0,0,0,0,0,0,0,6,8,0
165231,20,127749,2,7,2,3,0,1,0,2,1,102,0.033333333,0,0,0,0,0,0,0,0,0,0,6,7,0
165259,39,85168,1,39,5,12,0,10,0,11,9,139,0.033333333,0,0,0,0,0,0,0,0,0,0,18,39,0
165274,122,346877,4,1,1,0,0,0,0,0,0,9,0.033333333,0,0,0,0,0,0,0,0,0,0,1,1,0
165275,43,346877,2,11,7,2,0,0,1,1,0,9,0.1,1,9,0,0,0,0,0,0,0,0,7,1,0
165287,12,250865,1,12,4,1,0,1,0,3,1,34,0.033333333,0,0,0,0,0,0,0,0,0,0,7,12,0
165304,51,250865,3,1,1,0,0,0,0,0,0,34,0.033333333,0,0,0,0,0,0,0,0,0,0,1,1,0
165319,35,346877,1,35,8,5,10,4,1,7,3,9,0.066666667,0,0,0,0,0,0,0,0,0,0,16,34,1
165333,10,346877,1,10,2,3,0,2,1,2,2,9,0.033333333,0,0,0,0,0,0,0,0,0,0,7,10,0
165340,850,346877,11,42,7,10,14,6,0,7,1,9,0.133333333,0,0,0,0,0,0,0,0,0,0,14,5,0
165371,885,247683,4,6,2,2,0,1,0,1,1,23,0.033333333,0,0,0,0,0,0,0,0,0,0,5,6,0
165374,14,261579,3,1,1,0,0,0,0,0,0,5,0.033333333,0,0,0,0,0,0,0,0,0,0,1,1,0
165376,65,346877,1,65,8,22,0,19,0,17,16,9,0.133333333,29,0,20,0,0,0,0,0,0,0,30,14,22
165379,498,24979,4,39,4,14,0,11,3,9,7,25,0.1,0,0,0,6,0,0,0,0,0,0,21,29,0
165383,2379,457932,6,1,1,0,0,0,0,0,0,21,0.033333333,0,0,0,0,0,0,0,0,0,0,1,1,0
165412,409,457932,4,7,1,3,2,1,0,2,0,21,0.033333333,0,0,0,0,0,0,0,0,0,0,5,7,0
165417,5,260769,1,5,1,2,0,1,0,1,1,0,0.033333333,0,0,0,0,0,0,0,0,0,0,4,5,0
165432,15,346877,2,2,2,0,0,0,0,0,0,9,0.033333333,0,0,0,0,0,0,0,0,0,0,2,2,0
165445,3,457932,1,3,3,0,0,0,0,0,0,21,0.033333333,0,0,0,0,0,0,0,0,0,0,2,3,0
165451,1,502584,1,1,1,0,0,0,0,0,0,143,0.033333333,0,0,0,0,0,0,0,0,0,0,1,1,0
165455,10,250865,1,10,2,4,0,3,0,3,1,34,0.033333333,0,0,0,0,0,0,0,0,0,0,7,10,0
165457,601,110497,5,1,1,0,0,0,0,0,0,24,0.033333333,0,0,0,0,0,0,0,0,0,0,1,1,0
165469,296,250865,2,55,20,31,0,2,0,6,2,34,0.133333333,0,0,0,0,0,0,0,0,0,0,6,18,0
165473,29,110497,2,7,3,2,0,1,0,1,1,24,0.033333333,0,0,0,0,0,0,0,0,0,0,5,7,0
165481,1,261579,1,1,1,0,0,0,0,0,0,5,0.033333333,0,0,0,0,0,0,0,0,0,0,1,1,0
165491,1,86829,1,1,1,0,0,0,0,0,0,63,0.033333333,0,0,0,0,0,0,0,0,0,0,1,1,0
165505,90,502584,2,85,8,11,22,8,1,22,6,143,0.066666667,0,0,0,0,0,83,0,0,0,0,18,2,0
165509,2,127749,2,1,1,0,0,0,0,0,0,102,0.033333333,0,0,0,0,0,0,0,0,0,0,1,1,0
165525,129,85576,4,1,1,0,0,0,0,0,0,54,0.033333333,0,0,0,0,0,0,0,0,0,0,1,1,0
165527,41,250865,3,1,1,0,0,0,0,0,0,34,0.033333333,0,0,0,0,0,0,0,0,0,0,1,1,0
165532,41,457932,2,36,4,11,4,9,0,8,7,21,0.066666667,0,0,0,0,0,0,0,0,0,0,16,19,0
165545,11,24979,1,11,2,3,0,3,0,3,3,25,0.033333333,0,0,0,0,0,0,0,0,0,0,7,11,0
165549,11,250865,1,11,2,3,0,2,0,5,1,34,0.033333333,0,0,0,0,0,0,0,0,0,0,6,11,0
165569,22,502584,3,1,1,0,0,0,0,0,0,143,0.033333333,0,0,0,0,0,0,0,0,0,0,1,1,0
165596,174,127749,3,146,12,26,57,15,5,21,10,102,0.1,0,0,0,0,0,0,0,0,0,0,46,33,13
165603,59,250865,3,11,2,5,0,1,0,4,1,34,0.033333333,0,0,0,0,0,0,0,0,0,0,5,11,0
165606,59,346877,3,36,1,19,12,0,0,22,0,9,0.033333333,0,0,0,0,0,0,0,0,0,0,17,36,0
165616,561,260769,2,1,1,0,0,0,0,0,0,0,0.033333333,0,0,0,0,0,0,0,0,0,0,1,1,0
165621,11,247683,1,11,1,2,0,1,6,1,1,23,0.033333333,0,0,0,0,0,0,0,0,0,0,4,11,0
165624,23,457932,3,15,3,3,4,0,0,6,0,21,0.033333333,0,0,0,0,0,0,0,0,0,0,5,15,0
165625,4,502584,2,3,3,0,0,0,0,0,0,143,0.033333333,0,0,0,0,0,0,0,0,0,0,2,3,0
165634,57,42723,5,1,1,0,0,0,0,0,0,6,0.033333333,0,0,0,0,0,0,0,0,0,0,1,1,0
165638,73,457932,1,73,11,16,17,13,4,11,8,21,0.066666667,0,0,0,0,0,0,0,0,0,0,32,22,0
165663,1126,42723,13,7,7,0,0,0,0,0,0,6,0.066666667,0,0,0,0,0,0,0,0,0,0,3,4,3
165673,136,502584,1,136,31,15,28,8,13,28,3,143,0.1,0,0,0,0,0,0,0,0,0,0,20,14,0
165681,225,346877,3,15,6,5,0,3,0,2,1,9,0.066666667,0,6,0,0,0,0,0,0,0,0,7,9,0
165686,18,250865,2,7,3,2,0,1,0,1,1,34,0.033333333,0,0,0,0,0,0,0,0,0,0,5,7,0
165688,301,110497,3,1,1,0,0,0,0,0,0,24,0.033333333,0,0,0,0,0,0,0,0,0,0,1,1,0
165699,1385,261579,6,38,7,19,10,0,0,7,0,5,0.033333333,0,0,0,0,0,0,0,0,0,0,18,38,0
165707,34,85168,3,1,1,0,0,0,0,0,0,139,0.033333333,0,0,0,0,0,0,0,0,0,0,1,1,0
165708,490,261579,6,14,3,7,0,1,0,4,1,5,0.066666667,0,0,0,0,0,0,0,0,0,0,9,8,0
165751,252,502584,6,2,2,0,0,0,0,0,0,143,0.033333333,0,0,0,0,0,0,0,0,0,0,1,2,0
165752,4,260769,1,4,2,2,0,0,0,1,0,0,0.033333333,0,0,0,0,0,0,0,0,0,0,4,4,0
165757,23,502584,1,23,6,8,0,5,0,4,4,143,0.033333333,0,0,0,0,0,0,0,0,0,0,11,23,0
165768,3,127749,2,2,2,0,0,0,0,0,0,102,0.033333333,0,0,0,0,0,0,0,0,0,0,2,2,0
165769,20,457932,2,13,2,7,0,3,0,4,1,21,0.033333333,0,0,0,0,0,0,0,0,0,0,8,13,0
165785,16,127749,2,15,4,6,0,2,0,4,1,102,0.033333333,0,0,0,0,0,0,0,0,0,0,7,15,0
165807,17,247683,2,16,8,6,0,2,0,3,0,23,0.1,0,0,0,0,0,0,0,0,0,0,5,3,0
165814,13,346877,2,1,1,0,0,0,0,0,0,9,0.033333333,0,0,0,0,0,0,0,0,0,0,1,1,0
165835,18,155579,1,18,7,4,0,2,3,1,1,17,0.033333333,0,0,0,0,0,0,0,0,0,0,8,18,0
165854,118,155579,4,20,3,5,5,3,1,7,0,17,0.033333333,0,0,0,0,0,0,0,0,0,0,6,20,0
165864,3,89830,1,3,3,0,0,0,0,0,0,108,0.033333333,0,0,0,0,0,0,0,0,0,0,2,3,0
165866,1,89830,1,1,1,0,0,0,0,0,0,108,0.033333333,0,0,0,0,0,0,0,0,0,0,1,1,0
165873,5,155579,1,5,3,2,0,0,0,1,0,17,0.033333333,0,0,0,0,0,0,0,0,0,0,5,5,0
165877,12,89830,1,12,1,6,0,3,0,5,2,108,0.033333333,0,0,0,0,0,0,0,0,0,0,5,12,0
165888,3,89830,1,3,3,0,0,0,0,0,0,108,0.033333333,0,0,0,0,0,0,0,0,0,0,3,3,0
165928,1,74042,1,1,1,0,0,0,0,0,0,27,0.033333333,1,0,0,0,0,0,0,0,0,0,1,1,0
165943,1,74042,1,1,1,0,0,0,0,0,0,27,0.033333333,1,0,0,0,0,0,0,0,0,0,1,1,0
165949,1,74042,1,1,1,0,0,0,0,0,0,27,0.033333333,1,0,0,0,0,0,0,0,0,0,1,1,0
165951,59,74042,3,1,1,0,0,0,0,0,0,27,0.033333333,1,0,0,0,0,0,0,0,0,0,1,1,0
165956,22,74042,1,22,12,5,0,3,0,2,2,27,0.066666667,14,0,0,0,0,0,0,0,0,0,8,8,14
165961,67,74042,5,1,1,0,0,0,0,0,0,27,0.033333333,1,0,0,0,0,0,0,0,0,0,1,1,0
165969,60,74042,3,2,2,0,0,0,0,0,0,27,0.033333333,2,0,0,0,0,0,0,0,0,0,2,2,0
165974,1,74042,1,1,1,0,0,0,0,0,0,27,0.033333333,1,0,0,0,0,0,0,0,0,0,1,1,0
165975,9,74042,1,9,4,3,0,0,0,2,0,27,0.033333333,9,0,0,0,0,0,0,0,0,0,6,9,0
165982,1,74042,1,1,1,0,0,0,0,0,0,27,0.033333333,1,0,0,0,0,0,0,0,0,0,1,1,0
165987,5,74042,1,5,2,2,0,0,0,1,1,27,0.033333333,0,5,0,0,0,0,0,0,0,0,5,5,0
166003,1,74042,1,1,1,0,0,0,0,0,0,27,0.033333333,0,1,0,0,0,0,0,0,0,0,1,1,0
166021,170,21216,3,29,3,11,0,6,0,9,4,19,0.1,0,0,0,0,0,0,0,0,7,0,7,7,0
166022,12,21216,1,12,5,5,0,0,0,5,1,19,0.066666667,0,0,0,11,0,0,0,0,1,0,7,11,0
166035,318,21216,8,14,3,6,0,3,0,5,2,19,0.033333333,0,0,0,0,0,0,0,0,14,0,6,14,0
166038,1,74042,1,1,1,0,0,0,0,0,0,27,0.033333333,0,0,0,0,0,0,0,0,0,0,1,1,0
166071,8,74042,1,8,3,2,0,2,0,2,1,27,0.033333333,0,0,0,0,0,0,0,0,0,0,7,8,0
166087,280,74042,2,10,2,4,0,3,0,3,1,27,0.066666667,0,0,6,0,4,0,0,0,0,0,5,6,0
166098,6,74042,2,3,3,0,0,0,0,0,0,27,0.1,0,0,0,0,1,0,0,0,0,0,1,1,0
166102,1,74042,1,1,1,0,0,0,0,0,0,27,0.033333333,0,0,0,0,1,0,0,0,0,0,1,1,0
166105,1,74042,1,1,1,0,0,0,0,0,0,27,0.033333333,0,0,0,0,1,0,0,0,0,0,1,1,0
166115,401,41550,2,2,2,0,0,0,0,0,0,21,0.033333333,0,0,0,0,0,0,0,0,0,2,1,2,0
166116,1,41550,1,1,1,0,0,0,0,0,0,21,0.033333333,0,0,0,0,0,0,0,0,0,1,1,1,0
166117,1,41550,1,1,1,0,0,0,0,0,0,21,0.033333333,0,0,0,0,0,0,0,0,0,1,1,1,0
166128,204,41550,5,17,5,8,0,0,1,6,0,21,0.066666667,0,0,0,0,0,0,0,0,0,13,9,17,0
166144,342,74042,8,1,1,0,0,0,0,0,0,27,0.033333333,0,0,0,0,0,0,0,0,0,0,1,1,0
166169,6,74042,1,6,2,2,0,1,0,1,1,27,0.033333333,0,0,0,0,0,0,0,0,0,0,5,6,0
166172,8,74042,1,8,4,2,0,1,0,1,1,27,0.033333333,0,0,0,0,0,0,0,0,0,0,5,8,0
166173,4,74042,1,4,4,0,0,0,0,0,0,27,0.033333333,0,0,0,0,0,0,0,0,0,0,2,4,0
166176,1,74042,1,1,1,0,0,0,0,0,0,27,0.033333333,0,0,0,0,0,0,0,0,0,0,1,1,0
166178,1,74042,1,1,1,0,0,0,0,0,0,27,0.033333333,0,0,0,0,0,0,0,0,0,0,1,1,0
166180,1,74042,1,1,1,0,0,0,0,0,0,27,0.033333333,0,0,0,0,0,0,0,0,0,0,1,1,0
166181,25,74042,1,25,5,8,0,6,0,7,3,27,0.033333333,0,0,0,0,0,0,0,0,0,0,9,25,0
166184,11,74042,1,11,2,5,0,2,0,4,2,27,0.033333333,0,0,0,0,0,0,0,0,0,0,7,11,0
166185,1,74042,1,1,1,0,0,0,0,0,0,27,0.033333333,0,0,0,0,0,0,0,0,0,0,1,1,0
166191,6,74042,1,6,2,2,0,1,0,1,1,27,0.033333333,0,0,0,0,0,0,0,0,0,0,5,6,0
166197,1,74042,1,1,1,0,0,0,0,0,0,27,0.033333333,0,0,0,0,0,0,0,0,0,0,1,1,0
166201,5,74042,1,5,4,0,0,0,1,0,0,27,0.033333333,0,0,0,0,0,0,0,0,0,0,5,5,0
166208,1,74042,1,1,1,0,0,0,0,0,0,27,0.033333333,0,0,0,0,0,0,0,0,0,0,1,1,0
166212,90,74042,2,5,2,2,0,1,0,1,0,27,0.033333333,0,0,0,0,0,0,0,0,0,0,4,5,0
166221,83,74042,2,1,1,0,0,0,0,0,0,27,0.033333333,0,0,0,0,0,0,0,0,0,0,1,1,0
166226,1,74042,1,1,1,0,0,0,0,0,0,27,0.033333333,0,0,0,0,0,0,0,0,0,0,1,1,0
166235,1,74042,1,1,1,0,0,0,0,0,0,27,0.033333333,0,0,0,0,0,0,0,0,0,0,1,1,0
166238,1,74042,1,1,1,0,0,0,0,0,0,27,0.033333333,0,0,0,0,0,0,0,0,0,0,1,1,0
166240,4,74042,1,4,4,0,0,0,0,0,0,27,0.033333333,0,0,0,0,0,0,0,0,0,0,3,4,0
166245,17,74042,1,17,6,7,0,2,1,1,0,27,0.033333333,0,0,0,0,0,0,0,0,0,0,7,17,0
166255,11,74042,1,11,4,3,0,2,0,2,2,27,0.033333333,0,0,0,0,0,0,0,0,0,0,8,11,0
166259,1,74042,1,1,1,0,0,0,0,0,0,27,0.033333333,0,0,0,0,0,0,0,0,0,0,1,1,0
166279,29,878119,2,17,1,6,3,1,0,11,0,20,0.033333333,0,0,0,0,0,0,0,0,0,0,7,17,0
166302,435,457932,5,114,11,47,21,24,3,33,3,21,0.1,0,0,0,0,0,0,0,0,0,0,24,102,9
166304,60,346877,2,36,14,13,0,9,0,9,0,9,0.133333333,4,0,0,0,0,0,0,0,0,0,9,22,0
166321,111,334927,2,68,16,29,11,2,5,22,1,7,0.1,0,0,0,0,0,0,0,0,0,0,20,28,36
166323,332,34988,3,11,4,4,0,2,0,1,1,108,0.066666667,0,0,0,0,0,0,0,0,0,0,6,7,4
166348,3,346877,1,3,3,0,0,0,0,0,0,9,0.033333333,0,3,0,0,0,0,0,0,0,0,2,3,0
166363,8,260769,1,8,4,2,0,1,0,1,1,0,0.033333333,0,0,0,0,0,0,0,0,0,0,5,8,0
166372,41,457932,1,41,5,17,2,9,3,16,4,21,0.066666667,0,0,0,0,0,0,0,0,0,0,13,25,16
166387,74,127749,3,31,3,10,0,9,0,9,9,102,0.033333333,0,0,0,0,0,0,0,0,0,0,19,31,0
166388,7,140022,1,7,4,3,0,0,0,2,0,232,0.033333333,0,0,0,0,0,0,0,0,0,0,6,7,0
166404,12,260769,1,12,5,3,0,0,1,2,0,0,0.033333333,0,0,0,0,0,0,0,0,0,0,6,12,0
166421,80,260769,1,80,8,22,0,16,0,26,13,0,0.066666667,0,0,0,0,0,0,0,0,0,0,21,68,0
166429,22,334927,2,8,2,5,0,1,0,4,0,7,0.033333333,0,0,0,0,0,0,0,0,0,0,7,8,0
166436,6,457932,2,5,2,2,0,1,0,1,0,21,0.033333333,0,0,0,0,0,0,0,0,0,0,4,5,0
166440,776,457932,4,13,2,5,3,1,0,4,1,21,0.033333333,0,0,0,0,0,0,0,0,0,0,9,13,0
166450,5,878119,1,5,5,0,0,0,0,0,0,20,0.033333333,0,0,0,0,0,0,0,0,0,0,1,5,0
166463,18,502584,2,9,2,3,0,2,0,2,2,143,0.033333333,0,0,0,0,0,9,0,0,0,0,7,9,0
166464,7,334927,1,7,3,2,0,1,0,1,1,7,0.066666667,0,0,0,0,0,0,0,0,0,0,4,6,0
166471,2,878119,1,2,2,0,0,0,0,0,0,20,0.033333333,0,0,0,0,0,0,0,0,0,0,1,2,0
166474,130,502584,4,38,5,8,0,7,6,16,1,143,0.066666667,0,0,0,0,0,1,0,37,0,0,10,1,0
166486,11,346877,1,11,1,4,0,3,0,6,0,9,0.033333333,0,11,0,0,0,0,0,0,0,0,4,11,0
166488,177,457932,2,17,4,6,0,5,0,5,2,21,0.033333333,0,0,0,0,0,0,0,0,0,0,8,17,0
166491,44,110497,3,28,5,10,0,7,0,6,4,24,0.066666667,0,10,0,0,0,0,0,0,0,0,10,18,0
166503,68,334927,3,6,2,2,0,1,0,1,1,7,0.033333333,0,0,0,0,0,0,0,0,0,0,5,6,0
166508,4,346877,3,1,1,0,0,0,0,0,0,9,0.033333333,0,1,0,0,0,0,0,0,0,0,1,1,0
166521,21,878119,1,21,5,14,0,0,0,13,0,20,0.033333333,0,0,0,0,0,0,0,0,0,0,11,21,0
166523,270,85168,4,67,4,19,19,12,0,15,9,139,0.033333333,0,67,0,0,0,0,0,0,0,0,24,67,0
166532,64,878119,6,3,3,0,0,0,0,0,0,20,0.033333333,0,0,0,0,0,0,0,0,0,0,2,3,0
166533,2,188602,2,1,1,0,0,0,0,0,0,96,0.033333333,0,1,0,0,0,0,0,0,0,0,1,1,0
166540,132,878119,4,1,1,0,0,0,0,0,0,20,0.033333333,0,0,0,0,0,0,0,0,0,0,1,1,0
166550,10,878119,1,10,1,4,0,3,0,4,1,20,0.033333333,0,0,0,0,0,0,0,0,0,0,6,10,0
166556,14,878119,2,12,4,3,0,2,0,4,1,20,0.033333333,0,0,0,0,0,0,0,0,0,0,6,12,0
166572,68,260769,1,68,3,17,0,16,0,25,14,0,0.033333333,0,0,0,0,0,0,0,0,0,0,31,68,0
166590,1,502584,1,1,1,0,0,0,0,0,0,143,0.033333333,0,0,0,0,0,1,0,0,0,0,1,1,0
166595,38,878119,2,27,10,8,0,5,2,5,1,20,0.033333333,0,0,0,0,0,0,0,0,0,0,12,27,0
166616,55,878119,2,43,5,12,5,11,0,14,6,20,0.033333333,0,0,0,0,0,0,0,0,0,0,18,43,0
166623,27,878119,2,1,1,0,0,0,0,0,0,20,0.033333333,0,0,0,0,0,0,0,0,0,0,1,1,0
166624,6,42723,2,5,2,2,0,1,0,1,0,6,0.033333333,0,5,0,0,0,0,0,0,0,0,4,5,0
166630,9,334927,2,8,3,2,0,1,0,2,1,7,0.033333333,0,0,0,0,0,0,0,0,0,0,5,8,0
166641,15,878119,2,3,3,0,0,0,0,0,0,20,0.033333333,0,0,0,0,0,0,0,0,0,0,2,3,0
166642,46,878119,2,1,1,0,0,0,0,0,0,20,0.033333333,0,0,0,0,0,0,0,0,0,0,1,1,0
166653,6,334927,1,6,2,2,0,1,0,1,1,7,0.033333333,0,0,0,0,0,0,0,0,0,0,5,6,0
166665,2,110497,1,2,2,0,0,0,0,0,0,24,0.033333333,0,2,0,0,0,0,0,0,0,0,2,2,0
166675,20,878119,1,20,5,6,0,5,1,5,3,20,0.033333333,0,0,0,0,0,0,0,0,0,0,12,20,0
166691,6,85576,2,1,1,0,0,0,0,0,0,54,0.033333333,0,1,0,0,0,0,0,0,0,0,1,1,0
166692,7,878119,1,7,1,4,0,2,0,3,0,20,0.033333333,0,0,0,0,0,0,0,0,0,0,4,7,0
166694,35,457932,2,18,1,7,0,6,0,6,4,21,0.033333333,0,0,0,0,0,0,0,0,0,0,11,18,0
166715,26,188602,4,1,1,0,0,0,0,0,0,96,0.033333333,0,1,0,0,0,0,0,0,0,0,1,1,0
166717,12,878119,2,11,6,3,0,0,0,4,0,20,0.033333333,0,0,0,0,0,0,0,0,0,0,6,11,0
166728,29,878119,1,29,8,12,0,6,0,7,2,20,0.066666667,0,0,0,0,0,0,0,0,0,0,11,25,0
166739,27,878119,1,27,4,7,0,6,0,11,5,20,0.033333333,0,0,0,0,0,0,0,0,0,0,11,27,0
166755,229,127749,3,171,3,16,136,9,0,16,0,102,0.066666667,0,0,0,0,0,0,0,0,0,0,60,67,104
166756,28,878119,3,9,2,3,0,2,0,3,1,20,0.033333333,0,0,0,0,0,0,0,0,0,0,6,9,0
166781,7,260769,1,7,1,3,0,2,0,2,1,0,0.033333333,0,0,0,0,0,0,0,0,0,0,5,7,0
166794,120,878119,5,1,1,0,0,0,0,0,0,20,0.033333333,0,0,0,0,0,0,0,0,0,0,1,1,0
166814,17,878119,1,17,11,5,0,0,0,2,0,20,0.033333333,0,0,0,0,0,0,0,0,0,0,8,17,0
166818,592,110497,2,1,1,0,0,0,0,0,0,24,0.033333333,0,1,0,0,0,0,0,0,0,0,1,1,0
166858,8,188602,1,8,7,1,0,0,0,1,0,96,0.033333333,0,8,0,0,0,0,0,0,0,0,4,8,0
166872,907,399092,6,6,3,2,0,1,0,1,0,101,0.033333333,0,0,0,0,6,0,0,0,0,0,4,6,0
166878,113,334927,6,3,3,0,0,0,0,0,0,7,0.033333333,0,0,0,0,0,0,0,0,0,0,2,3,0
166901,1,110497,1,1,1,0,0,0,0,0,0,24,0.033333333,0,1,0,0,0,0,0,0,0,0,1,1,0
166912,110,188602,1,110,7,28,16,24,4,28,21,96,0.1,0,8,0,0,0,0,0,0,0,0,28,97,5
166914,1622,140022,13,3,3,0,0,0,0,0,0,232,0.066666667,0,0,0,0,0,0,0,0,0,0,1,1,0
166922,394,457932,3,139,19,46,40,5,18,29,1,21,0.166666667,0,0,0,26,0,0,0,0,0,0,47,47,0
166925,26,878119,1,26,6,12,0,6,0,3,0,20,0.033333333,0,0,0,0,0,0,0,0,0,0,8,26,0
166928,231,85576,5,51,15,18,6,4,1,14,4,54,0.1,4,10,0,0,0,0,0,0,0,0,16,37,4
166940,3,260769,2,1,1,0,0,0,0,0,0,0,0.033333333,0,0,0,0,0,0,0,0,0,0,1,1,0
166958,53,878119,2,3,1,2,0,0,0,1,0,20,0.033333333,0,0,0,0,0,0,0,0,0,0,3,3,0
166981,1,85576,1,1,1,0,0,0,0,0,0,54,0.033333333,0,1,0,0,0,0,0,0,0,0,1,1,0
166991,28,346877,1,28,7,8,0,6,3,5,3,9,0.033333333,0,28,0,0,0,0,0,0,0,0,13,28,0
167005,2,346877,2,1,1,0,0,0,0,0,0,9,0.033333333,0,1,0,0,0,0,0,0,0,0,1,1,0
167010,13,250865,1,13,2,4,0,1,0,6,0,34,0.033333333,0,0,0,0,0,0,0,0,0,0,5,13,0
167015,2,878119,1,2,2,0,0,0,0,0,0,20,0.033333333,0,0,0,0,0,0,0,0,0,0,2,2,0
167016,5,878119,1,5,2,1,0,1,0,1,1,20,0.033333333,0,0,0,0,0,0,0,0,0,0,5,5,0
167022,2,399092,1,2,2,0,0,0,0,0,0,101,0.033333333,0,0,0,0,2,0,0,0,0,0,2,2,0
167026,466,260769,6,1,1,0,0,0,0,0,0,0,0.033333333,0,0,0,0,0,0,0,0,0,0,1,1,0
167032,30,346877,2,16,1,5,2,4,0,5,3,9,0.033333333,0,16,0,0,0,0,0,0,0,0,10,16,0
167033,2,188602,2,1,1,0,0,0,0,0,0,96,0.033333333,0,1,0,0,0,0,0,0,0,0,1,1,0
167044,22,110497,2,18,7,6,0,1,0,7,0,24,0.1,0,10,0,0,0,0,0,0,0,0,7,4,10
167059,172,502584,2,6,2,2,0,1,0,1,1,143,0.033333333,0,0,0,0,0,6,0,0,0,0,5,6,0
167064,3,878119,1,3,3,0,0,0,0,0,0,20,0.033333333,0,0,0,0,0,0,0,0,0,0,2,3,0
167067,25,878119,2,2,2,0,0,0,0,0,0,20,0.033333333,0,0,0,0,0,0,0,0,0,0,2,2,0
167087,21,457932,1,21,3,8,2,4,0,5,2,21,0.033333333,0,0,0,0,0,0,0,0,0,0,12,21,0
167093,12,878119,1,12,1,5,0,4,0,4,2,20,0.066666667,0,0,0,0,0,0,0,0,0,0,8,10,2
167095,53,878119,1,53,15,11,0,9,2,18,5,20,0.033333333,0,0,0,0,0,0,0,0,0,0,14,53,0
167107,15,334927,2,6,2,2,0,1,0,1,1,7,0.033333333,0,0,0,0,0,0,0,0,0,0,5,6,0
167110,41,127749,2,18,6,8,0,2,0,5,2,102,0.066666667,0,0,0,0,0,0,0,0,0,0,11,16,0
167122,61,502584,2,20,4,11,0,2,2,8,1,143,0.066666667,0,0,0,0,10,10,0,0,0,0,9,10,10
167128,6,502584,1,6,5,0,0,0,0,0,0,143,0.033333333,0,0,0,0,0,6,0,0,0,0,5,6,0
167133,1,334927,1,1,1,0,0,0,0,0,0,7,0.033333333,0,0,0,0,0,0,0,0,0,0,1,1,0
167159,19,334927,1,19,9,5,0,3,0,2,2,7,0.066666667,0,0,0,0,0,0,0,0,0,0,6,6,0
167160,16,346877,1,16,4,7,0,0,0,1,0,9,0.033333333,0,16,0,0,0,0,0,0,0,0,7,16,0
167161,13,878119,1,13,6,1,0,1,3,1,1,20,0.033333333,0,0,0,0,0,0,0,0,0,0,8,13,0
167162,9,250865,1,9,2,3,0,2,0,2,2,34,0.033333333,0,0,0,0,0,0,0,0,0,0,7,9,0
167183,23,878119,2,9,2,5,0,1,0,4,1,20,0.033333333,0,0,0,0,0,0,0,0,0,0,7,9,0
167200,9,46603,1,9,4,2,0,1,0,1,1,5,0.033333333,0,0,0,0,0,0,0,0,0,0,7,9,0
167209,1,250865,1,1,1,0,0,0,0,0,0,34,0.033333333,0,0,0,0,0,0,0,0,0,0,1,1,0
167220,15,85576,2,8,4,2,0,1,0,1,1,54,0.033333333,0,8,0,0,0,0,0,0,0,0,6,8,0
167222,34,334927,3,9,3,2,0,1,2,1,1,7,0.033333333,0,0,0,0,0,0,0,0,0,0,5,9,0
167225,21,878119,1,21,8,8,0,3,0,5,2,20,0.1,0,0,0,0,0,0,0,0,0,0,13,9,0
167258,42,399092,1,42,6,8,0,6,0,17,6,101,0.033333333,0,0,0,0,42,0,0,0,0,0,13,42,0
167259,22,878119,1,22,9,6,0,4,1,3,1,20,0.033333333,0,0,0,0,0,0,0,0,0,0,12,22,0
167263,100,334927,2,1,1,0,0,0,0,0,0,7,0.033333333,0,0,0,0,0,0,0,0,0,0,1,1,0
167269,120,457932,3,37,6,12,3,9,0,9,7,21,0.033333333,0,0,0,0,0,0,0,0,0,0,21,37,0
167286,577,260769,4,6,2,2,0,1,0,1,1,0,0.033333333,0,0,0,0,0,0,0,0,0,0,5,6,0
167295,30,85576,2,7,2,3,0,1,0,2,1,54,0.033333333,0,7,0,0,0,0,0,0,0,0,5,7,0
167305,3,334927,1,3,2,1,0,0,0,1,0,7,0.033333333,0,0,0,0,0,0,0,0,0,0,3,3,0
167312,933,34988,8,4,4,0,0,0,0,0,0,108,0.1,0,0,0,0,0,0,0,0,0,0,2,1,1
167315,773,250865,5,1,1,0,0,0,0,0,0,34,0.033333333,0,0,0,0,0,0,0,0,0,0,1,1,0
167336,47,878119,1,47,17,24,0,2,0,9,2,20,0.066666667,0,0,0,0,0,0,0,0,0,0,16,38,0
167350,45,250865,3,8,5,2,0,0,0,1,0,34,0.033333333,0,0,0,0,0,0,0,0,0,0,7,8,0
167352,224,334927,5,87,10,46,1,20,0,32,10,7,0.133333333,0,0,0,0,0,0,0,0,0,0,21,7,0
167360,69,260769,2,42,2,18,0,12,0,17,10,0,0.033333333,0,0,0,0,0,0,0,0,0,0,23,42,0
167364,28,502584,1,28,11,7,0,4,0,6,3,143,0.033333333,0,0,0,0,0,28,0,0,0,0,12,28,0
167366,292,260769,4,9,3,4,0,1,0,3,1,0,0.033333333,0,0,0,0,0,0,0,0,0,0,7,9,0
167369,6,334927,1,6,2,2,0,1,0,1,1,7,0.033333333,0,0,0,0,0,0,0,0,0,0,4,6,0
167373,12,334927,1,12,2,4,0,3,0,3,3,7,0.033333333,0,0,0,0,0,0,0,0,0,0,7,12,0
167386,26,878119,1,26,10,9,0,6,1,8,0,20,0.033333333,0,0,0,0,0,0,0,0,0,0,9,26,0
167397,12,878119,1,12,3,5,0,3,0,2,1,20,0.033333333,0,0,0,0,0,0,0,0,0,0,8,12,0
167416,56,260769,2,28,4,11,0,8,0,7,4,0,0.033333333,0,0,0,0,0,0,0,0,0,0,10,28,0
167419,623,457932,4,68,3,61,3,0,0,38,0,21,0.033333333,0,0,0,0,0,0,0,0,0,0,15,68,0
167428,6,110497,2,2,2,0,0,0,0,0,0,24,0.033333333,0,2,0,0,0,0,0,0,0,0,2,2,0
167430,28,140022,6,6,2,2,0,1,0,1,1,232,0.033333333,0,0,0,0,0,0,0,0,0,0,5,6,0
167431,28,34988,6,13,3,5,0,3,0,2,2,108,0.033333333,0,0,0,0,0,0,0,0,0,0,6,13,0
167436,137,334927,3,22,4,6,0,5,0,7,5,7,0.033333333,0,0,0,0,0,0,0,0,0,0,8,22,0
167437,3,399092,2,1,1,0,0,0,0,0,0,101,0.033333333,0,0,0,0,1,0,0,0,0,0,1,1,0
167440,26,127749,2,13,4,5,0,2,0,2,2,102,0.033333333,0,0,0,0,0,0,0,0,0,0,6,13,0
167456,19,878119,2,4,1,2,0,1,0,1,0,20,0.033333333,0,0,0,0,0,0,0,0,0,0,3,4,0
167459,88,399092,3,9,2,5,0,1,0,4,1,101,0.033333333,0,0,0,0,9,0,0,0,0,0,8,9,0
167470,64,334927,2,22,2,8,0,6,0,7,6,7,0.033333333,0,0,0,0,0,0,0,0,0,0,8,22,0
167483,3,188602,2,2,2,0,0,0,0,0,0,96,0.033333333,0,2,0,0,0,0,0,0,0,0,2,2,0
167484,45,878119,6,8,5,1,0,1,0,1,1,20,0.033333333,0,0,0,0,0,0,0,0,0,0,8,8,0
167485,178,110497,7,8,2,4,0,1,0,3,1,24,0.033333333,0,8,0,0,0,0,0,0,0,0,7,8,0
167495,36,110497,2,35,10,12,0,6,0,7,3,24,0.033333333,0,35,0,0,0,0,0,0,0,0,10,35,0
167496,28,127749,6,2,2,0,0,0,0,0,0,102,0.033333333,0,0,0,0,0,0,0,0,0,0,2,2,0
167500,48,250865,1,48,2,10,14,9,0,14,6,34,0.033333333,0,0,0,0,0,0,0,0,0,0,9,48,0
167506,4,110497,2,1,1,0,0,0,0,0,0,24,0.033333333,0,1,0,0,0,0,0,0,0,0,1,1,0
167526,21,878119,1,21,2,7,4,6,0,6,2,20,0.1,0,0,1,0,0,0,0,0,0,0,12,20,1
167534,20,457932,2,1,1,0,0,0,0,0,0,21,0.033333333,0,0,0,0,0,0,0,0,0,0,1,1,0
167544,35,346877,3,11,2,5,0,2,0,4,2,9,0.033333333,0,11,0,0,0,0,0,0,0,0,7,11,0
167548,4,334927,1,4,2,2,0,0,0,1,0,7,0.033333333,0,0,0,0,0,0,0,0,0,0,4,4,0
167553,365,399092,5,23,2,10,0,8,0,7,3,101,0.033333333,0,0,0,0,23,0,0,0,0,0,12,23,0
167555,4,878119,1,4,2,1,0,0,1,1,0,20,0.033333333,0,0,0,0,0,0,0,0,0,0,4,4,0
167558,23,346877,2,8,3,2,0,1,0,1,1,9,0.033333333,0,8,0,0,0,0,0,0,0,0,6,8,0
167563,12,27035,1,12,3,6,0,2,0,3,1,60,0.066666667,0,0,0,0,0,0,0,0,0,0,7,12,0
167564,19,878119,1,19,8,4,0,2,0,6,1,20,0.033333333,0,0,0,0,0,0,0,0,0,0,10,19,0
167565,19,334927,1,19,11,3,0,3,0,3,2,7,0.033333333,0,0,0,0,0,0,0,0,0,0,9,19,0
167573,8,46603,3,1,1,0,0,0,0,0,0,5,0.033333333,0,0,0,0,0,0,0,0,0,0,1,1,0
167589,27,502584,1,27,13,5,0,3,0,3,3,143,0.033333333,0,0,0,0,0,27,0,0,0,0,10,27,0
167592,13,334927,2,2,2,0,0,0,0,0,0,7,0.033333333,0,0,0,0,0,0,0,0,0,0,2,2,0
167605,33,346877,3,8,2,4,0,0,0,5,0,9,0.033333333,0,8,0,0,0,0,0,0,0,0,6,8,0
167612,6,188602,2,1,1,0,0,0,0,0,0,96,0.033333333,0,1,0,0,0,0,0,0,0,0,1,1,0
167613,39,334927,4,1,1,0,0,0,0,0,0,7,0.033333333,0,0,0,0,0,0,0,0,0,0,1,1,0
167622,12,188602,1,12,4,2,0,1,0,5,1,96,0.033333333,0,12,0,0,0,0,0,0,0,0,7,12,0
167628,5,502584,5,1,1,0,0,0,0,0,0,143,0.033333333,0,0,0,0,0,1,0,0,0,0,1,1,0
167636,38,86829,2,31,5,14,0,7,0,14,5,63,0.066666667,0,9,0,0,0,0,0,0,0,0,16,22,0
167647,32,399092,1,32,2,6,0,4,0,18,1,101,0.033333333,0,0,0,0,32,0,0,0,0,0,7,32,0
167660,6,43183,1,6,2,2,0,1,0,1,1,24,0.033333333,0,0,0,0,0,0,0,0,0,0,5,6,0
167675,3,140022,2,1,1,0,0,0,0,0,0,232,0.033333333,0,0,0,0,0,0,0,0,0,0,1,1,0
167680,5,878119,5,1,1,0,0,0,0,0,0,20,0.033333333,0,0,0,0,0,0,0,0,0,0,1,1,0
167697,69,878119,3,26,5,8,0,6,4,5,2,20,0.033333333,0,0,0,0,0,0,0,0,0,0,10,26,0
167702,16,878119,1,16,3,3,0,2,5,4,1,20,0.066666667,0,0,0,0,0,0,0,0,0,0,7,10,6
167713,229,46603,5,1,1,0,0,0,0,0,0,5,0.033333333,0,0,0,0,0,0,0,0,0,0,1,1,0
167720,1,260769,1,1,1,0,0,0,0,0,0,0,0.033333333,0,0,0,0,0,0,0,0,0,0,1,1,0
167737,933,110497,8,6,4,2,0,0,0,1,0,24,0.1,0,3,0,0,0,0,0,0,0,0,3,2,1
167750,8,399092,5,1,1,0,0,0,0,0,0,101,0.033333333,0,0,0,0,1,0,0,0,0,0,1,1,0
167752,8,127749,5,1,1,0,0,0,0,0,0,102,0.033333333,0,0,0,0,0,0,0,0,0,0,1,1,0
167755,469,46603,6,1,1,0,0,0,0,0,0,5,0.033333333,0,0,0,0,0,0,0,0,0,0,1,1,0
167761,53,250865,4,22,3,6,0,3,1,12,2,34,0.033333333,0,0,0,0,0,0,0,0,0,0,8,22,0
167769,15,110497,3,8,2,3,0,2,0,2,1,24,0.033333333,0,8,0,0,0,0,0,0,0,0,6,8,0
167777,53,85576,4,13,7,2,0,0,3,2,0,54,0.066666667,0,12,0,0,0,0,0,0,0,0,5,1,0
167781,469,85168,6,53,15,30,0,5,0,21,2,139,0.1,0,0,1,0,33,0,0,0,0,0,26,19,0
167784,1,878119,1,1,1,0,0,0,0,0,0,20,0.033333333,0,0,0,0,0,0,0,0,0,0,1,1,0
167787,133,43183,2,11,2,3,0,0,0,5,0,24,0.033333333,0,0,0,0,0,0,0,0,0,0,5,11,0
167788,1,42723,1,1,1,0,0,0,0,0,0,6,0.033333333,0,0,0,0,0,0,0,0,0,0,1,1,0
167793,1,43183,1,1,1,0,0,0,0,0,0,24,0.033333333,0,0,0,0,0,0,0,0,0,0,1,1,0
167794,1153,502584,6,6,1,3,0,1,0,2,1,143,0.033333333,0,0,0,0,0,6,0,0,0,0,4,6,0
167802,612,85576,5,1,1,0,0,0,0,0,0,54,0.033333333,0,1,0,0,0,0,0,0,0,0,1,1,0
167803,11,502584,3,1,1,0,0,0,0,0,0,143,0.033333333,0,0,0,0,0,1,0,0,0,0,1,1,0
167804,11,127749,3,1,1,0,0,0,0,0,0,102,0.033333333,0,0,0,0,0,0,0,0,0,0,1,1,0
167828,47,89830,2,45,10,10,0,8,2,14,8,108,0.1,0,0,0,0,0,0,0,0,0,0,18,3,0
167833,132,155579,2,20,2,8,0,6,0,5,4,17,0.066666667,0,0,0,0,0,0,0,0,0,0,11,4,16
167839,88,91935,2,9,2,4,0,2,0,3,1,26,0.033333333,0,0,0,0,0,0,0,0,0,0,6,9,0
167846,9,155579,1,9,1,6,0,1,0,3,1,17,0.033333333,0,0,0,0,0,0,0,0,0,0,5,9,0
167859,1,91935,1,1,1,0,0,0,0,0,0,26,0.033333333,0,0,0,0,0,0,0,0,0,0,1,1,0
167879,8,89830,1,8,4,2,0,1,0,1,1,108,0.033333333,0,0,0,0,0,0,0,0,0,0,6,8,0
167886,685,155579,12,1,1,0,0,0,0,0,0,17,0.033333333,0,0,0,0,0,0,0,0,0,0,1,1,0
167887,7,89830,1,7,2,3,0,2,0,2,0,108,0.033333333,0,0,0,0,0,0,0,0,0,0,3,7,0
167888,1,89830,1,1,1,0,0,0,0,0,0,108,0.033333333,0,0,0,0,0,0,0,0,0,0,1,1,0
167898,3,91935,1,3,3,0,0,0,0,0,0,26,0.033333333,0,0,0,0,0,0,0,0,0,0,2,3,0
167900,1,155579,1,1,1,0,0,0,0,0,0,17,0.033333333,0,0,0,0,0,0,0,0,0,0,1,1,0
167908,36,89830,3,1,1,0,0,0,0,0,0,108,0.033333333,0,0,0,0,0,0,0,0,0,0,1,1,0
167918,6,155579,1,6,2,2,0,1,0,1,1,17,0.033333333,0,0,0,0,0,0,0,0,0,0,5,6,0
167920,22,89830,1,22,2,13,0,4,0,12,3,108,0.033333333,0,0,0,0,0,0,0,0,0,0,10,22,0
167924,1,91935,1,1,1,0,0,0,0,0,0,26,0.033333333,0,0,0,0,0,0,0,0,0,0,1,1,0
167929,1,155579,1,1,1,0,0,0,0,0,0,17,0.033333333,0,0,0,0,0,0,0,0,0,0,1,1,0
167940,7,89830,1,7,3,1,0,0,0,3,1,108,0.033333333,0,0,0,0,0,0,0,0,0,0,5,7,0
167943,39,89830,2,3,3,0,0,0,0,0,0,108,0.066666667,0,0,0,0,0,0,0,0,0,0,2,2,1
167956,15,21216,2,8,3,2,0,1,0,1,1,19,0.033333333,8,0,0,0,0,0,0,0,0,0,6,8,0
167957,1,21216,1,1,1,0,0,0,0,0,0,19,0.033333333,1,0,0,0,0,0,0,0,0,0,1,1,0
167961,17,21216,2,6,2,2,0,1,0,1,1,19,0.033333333,6,0,0,0,0,0,0,0,0,0,5,6,0
167975,4,21216,1,4,2,2,0,0,0,1,0,19,0.033333333,4,0,0,0,0,0,0,0,0,0,4,4,0
167981,1,21216,1,1,1,0,0,0,0,0,0,19,0.033333333,1,0,0,0,0,0,0,0,0,0,1,1,0
167987,68,21216,6,2,2,0,0,0,0,0,0,19,0.033333333,0,0,0,0,0,0,0,2,0,0,2,2,0
168004,15,74042,1,15,3,6,0,4,0,3,2,27,0.033333333,0,0,15,0,0,0,0,0,0,0,9,15,0
168009,1,74042,1,1,1,0,0,0,0,0,0,27,0.033333333,0,0,0,1,0,0,0,0,0,0,1,1,0
168010,1,74042,1,1,1,0,0,0,0,0,0,27,0.033333333,0,0,0,1,0,0,0,0,0,0,1,1,0
168012,49,74042,1,49,8,8,8,6,0,12,5,27,0.033333333,0,0,0,49,0,0,0,0,0,0,16,49,0
168018,24,74042,1,24,6,6,0,4,5,3,2,27,0.033333333,0,0,0,24,0,0,0,0,0,0,12,24,0
168030,63,74042,1,63,4,17,12,11,0,25,5,27,0.033333333,0,0,0,63,0,0,0,0,0,0,18,63,0
168040,3,91935,1,3,3,0,0,0,0,0,0,26,0.033333333,0,0,0,0,0,0,0,0,0,0,3,3,0
168063,8,155579,1,8,2,3,0,1,0,3,1,17,0.033333333,0,0,0,0,0,0,0,0,0,0,4,8,0
168064,16,155579,2,5,5,0,0,0,0,0,0,17,0.033333333,0,0,0,0,0,0,0,0,0,0,1,5,0
168069,20,91935,1,20,4,8,0,3,0,6,3,26,0.033333333,0,0,0,0,0,0,0,0,0,0,11,20,0
168070,41,155579,1,41,6,9,5,4,6,10,4,17,0.033333333,0,0,0,0,0,0,0,0,0,0,13,41,0
168073,1,155579,1,1,1,0,0,0,0,0,0,17,0.033333333,0,0,0,0,0,0,0,0,0,0,1,1,0
168074,36,91935,3,12,4,2,0,1,2,2,2,26,0.033333333,0,0,0,0,0,0,0,0,0,0,7,12,0
168080,763,91935,7,2,2,0,0,0,0,0,0,26,0.033333333,0,0,0,0,0,0,0,0,0,0,1,2,0
168083,14,155579,1,14,6,3,0,2,0,3,2,17,0.033333333,0,0,0,0,0,0,0,0,0,0,8,14,0
168084,245,155579,3,1,1,0,0,0,0,0,0,17,0.033333333,0,0,0,0,0,0,0,0,0,0,1,1,0
168085,2,91935,1,2,2,0,0,0,0,0,0,26,0.033333333,0,0,0,0,0,0,0,0,0,0,1,2,0
168094,53,91935,3,8,3,4,0,1,0,1,0,26,0.066666667,0,0,0,0,0,0,4,0,0,0,5,4,0
168105,724,91935,2,2,2,0,0,0,0,0,0,26,0.033333333,0,0,0,0,0,0,0,0,0,0,1,2,0
168107,2,155579,1,2,2,0,0,0,0,0,0,17,0.033333333,0,0,0,0,0,0,0,0,0,0,1,2,0
168108,276,89830,6,57,9,15,4,9,3,14,7,108,0.166666667,0,0,0,0,0,0,0,6,0,0,15,2,12
168111,13,91935,1,13,3,6,0,3,0,4,0,26,0.066666667,0,0,0,0,0,0,0,0,0,0,7,5,8
168115,7,155579,1,7,2,2,0,1,0,2,1,17,0.033333333,0,0,0,0,0,0,0,0,0,0,5,7,0
168141,77,91935,2,1,1,0,0,0,0,0,0,26,0.033333333,0,0,0,0,0,0,0,0,0,0,1,1,0
168150,1,155579,1,1,1,0,0,0,0,0,0,17,0.033333333,0,0,0,0,0,0,0,0,0,0,1,1,0
168152,367,91935,4,151,15,19,84,16,3,17,7,26,0.133333333,0,53,0,0,0,19,0,0,0,0,36,77,0
168155,10,155579,1,10,3,4,0,1,1,3,1,17,0.033333333,0,0,0,0,0,0,0,0,0,0,6,10,0
168160,99,91935,3,20,6,5,0,3,2,3,2,26,0.033333333,0,0,0,0,0,0,0,0,0,0,8,20,0
168163,76,91935,3,1,1,0,0,0,0,0,0,26,0.033333333,0,0,0,0,0,0,0,0,0,0,1,1,0
168171,12,91935,2,1,1,0,0,0,0,0,0,26,0.033333333,0,0,0,0,0,0,0,0,0,0,1,1,0
168177,18,907118,1,18,6,3,0,2,4,3,1,19,0.033333333,0,0,18,0,0,0,0,0,0,0,9,18,0
168181,3,38356,1,3,3,0,0,0,0,0,0,65,0.033333333,0,0,0,0,0,0,0,0,0,0,2,3,0
168184,19,156596,1,19,1,12,0,0,0,15,2,224,0.033333333,0,0,0,0,0,0,0,0,0,0,7,19,0
168189,11,208752,1,11,1,4,0,3,0,3,3,24,0.033333333,0,0,0,0,0,0,0,0,0,0,6,11,0
168194,354,907118,1,354,33,95,26,85,10,107,57,19,0.066666667,0,0,0,115,239,0,0,0,0,0,80,115,239
168201,1,907118,1,1,1,0,0,0,0,0,0,19,0.033333333,0,0,0,1,0,0,0,0,0,0,1,1,0
168205,12,208752,1,12,2,4,0,2,0,3,2,24,0.033333333,0,0,0,0,0,0,0,0,0,0,7,12,0
168210,23,907118,2,2,2,0,0,0,0,0,0,19,0.033333333,0,0,0,2,0,0,0,0,0,0,1,2,0
168213,1,907118,1,1,1,0,0,0,0,0,0,19,0.033333333,0,0,0,1,0,0,0,0,0,0,1,1,0
168225,18,907118,1,18,6,6,0,3,3,2,0,19,0.033333333,0,0,0,18,0,0,0,0,0,0,9,18,0
168229,1,156596,1,1,1,0,0,0,0,0,0,224,0.033333333,0,0,0,0,0,0,0,0,0,0,1,1,0
168231,17,907118,1,17,9,3,0,2,1,2,1,19,0.033333333,0,0,0,17,0,0,0,0,0,0,8,17,0
168256,13,38356,2,6,2,3,0,1,0,2,0,65,0.033333333,0,0,0,0,0,0,0,0,0,0,4,6,0
168258,12,156596,1,12,5,3,0,2,0,3,2,224,0.033333333,0,0,0,0,0,0,0,0,0,0,9,12,0
168264,12,208752,1,12,1,2,0,1,0,5,4,24,0.033333333,0,0,0,0,0,0,0,0,0,0,6,12,0
168273,662,195289,3,1,1,0,0,0,0,0,0,105,0.033333333,0,0,0,0,0,0,0,0,0,0,1,1,0
168277,1,156596,1,1,1,0,0,0,0,0,0,224,0.033333333,0,0,0,0,0,0,0,0,0,0,1,1,0
168298,108,156596,1,108,10,24,13,16,0,57,0,224,0.1,0,0,0,0,0,0,0,0,0,0,13,14,0
168301,156,156596,2,68,1,10,12,9,0,29,13,224,0.066666667,0,0,0,0,0,0,0,0,0,0,22,22,46
168302,3,907118,2,2,2,0,0,0,0,0,0,19,0.066666667,0,0,0,1,0,0,0,0,0,0,2,1,0
168310,57,195289,7,30,6,12,0,7,0,7,5,105,0.066666667,0,0,0,0,0,0,0,0,0,0,11,23,7
168324,34,907118,1,34,3,12,1,11,0,12,5,19,0.033333333,0,0,0,34,0,0,0,0,0,0,19,34,0
168330,54,156596,1,54,7,12,4,3,1,22,10,224,0.066666667,0,0,0,0,0,0,0,0,0,0,19,9,0
168331,26,208752,1,26,3,9,0,1,0,16,5,24,0.033333333,0,0,0,0,0,0,0,0,0,0,11,26,0
168332,119,907118,2,113,6,39,1,36,0,39,27,19,0.066666667,0,0,0,108,5,0,0,0,0,0,57,108,5
168333,25,907118,1,25,2,9,0,8,0,8,6,19,0.033333333,0,0,0,25,0,0,0,0,0,0,12,25,0
168334,153,38356,2,15,2,6,0,1,0,8,3,65,0.033333333,0,0,0,0,0,0,0,0,0,0,7,15,0
168342,86,38356,3,1,1,0,0,0,0,0,0,65,0.033333333,0,0,0,0,0,0,0,0,0,0,1,1,0
168354,29,38356,2,10,2,2,0,1,0,3,3,65,0.033333333,0,0,0,0,0,0,0,0,0,0,7,10,0
168355,288,907118,2,212,15,88,10,62,0,69,29,19,0.166666667,0,0,0,48,0,0,0,0,0,0,52,98,60
168365,29,907118,1,29,12,7,0,5,2,5,1,19,0.033333333,0,0,0,29,0,0,0,0,0,0,10,29,0
168374,26,907118,6,1,1,0,0,0,0,0,0,19,0.033333333,0,0,0,1,0,0,0,0,0,0,1,1,0
168382,18,208752,3,5,1,2,0,1,0,1,1,24,0.033333333,0,0,0,0,0,0,0,0,0,0,4,5,0
168390,113,907118,1,113,25,37,0,25,8,20,14,19,0.1,0,0,0,36,50,0,0,27,0,0,20,36,50
168391,43,907118,1,43,9,23,0,5,2,16,2,19,0.066666667,0,0,0,1,0,0,0,0,42,0,11,1,0
168396,1,907118,1,1,1,0,0,0,0,0,0,19,0.033333333,0,0,0,1,0,0,0,0,0,0,1,1,0
168404,116,907118,2,45,7,20,0,14,0,8,4,19,0.033333333,0,0,0,45,0,0,0,0,0,0,10,45,0
168423,10,907118,1,10,3,3,0,2,1,2,1,19,0.033333333,0,0,0,10,0,0,0,0,0,0,6,10,0
168429,2859,208752,16,46,2,5,17,4,0,11,6,24,0.033333333,0,0,0,0,0,0,0,0,0,0,23,46,0
168439,17,907118,2,9,2,4,0,3,0,3,0,19,0.033333333,0,0,0,9,0,0,0,0,0,0,6,9,0
168440,379,907118,3,1,1,0,0,0,0,0,0,19,0.033333333,0,0,0,1,0,0,0,0,0,0,1,1,0
168449,258,156596,4,1,1,0,0,0,0,0,0,224,0.033333333,0,0,0,0,0,0,0,0,0,0,1,1,0
168452,13,156596,1,13,1,4,0,3,0,4,4,224,0.033333333,0,0,0,0,0,0,0,0,0,0,7,13,0
168455,444,195289,8,67,1,10,28,2,0,20,7,105,0.033333333,0,0,0,0,0,0,0,0,0,0,19,67,0
168466,21,208752,1,21,1,4,3,3,0,7,5,24,0.033333333,0,0,0,0,0,0,0,0,0,0,11,21,0
168470,56,208752,1,56,4,13,6,8,2,19,12,24,0.066666667,0,0,0,0,0,0,0,0,0,0,18,51,5
168486,1,907118,1,1,1,0,0,0,0,0,0,19,0.033333333,0,0,0,1,0,0,0,0,0,0,1,1,0
168497,3,907118,1,3,1,2,0,0,0,1,0,19,0.033333333,0,0,0,3,0,0,0,0,0,0,3,3,0
168513,1731,907118,9,22,4,8,1,6,2,5,0,19,0.033333333,0,0,0,22,0,0,0,0,0,0,11,22,0
168527,30,907118,1,30,2,15,0,7,0,15,5,19,0.033333333,0,0,0,30,0,0,0,0,0,0,17,30,0
168528,7,38356,1,7,1,3,0,1,0,2,1,65,0.033333333,0,0,0,0,0,0,0,0,0,0,4,7,0
168542,68,156596,2,63,5,6,14,5,0,24,11,224,0.033333333,0,0,0,0,0,0,0,0,0,0,16,63,0
168549,3,195289,2,2,2,0,0,0,0,0,0,105,0.033333333,0,0,0,0,0,0,0,0,0,0,2,2,0
168558,68,38356,2,5,5,0,0,0,0,0,0,65,0.033333333,0,0,0,0,0,0,0,0,0,0,2,5,0
168576,690,208752,4,25,6,9,0,6,0,4,3,24,0.1,0,0,0,0,0,0,0,0,0,0,9,1,0
168586,692,208752,3,9,3,2,0,2,1,2,0,24,0.066666667,0,0,0,0,0,0,1,0,0,0,6,8,0
168587,1,907118,1,1,1,0,0,0,0,0,0,19,0.033333333,0,0,0,1,0,0,0,0,0,0,1,1,0
168593,10,38356,1,10,6,2,0,1,0,1,0,65,0.033333333,0,0,0,0,0,0,0,0,0,0,7,10,0
168603,20,907118,1,20,4,9,0,5,0,6,1,19,0.033333333,0,0,0,20,0,0,0,0,0,0,8,20,0
168606,5,907118,1,5,2,2,0,1,0,1,0,19,0.033333333,0,0,0,5,0,0,0,0,0,0,4,5,0
168610,126,907118,1,126,11,50,9,37,0,33,16,19,0.233333333,0,0,0,10,12,0,0,38,0,0,48,6,92
168624,2,156596,2,1,1,0,0,0,0,0,0,224,0.033333333,0,0,0,0,0,0,0,0,0,0,1,1,0
168628,73,195289,1,73,8,7,14,7,0,25,14,105,0.1,0,0,0,0,0,0,0,0,0,0,23,4,0
168644,79,208752,1,79,4,11,11,8,1,32,19,24,0.066666667,0,0,0,0,0,0,0,0,0,0,35,28,0
168647,9,156596,1,9,3,4,0,1,0,3,1,224,0.033333333,0,0,0,0,0,0,0,0,0,0,6,9,0
168655,97,156596,1,97,7,13,22,9,9,30,8,224,0.033333333,0,0,0,0,0,0,0,0,0,0,25,97,0
168702,166,156596,4,147,9,12,26,9,14,49,23,224,0.066666667,0,0,0,0,0,0,0,0,0,0,40,37,0
168703,16,156596,1,16,1,6,3,2,0,6,2,224,0.033333333,0,0,0,0,0,0,0,0,0,0,7,16,0
168716,43,907118,1,43,5,16,2,10,0,13,8,19,0.1,0,0,0,21,15,0,0,0,0,0,28,7,21
168726,99,38356,2,2,2,0,0,0,0,0,0,65,0.033333333,0,0,0,0,0,0,0,0,0,0,1,2,0
168731,556,156596,14,16,4,5,0,3,0,3,3,224,0.066666667,0,0,0,0,0,0,0,0,0,0,7,2,0
168733,68,208752,1,68,5,12,5,9,2,26,16,24,0.066666667,0,0,0,0,0,0,0,0,0,0,20,14,54
168734,32,208752,1,32,1,8,0,7,0,14,9,24,0.033333333,0,0,0,0,0,0,0,0,0,0,13,32,0
168735,521,156596,5,1,1,0,0,0,0,0,0,224,0.033333333,0,0,0,0,0,0,0,0,0,0,1,1,0
168748,59,907118,1,59,4,21,1,19,1,20,11,19,0.033333333,0,0,0,0,59,0,0,0,0,0,30,59,0
168749,28,907118,1,28,2,10,0,9,0,9,0,19,0.033333333,0,0,0,0,28,0,0,0,0,0,9,28,0
168754,21,156596,1,21,5,6,0,4,0,7,4,224,0.033333333,0,0,0,0,0,0,0,0,0,0,8,21,0
168759,15,38356,1,15,2,5,0,4,0,4,4,65,0.033333333,0,0,0,0,0,0,0,0,0,0,10,15,0
168769,26,907118,1,26,11,6,0,4,2,3,1,19,0.033333333,0,0,0,0,26,0,0,0,0,0,10,26,0
168772,37,907118,2,25,4,8,0,7,0,7,4,19,0.033333333,0,0,0,0,25,0,0,0,0,0,16,25,0
168793,18,195289,1,18,4,8,0,4,1,3,1,105,0.033333333,0,0,0,0,0,0,0,0,0,0,7,18,0
168797,12,907118,1,12,4,4,0,3,0,3,1,19,0.066666667,0,0,0,0,11,0,0,0,0,0,8,1,0
168819,1181,38356,15,1,1,0,0,0,0,0,0,65,0.033333333,0,0,0,0,0,0,0,0,0,0,1,1,0
168828,17,38356,2,16,5,5,0,3,0,3,1,65,0.1,0,0,0,0,0,1,0,14,0,0,7,1,0
168853,81,195289,1,81,5,13,16,5,5,25,15,105,0.066666667,0,0,0,0,0,0,0,0,0,0,19,34,0
168856,5,208752,1,5,1,2,0,1,0,1,1,24,0.033333333,0,0,0,0,0,0,0,0,0,0,4,5,0
168868,1,38356,1,1,1,0,0,0,0,0,0,65,0.033333333,0,0,0,0,0,0,0,0,0,0,1,1,0
168871,19,156596,2,18,2,3,3,3,0,5,0,224,0.033333333,0,0,0,0,0,0,0,0,0,0,7,18,0
168875,21,907118,1,21,6,5,0,4,2,4,3,19,0.033333333,0,0,0,0,21,0,0,0,0,0,13,21,0
168884,21,907118,1,21,3,7,0,4,0,10,1,19,0.033333333,0,0,0,0,21,0,0,0,0,0,8,21,0
168899,7,156596,1,7,3,2,0,1,0,1,1,224,0.033333333,0,0,0,0,0,0,0,0,0,0,6,7,0
168901,18,156596,1,18,2,2,4,2,0,5,4,224,0.066666667,0,0,0,0,0,0,0,0,0,0,11,16,2
168906,38,907118,1,38,3,24,0,7,0,19,4,19,0.066666667,0,0,0,0,30,0,0,8,0,0,18,30,0
168910,651,156596,4,7,2,2,0,1,0,2,2,224,0.066666667,0,0,0,0,0,0,0,0,0,0,7,5,2
168912,1,195289,1,1,1,0,0,0,0,0,0,105,0.033333333,0,0,0,0,0,0,0,0,0,0,1,1,0
168942,31,208752,1,31,1,8,0,3,0,15,11,24,0.033333333,0,0,0,0,0,0,0,0,0,0,8,31,0
168943,2,195289,1,2,2,0,0,0,0,0,0,105,0.033333333,0,0,0,0,0,0,0,0,0,0,2,2,0
168951,43,907118,2,38,6,8,0,6,9,10,3,19,0.033333333,0,0,0,0,38,0,0,0,0,0,14,38,0
168984,16,38356,2,1,1,0,0,0,0,0,0,65,0.033333333,0,0,0,0,0,0,0,0,0,0,1,1,0
169007,313,907118,2,131,17,44,4,23,8,53,9,19,0.1,0,0,0,0,116,0,0,11,4,0,28,116,0
169024,23,907118,1,23,2,7,1,3,0,13,1,19,0.033333333,0,0,0,0,23,0,0,0,0,0,10,23,0
169038,444,156596,3,40,2,16,9,0,0,21,2,224,0.033333333,0,0,0,0,0,0,0,0,0,0,10,40,0
169047,2,156596,2,1,1,0,0,0,0,0,0,224,0.033333333,0,0,0,0,0,0,0,0,0,0,1,1,0
169062,85,195289,2,1,1,0,0,0,0,0,0,105,0.033333333,0,0,0,0,0,0,0,0,0,0,1,1,0
169067,809,156596,9,43,5,6,8,4,0,17,2,224,0.033333333,0,0,0,0,0,0,0,0,0,0,12,43,0
169096,35,195289,2,29,5,7,2,0,8,5,4,105,0.033333333,0,0,0,0,0,0,0,0,0,0,12,29,0
169110,8,208752,1,8,5,1,0,1,0,1,1,24,0.033333333,0,0,0,0,0,0,0,0,0,0,6,8,0
169113,1,156596,1,1,1,0,0,0,0,0,0,224,0.033333333,0,0,0,0,0,0,0,0,0,0,1,1,0
169120,35,156596,2,6,2,2,0,1,0,1,1,224,0.033333333,0,0,0,0,0,0,0,0,0,0,5,6,0
169122,3,156596,2,1,1,0,0,0,0,0,0,224,0.033333333,0,0,0,0,0,0,0,0,0,0,1,1,0
169126,5,38356,1,5,2,3,0,0,0,2,0,65,0.033333333,0,0,0,0,0,0,0,0,0,0,4,5,0
169133,1,208752,1,1,1,0,0,0,0,0,0,24,0.033333333,0,0,0,0,0,0,0,0,0,0,1,1,0
169145,13,907118,1,13,4,5,0,2,1,4,1,19,0.033333333,0,0,0,0,13,0,0,0,0,0,9,13,0
169178,1,208752,1,1,1,0,0,0,0,0,0,24,0.033333333,0,0,0,0,0,0,0,0,0,0,1,1,0
169183,626,195289,6,1,1,0,0,0,0,0,0,105,0.033333333,0,0,0,0,0,0,0,0,0,0,1,1,0
169188,113,195289,1,113,9,13,48,9,5,21,8,105,0.066666667,0,0,0,0,0,0,0,0,0,0,31,46,67
169222,71,38356,2,1,1,0,0,0,0,0,0,65,0.033333333,0,0,0,0,0,0,0,0,0,0,1,1,0
169223,10,907118,1,10,3,3,0,2,1,2,1,19,0.033333333,0,0,0,0,0,0,0,0,0,0,7,10,0
169229,1,195289,1,1,1,0,0,0,0,0,0,105,0.033333333,0,0,0,0,0,0,0,0,0,0,1,1,0
169230,66,208752,1,66,7,16,6,8,9,16,9,24,0.033333333,0,0,0,0,0,0,0,0,0,0,18,66,0
169245,34,907118,1,34,2,16,0,10,2,13,4,19,0.033333333,0,0,0,0,0,0,0,0,0,0,15,34,0
169250,1,208752,1,1,1,0,0,0,0,0,0,24,0.033333333,0,0,0,0,0,0,0,0,0,0,1,1,0
169278,5,907118,1,5,1,2,0,1,0,2,0,19,0.033333333,0,0,0,0,0,0,0,0,0,0,3,5,0
169284,10,907118,1,10,6,2,0,1,0,1,0,19,0.033333333,0,0,0,0,0,0,0,0,0,0,6,10,0
169285,7,208752,1,7,3,2,0,1,0,1,1,24,0.033333333,0,0,0,0,0,0,0,0,0,0,5,7,0
169299,13,208752,1,13,2,4,0,2,0,5,3,24,0.033333333,0,0,0,0,0,0,0,0,0,0,7,13,0
169304,89,195289,2,9,4,2,0,1,1,1,1,105,0.033333333,0,0,0,0,0,0,0,0,0,0,5,9,0
169314,80,208752,3,1,1,0,0,0,0,0,0,24,0.033333333,0,0,0,0,0,0,0,0,0,0,1,1,0
169319,45,907118,2,24,6,10,0,5,0,9,3,19,0.033333333,0,0,0,0,0,0,0,0,0,0,10,24,0
169333,26,907118,2,15,3,5,0,4,0,4,3,19,0.033333333,0,0,0,0,0,0,0,0,0,0,10,15,0
169341,223,907118,3,124,7,71,12,29,0,62,1,19,0.1,0,0,0,0,0,0,0,24,0,0,30,36,0
169343,1,208752,1,1,1,0,0,0,0,0,0,24,0.033333333,0,0,0,0,0,0,0,0,0,0,1,1,0
169346,123,38356,2,1,1,0,0,0,0,0,0,65,0.033333333,0,0,0,0,0,0,0,0,0,0,1,1,0
169348,1052,195289,3,1,1,0,0,0,0,0,0,105,0.033333333,0,0,0,0,0,0,0,0,0,0,1,1,0
169354,995,195289,4,10,3,3,0,2,0,2,2,105,0.033333333,0,0,0,0,0,0,0,0,0,0,7,10,0
169361,34,907118,2,25,6,11,0,7,0,10,1,19,0.033333333,0,0,0,0,0,0,0,0,0,0,10,25,0
169380,2,195289,1,2,2,0,0,0,0,0,0,105,0.033333333,0,0,0,0,0,0,0,0,0,0,2,2,0
169383,73,907118,2,72,12,37,0,17,3,22,2,19,0.033333333,0,0,0,0,0,0,0,0,0,0,11,72,0
169393,382,195289,4,111,4,15,34,11,12,28,8,105,0.033333333,0,0,0,0,0,0,0,0,0,0,32,111,0
169410,251,907118,2,2,2,0,0,0,0,0,0,19,0.033333333,0,0,0,0,0,0,0,0,0,0,1,2,0
169419,2,195289,1,2,2,0,0,0,0,0,0,105,0.033333333,0,0,0,0,0,0,0,0,0,0,2,2,0
169425,75,195289,2,29,4,18,0,4,2,9,1,105,0.033333333,0,0,0,0,0,0,0,0,0,0,11,29,0
169432,2,907118,2,1,1,0,0,0,0,0,0,19,0.033333333,0,0,0,0,0,0,0,0,0,0,1,1,0
169436,9,907118,1,9,3,3,0,2,0,2,1,19,0.033333333,0,0,0,0,0,0,0,0,0,0,7,9,0
169449,42,195289,1,42,9,15,0,10,1,8,6,105,0.066666667,0,0,0,0,0,0,0,0,0,0,21,25,17
169450,3,907118,1,3,3,0,0,0,0,0,0,19,0.033333333,0,0,0,0,0,0,0,0,0,0,3,3,0
169453,14,195289,1,14,7,3,0,2,0,2,2,105,0.033333333,0,0,0,0,0,0,0,0,0,0,8,14,0
169469,33,208752,2,32,3,3,9,2,0,10,7,24,0.033333333,0,0,0,0,0,0,0,0,0,0,17,32,0
169470,2,907118,1,2,2,0,0,0,0,0,0,19,0.033333333,0,0,0,0,0,0,0,0,0,0,2,2,0
169484,19,907118,1,19,1,8,0,6,0,7,4,19,0.033333333,0,0,0,0,0,0,0,0,0,0,9,19,0
169486,1031,38356,8,9,3,2,0,1,0,2,2,65,0.066666667,0,0,0,0,0,0,0,0,0,0,6,7,0
169490,123,208752,2,107,9,32,17,7,0,55,13,24,0.033333333,0,0,0,0,0,0,0,0,0,0,20,107,0
169496,48,907118,1,48,12,14,0,13,1,13,6,19,0.033333333,0,0,0,0,0,0,0,0,0,0,17,48,0
169497,12,195289,1,12,6,1,0,1,2,1,1,105,0.033333333,0,0,0,0,0,0,0,0,0,0,6,12,0
169521,331,208752,2,235,23,38,34,25,16,63,41,24,0.133333333,0,0,0,0,0,0,0,0,0,0,53,14,0
169553,97,195289,4,6,2,2,0,1,0,1,1,105,0.033333333,0,0,0,0,0,0,0,0,0,0,5,6,0
169578,984,38356,5,1,1,0,0,0,0,0,0,65,0.033333333,0,0,0,0,0,0,0,0,0,0,1,1,0
169580,29,907118,1,29,4,14,0,8,0,9,3,19,0.033333333,0,0,0,0,0,0,0,0,0,0,10,29,0
169611,471,195289,2,12,2,4,0,3,0,3,3,105,0.033333333,0,0,0,0,0,0,0,0,0,0,9,12,0
169612,375,208752,3,1,1,0,0,0,0,0,0,24,0.033333333,0,0,0,0,0,0,0,0,0,0,1,1,0
169617,1,907118,1,1,1,0,0,0,0,0,0,19,0.033333333,0,0,0,0,0,0,0,0,0,0,1,1,0
169618,6,907118,1,6,3,0,0,0,2,0,0,19,0.033333333,0,0,0,0,0,0,0,0,0,0,4,6,0
169627,3,195289,2,2,2,0,0,0,0,0,0,105,0.033333333,0,0,0,0,0,0,0,0,0,0,2,2,0
169630,51,195289,3,26,7,5,0,4,0,10,3,105,0.033333333,0,0,0,0,0,0,0,0,0,0,10,26,0
169660,12,208752,4,1,1,0,0,0,0,0,0,24,0.033333333,0,0,0,0,0,0,0,0,0,0,1,1,0
169663,132,907118,1,132,3,37,27,29,0,54,11,19,0.2,0,0,0,0,0,0,0,0,0,0,27,10,36
169667,354,907118,6,20,3,11,0,6,0,4,0,19,0.033333333,0,0,0,0,0,0,0,0,0,0,9,20,0
169679,13,38356,1,13,6,3,0,2,0,3,2,65,0.033333333,0,0,0,0,0,0,0,0,0,0,6,13,0
169690,10,907118,2,3,3,0,0,0,0,0,0,19,0.033333333,0,0,0,0,0,0,0,0,0,0,3,3,0
169691,10,195289,2,1,1,0,0,0,0,0,0,105,0.033333333,0,0,0,0,0,0,0,0,0,0,1,1,0
169698,7,208752,2,6,3,1,0,1,0,1,1,24,0.033333333,0,0,0,0,0,0,0,0,0,0,6,6,0
169702,23,38356,1,23,2,8,6,0,0,12,0,65,0.033333333,0,0,0,0,0,0,0,0,0,0,8,23,0
169710,222,74042,7,1,1,0,0,0,0,0,0,27,0.033333333,0,0,1,0,0,0,0,0,0,0,1,1,0
169716,1,74042,1,1,1,0,0,0,0,0,0,27,0.033333333,0,0,1,0,0,0,0,0,0,0,1,1,0
169731,46,74042,2,12,2,4,0,3,0,3,3,27,0.033333333,0,0,12,0,0,0,0,0,0,0,7,12,0
169736,25,457932,1,25,6,8,2,4,1,5,2,21,0.033333333,0,0,25,0,0,0,0,0,0,0,13,25,0
169738,259,46603,5,8,3,2,0,1,1,1,1,5,0.033333333,0,0,0,0,0,0,0,0,0,0,6,8,0
169763,90,878119,4,86,17,62,2,2,1,50,1,20,0.033333333,0,0,0,0,0,0,0,0,0,0,24,86,0
169773,7,110497,1,7,3,2,0,1,0,1,1,24,0.033333333,0,0,0,0,0,7,0,0,0,0,5,7,0
169776,1,878119,1,1,1,0,0,0,0,0,0,20,0.033333333,0,0,0,0,0,0,0,0,0,0,1,1,0
169780,27,247683,1,27,5,14,8,0,0,7,0,23,0.066666667,0,0,0,0,18,0,0,0,0,0,15,9,0
169785,32,457932,1,32,5,12,2,8,0,7,5,21,0.066666667,0,0,1,31,0,0,0,0,0,0,14,1,31
169794,81,127749,5,5,2,2,0,1,0,1,0,102,0.033333333,0,0,5,0,0,0,0,0,0,0,4,5,0
169799,14,250865,3,2,2,0,0,0,0,0,0,34,0.033333333,0,0,2,0,0,0,0,0,0,0,1,2,0
169803,44,457932,1,44,3,23,14,3,0,20,0,21,0.066666667,0,0,0,29,0,0,0,0,0,0,17,15,0
169806,20,334927,3,1,1,0,0,0,0,0,0,7,0.033333333,0,0,0,0,0,0,0,0,0,0,1,1,0
169832,90,334927,4,2,2,0,0,0,0,0,0,7,0.033333333,0,0,0,0,0,0,0,0,0,0,1,2,0
169840,10,878119,1,10,2,4,0,3,0,3,1,20,0.033333333,0,0,0,0,0,0,0,0,0,0,7,10,0
169844,426,457932,3,67,3,16,14,9,18,16,6,21,0.033333333,0,0,0,67,0,0,0,0,0,0,22,67,0
169865,5,148500,1,5,2,2,0,1,0,1,0,29,0.033333333,0,0,0,0,0,0,0,0,0,0,3,5,0
169875,2,127749,1,2,2,0,0,0,0,0,0,102,0.033333333,0,0,2,0,0,0,0,0,0,0,2,2,0
169880,27,334927,1,27,9,10,4,2,0,10,1,7,0.066666667,0,0,0,0,0,0,0,0,0,0,15,6,0
169883,370,34988,3,6,2,2,0,1,0,1,1,108,0.033333333,0,0,0,0,0,0,0,0,0,0,5,6,0
169886,35,457932,2,1,1,0,0,0,0,0,0,21,0.033333333,0,0,0,1,0,0,0,0,0,0,1,1,0
169894,429,878119,4,12,2,6,0,4,0,3,0,20,0.066666667,0,0,0,0,0,0,0,0,0,0,6,4,0
169901,33,878119,3,23,3,14,0,2,1,12,2,20,0.066666667,0,0,0,0,0,0,0,0,0,0,13,17,0
169904,26,334927,2,25,6,7,0,6,0,9,2,7,0.033333333,0,0,0,0,0,0,0,0,0,0,11,25,0
169909,12,878119,2,1,1,0,0,0,0,0,0,20,0.033333333,0,0,0,0,0,0,0,0,0,0,1,1,0
169921,1,878119,1,1,1,0,0,0,0,0,0,20,0.033333333,0,0,0,0,0,0,0,0,0,0,1,1,0
169929,7,334927,4,2,2,0,0,0,0,0,0,7,0.033333333,0,0,0,0,0,0,0,0,0,0,2,2,0
169931,7,346877,4,2,2,0,0,0,0,0,0,9,0.033333333,0,0,0,0,0,2,0,0,0,0,2,2,0
169938,73,346877,3,46,5,20,0,12,0,15,9,9,0.066666667,0,0,0,0,30,16,0,0,0,0,12,30,16
169939,19,878119,1,19,4,8,0,5,0,5,2,20,0.033333333,0,0,0,0,0,0,0,0,0,0,9,19,0
169948,26,878119,1,26,6,14,0,3,0,7,3,20,0.133333333,4,0,0,0,0,0,0,0,0,0,12,9,7
169956,14,250865,1,14,1,5,0,3,0,6,2,34,0.033333333,0,0,14,0,0,0,0,0,0,0,5,14,0
169958,29,334927,1,29,6,15,0,2,4,10,1,7,0.033333333,0,0,0,0,0,0,0,0,0,0,13,29,0
169960,158,457932,2,52,2,26,2,12,0,21,10,21,0.066666667,0,0,0,33,0,0,0,0,0,0,24,19,33
169983,136,346877,4,18,3,9,0,1,0,11,0,9,0.066666667,0,0,0,0,1,17,0,0,0,0,9,1,17
169991,24,86829,2,1,1,0,0,0,0,0,0,63,0.033333333,0,0,0,0,0,1,0,0,0,0,1,1,0
169992,15,127749,1,15,2,5,0,4,0,4,4,102,0.033333333,0,0,15,0,0,0,0,0,0,0,8,15,0
170004,4,878119,1,4,2,2,0,0,0,1,0,20,0.033333333,0,0,0,0,0,0,0,0,0,0,4,4,0
170025,364,85168,16,2,2,0,0,0,0,0,0,139,0.066666667,0,0,0,0,1,1,0,0,0,0,1,1,1
170035,1,878119,1,1,1,0,0,0,0,0,0,20,0.033333333,0,0,0,0,0,0,0,0,0,0,1,1,0
170042,79,110497,9,12,2,6,0,3,0,5,1,24,0.033333333,0,0,0,0,0,12,0,0,0,0,9,12,0
170044,6,127749,1,6,2,4,0,0,0,2,0,102,0.033333333,0,0,6,0,0,0,0,0,0,0,4,6,0
170050,83,457932,1,83,10,17,8,12,23,12,10,21,0.1,0,0,0,6,0,0,0,0,0,0,24,64,13
170052,183,346877,3,8,3,3,0,1,1,2,0,9,0.033333333,0,0,0,0,0,8,0,0,0,0,4,8,0
170055,183,878119,3,1,1,0,0,0,0,0,0,20,0.033333333,0,0,0,0,0,0,0,0,0,0,1,1,0
170062,25,878119,1,25,1,9,2,8,0,8,5,20,0.033333333,0,0,0,0,0,0,0,0,0,0,16,25,0
170063,446,457932,6,12,3,4,0,3,0,3,2,21,0.066666667,0,11,0,1,0,0,0,0,0,0,8,11,0
170064,12,878119,1,12,5,3,0,2,0,4,1,20,0.033333333,0,0,0,0,0,0,0,0,0,0,7,12,0
170067,168,346877,2,1,1,0,0,0,0,0,0,9,0.033333333,0,0,0,0,0,1,0,0,0,0,1,1,0
170074,1,346877,1,1,1,0,0,0,0,0,0,9,0.033333333,0,0,0,0,0,1,0,0,0,0,1,1,0
170084,14,878119,1,14,9,1,0,1,1,1,1,20,0.033333333,0,0,0,0,0,0,0,0,0,0,9,14,0
170089,26,878119,2,16,3,7,0,4,0,4,2,20,0.033333333,0,0,0,0,0,0,0,0,0,0,9,16,0
170108,30,457932,3,3,3,0,0,0,0,0,0,21,0.033333333,0,0,0,3,0,0,0,0,0,0,2,3,0
170124,75,878119,1,75,15,19,9,15,3,16,6,20,0.033333333,0,0,0,0,0,0,0,0,0,0,19,75,0
170164,21,878119,2,7,2,3,0,1,0,2,1,20,0.033333333,0,0,0,0,0,0,0,0,0,0,6,7,0
170173,1,878119,1,1,1,0,0,0,0,0,0,20,0.033333333,0,0,0,0,0,0,0,0,0,0,1,1,0
170187,43,878119,2,4,4,0,0,0,0,0,0,20,0.033333333,0,0,0,0,0,0,0,0,0,0,3,4,0
170203,2,334927,2,1,1,0,0,0,0,0,0,7,0.033333333,0,0,0,0,0,0,0,0,0,0,1,1,0
170245,29,346877,3,18,2,5,0,3,4,5,3,9,0.033333333,0,0,0,0,0,18,0,0,0,0,7,18,0
170247,1202,148500,10,22,3,3,5,2,5,3,2,29,0.066666667,0,0,0,0,0,0,0,0,0,0,9,21,1
170253,13,42723,3,2,2,0,0,0,0,0,0,6,0.033333333,0,0,0,0,0,2,0,0,0,0,2,2,0
170263,139,188602,1,139,23,29,32,22,0,28,13,96,0.1,0,0,2,0,0,65,0,0,0,0,34,72,0
170269,150,457932,3,43,6,8,3,6,8,5,4,21,0.033333333,0,0,0,43,0,0,0,0,0,0,13,43,0
170273,11,878119,1,11,3,6,0,2,0,3,0,20,0.033333333,0,0,0,0,0,0,0,0,0,0,5,11,0
170291,724,878119,5,1,1,0,0,0,0,0,0,20,0.033333333,0,0,0,0,0,0,0,0,0,0,1,1,0
170296,25,34988,1,25,3,9,0,4,1,11,3,108,0.033333333,0,0,0,0,0,0,0,0,0,0,7,25,0
170306,43,346877,2,42,7,7,13,5,1,9,2,9,0.033333333,0,0,0,0,0,42,0,0,0,0,16,42,0
170340,52,85168,3,2,2,0,0,0,0,0,0,139,0.033333333,0,0,0,0,0,2,0,0,0,0,1,2,0
170345,20,110497,6,1,1,0,0,0,0,0,0,24,0.033333333,0,0,0,0,0,1,0,0,0,0,1,1,0
170347,20,148500,6,1,1,0,0,0,0,0,0,29,0.033333333,0,0,0,0,0,0,0,0,0,0,1,1,0
170348,7,878119,1,7,4,0,0,0,3,0,0,20,0.033333333,0,0,0,0,0,0,0,0,0,0,4,7,0
170350,19,878119,1,19,10,4,0,2,1,1,0,20,0.033333333,0,0,0,0,0,0,0,0,0,0,8,19,0
170359,59,878119,1,59,16,25,0,12,0,10,6,20,0.066666667,0,0,0,0,0,0,0,0,0,0,14,24,0
170360,75,878119,3,56,7,17,6,17,0,20,4,20,0.033333333,0,0,0,0,0,0,0,0,0,0,17,56,0
170366,8,346877,4,2,2,0,0,0,0,0,0,9,0.033333333,0,0,0,0,0,2,0,0,0,0,2,2,0
170371,8,250865,4,1,1,0,0,0,0,0,0,34,0.033333333,0,0,1,0,0,0,0,0,0,0,1,1,0
170397,40,127749,6,2,2,0,0,0,0,0,0,102,0.033333333,0,0,2,0,0,0,0,0,0,0,2,2,0
170398,24,250865,2,23,2,7,0,0,0,16,0,34,0.033333333,0,0,23,0,0,0,0,0,0,0,7,23,0
170406,5,878119,1,5,3,1,0,1,0,1,0,20,0.033333333,0,0,0,0,0,0,0,0,0,0,5,5,0
170414,2,878119,1,2,2,0,0,0,0,0,0,20,0.033333333,0,0,0,0,0,0,0,0,0,0,2,2,0
170438,17,250865,1,17,9,5,0,2,0,2,1,34,0.066666667,0,0,4,0,0,0,0,0,0,0,7,13,0
170450,1081,27035,12,1,1,0,0,0,0,0,0,60,0.033333333,0,0,0,1,0,0,0,0,0,0,1,1,0
170467,15,86829,4,1,1,0,0,0,0,0,0,63,0.033333333,0,0,0,0,0,1,0,0,0,0,1,1,0
170469,15,127749,4,1,1,0,0,0,0,0,0,102,0.033333333,0,0,1,0,0,0,0,0,0,0,1,1,0
170470,32,250865,2,1,1,0,0,0,0,0,0,34,0.033333333,0,0,1,0,0,0,0,0,0,0,1,1,0
170478,4,878119,1,4,2,2,0,0,0,1,0,20,0.033333333,0,0,0,0,0,0,0,0,0,0,4,4,0
170480,17,457932,1,17,4,7,0,4,0,4,2,21,0.033333333,0,0,0,17,0,0,0,0,0,0,8,17,0
170481,17,34988,2,16,4,3,3,0,0,4,0,108,0.033333333,0,0,0,0,0,0,0,0,0,0,6,16,0
170482,35,457932,1,35,9,13,1,7,0,8,5,21,0.1,0,0,9,15,0,0,0,0,11,0,13,9,15
170484,20,42723,1,20,7,9,0,2,0,3,1,6,0.033333333,0,0,0,0,0,20,0,0,0,0,7,20,0
170494,5,878119,1,5,3,0,0,0,1,0,0,20,0.033333333,0,0,0,0,0,0,0,0,0,0,4,5,0
170512,11,346877,2,2,2,0,0,0,0,0,0,9,0.033333333,0,0,0,0,0,2,0,0,0,0,2,2,0
170518,13,334927,2,2,2,0,0,0,0,0,0,7,0.033333333,0,0,0,0,0,0,0,0,0,0,2,2,0
170519,40,247683,3,7,2,3,0,1,0,2,1,23,0.033333333,0,0,0,0,0,7,0,0,0,0,6,7,0
170521,19,250865,1,19,2,6,0,3,0,7,2,34,0.066666667,0,0,7,0,0,0,0,0,0,0,5,12,0
170538,7,346877,1,7,2,3,0,1,0,2,1,9,0.033333333,0,0,0,0,0,7,0,0,0,0,6,7,0
170554,1,85576,1,1,1,0,0,0,0,0,0,54,0.033333333,0,0,0,0,0,1,0,0,0,0,1,1,0
170559,7,127749,1,7,3,2,0,1,0,1,1,102,0.033333333,0,0,7,0,0,0,0,0,0,0,5,7,0
170564,6,878119,1,6,3,2,0,1,0,1,0,20,0.033333333,0,0,0,0,0,0,0,0,0,0,4,6,0
170569,651,34988,4,5,1,2,0,1,0,1,1,108,0.033333333,0,0,0,0,0,0,0,0,0,0,4,5,0
170579,6,878119,1,6,1,4,0,1,0,3,0,20,0.033333333,0,0,0,0,0,0,0,0,0,0,4,6,0
170593,162,127749,5,13,3,4,0,3,0,3,3,102,0.066666667,0,0,11,2,0,0,0,0,0,0,7,11,2
170605,24,457932,1,24,2,12,0,6,0,9,4,21,0.066666667,0,0,0,16,0,0,0,0,0,0,8,8,0
170617,14,188602,5,1,1,0,0,0,0,0,0,96,0.033333333,0,0,0,0,0,1,0,0,0,0,1,1,0
170643,14,878119,1,14,2,12,0,0,0,11,0,20,0.033333333,0,0,0,0,0,0,0,0,0,0,11,14,0
170663,24,46603,3,6,2,2,0,1,0,1,1,5,0.033333333,0,0,6,0,0,0,0,0,0,0,5,6,0
170707,154,21216,4,6,2,2,0,1,0,1,1,19,0.033333333,0,0,0,0,0,0,0,0,0,0,5,6,0
170714,304,21216,3,104,4,12,73,0,0,16,0,19,0.066666667,0,0,0,0,0,0,0,0,0,0,28,48,56
170716,260,21216,2,5,1,2,0,1,0,1,1,19,0.033333333,0,0,0,0,0,0,0,0,0,0,4,5,0
170722,1,148500,1,1,1,0,0,0,0,0,0,29,0.033333333,0,0,0,0,0,0,0,1,0,0,1,1,0
170743,3,148500,1,3,3,0,0,0,0,0,0,29,0.033333333,0,0,0,0,0,0,0,3,0,0,3,3,0
170746,2,21216,1,2,2,0,0,0,0,0,0,19,0.033333333,0,0,0,0,0,0,0,0,0,0,2,2,0
170751,19,148500,2,1,1,0,0,0,0,0,0,29,0.033333333,0,0,0,0,0,0,0,1,0,0,1,1,0
170759,22,21216,3,1,1,0,0,0,0,0,0,19,0.033333333,0,0,0,0,0,0,0,0,0,0,1,1,0
170775,43,148039,2,6,1,3,0,1,0,2,1,18,0.033333333,0,0,0,0,0,0,0,0,0,0,4,6,0
170784,13,148039,1,13,3,3,0,1,0,5,3,18,0.033333333,0,0,0,0,0,0,0,0,0,0,8,13,0
170792,33,221833,2,5,1,2,0,1,0,1,1,58,0.033333333,0,0,0,0,0,0,0,0,0,0,4,5,0
170803,3,148039,2,1,1,0,0,0,0,0,0,18,0.033333333,0,0,0,0,0,0,0,0,0,0,1,1,0
170809,1150,208752,4,31,3,13,0,4,0,13,6,24,0.033333333,0,0,0,0,0,0,31,0,0,0,7,31,0
170812,41,652701,1,41,7,7,13,4,3,0,0,3,0.033333333,0,0,0,0,0,0,0,0,0,0,10,41,0
170836,7,41550,2,1,1,0,0,0,0,0,0,21,0.033333333,0,0,0,0,0,0,0,0,0,0,1,1,0
170847,47,652701,1,47,4,2,22,1,0,0,0,3,0.033333333,0,0,0,0,0,0,0,0,0,0,6,47,0
170866,3,195289,3,1,1,0,0,0,0,0,0,105,0.033333333,0,0,0,0,0,0,0,1,0,0,1,1,0
170867,54,652701,1,54,10,17,1,0,6,0,0,3,0.066666667,0,0,0,0,0,0,0,0,0,0,9,39,15
170878,28,208752,1,28,3,3,6,3,0,8,5,24,0.033333333,0,0,0,0,0,0,28,0,0,0,13,28,0
170879,19,41550,6,9,2,4,0,3,0,3,0,21,0.033333333,0,0,0,0,0,0,0,0,0,0,6,9,0
170880,19,652701,6,1,1,0,0,0,0,0,0,3,0.033333333,0,0,0,0,0,0,0,0,0,0,1,1,0
170906,2,41550,1,2,2,0,0,0,0,0,0,21,0.033333333,0,0,0,0,0,0,0,0,0,0,2,2,0
170921,58,652701,1,58,5,5,32,1,3,0,0,3,0.033333333,0,0,0,0,0,0,0,0,0,0,9,58,0
170925,290,652701,3,56,7,17,6,12,0,9,7,3,0.1,0,0,27,0,0,0,0,0,0,0,24,29,0
170930,535,148039,2,7,3,2,0,1,0,1,1,18,0.033333333,0,0,0,0,0,0,0,0,0,0,4,7,0
170936,26,148039,1,26,2,6,5,2,0,10,2,18,0.033333333,0,0,0,0,0,0,0,0,0,0,9,26,0
170943,8,652701,1,8,1,2,0,1,0,0,0,3,0.033333333,0,0,0,0,0,0,0,0,0,0,4,8,0
170948,25,652701,1,25,9,1,0,1,12,0,0,3,0.033333333,0,0,0,0,0,0,0,0,0,0,7,25,0
170956,32,41550,3,20,4,3,0,2,10,2,1,21,0.066666667,0,0,0,0,0,0,0,0,0,0,6,7,0
170961,52,652701,1,52,15,11,0,8,2,0,0,3,0.033333333,0,0,0,0,0,0,0,0,0,0,9,52,0
170968,266,221833,2,53,7,16,4,10,0,13,5,58,0.1,0,0,0,0,0,0,0,0,0,0,17,22,0
170983,37,156596,1,37,6,13,7,0,4,9,1,224,0.033333333,0,0,0,0,0,0,0,0,0,0,11,37,0
170984,50,652701,1,50,7,13,11,4,0,0,0,3,0.033333333,0,0,0,0,0,0,0,0,0,0,8,50,0
170985,370,41550,3,1,1,0,0,0,0,0,0,21,0.033333333,0,0,0,0,0,0,0,0,0,0,1,1,0
170986,247,221833,3,33,6,12,0,7,3,6,3,58,0.066666667,0,0,0,0,0,0,0,0,0,0,13,18,15
170987,81,652701,5,9,3,2,1,1,0,0,0,3,0.033333333,0,0,0,0,0,0,0,0,0,0,6,9,0
170991,59,652701,1,59,15,19,1,13,0,11,9,3,0.066666667,0,0,0,51,0,0,0,0,0,0,25,8,0
170994,39,652701,1,39,10,15,0,8,3,0,0,3,0.1,0,0,0,0,0,0,0,0,0,0,9,32,0
170997,45,221833,2,12,2,4,0,3,0,3,2,58,0.033333333,0,0,0,0,0,0,0,0,0,0,9,12,0
171004,11,38356,3,1,1,0,0,0,0,0,0,65,0.033333333,0,0,0,0,1,0,0,0,0,0,1,1,0
171017,9,652701,1,9,2,2,0,1,0,0,0,3,0.033333333,0,0,0,0,0,0,0,0,0,0,5,9,0
171020,334,208752,4,8,1,3,0,2,0,2,2,24,0.033333333,0,0,0,0,0,0,8,0,0,0,6,8,0
171021,7,652701,1,7,2,2,0,0,0,0,0,3,0.033333333,0,0,0,0,0,0,0,0,0,0,5,7,0
171022,1,148039,1,1,1,0,0,0,0,0,0,18,0.033333333,0,0,0,0,0,0,0,0,0,0,1,1,0
171024,211,41550,2,12,4,3,0,2,1,3,1,21,0.033333333,0,0,0,0,0,0,0,0,0,0,6,12,0
171032,12,652701,1,12,3,2,2,1,0,0,0,3,0.033333333,0,0,0,0,0,0,0,0,0,0,5,12,0
171044,40,221833,2,26,2,5,2,5,0,9,7,58,0.033333333,0,0,0,0,0,0,0,0,0,0,8,26,0
171054,15,156596,1,15,2,8,0,1,0,10,1,224,0.033333333,0,0,0,0,0,0,0,0,0,0,5,15,0
171055,76,221833,3,44,2,7,9,6,4,13,7,58,0.033333333,0,0,0,0,0,0,0,0,0,0,20,44,0
171062,58,652701,2,40,8,8,3,5,1,0,0,3,0.066666667,0,0,0,0,0,0,0,0,0,0,9,30,10
171065,14,148039,1,14,4,5,0,3,0,2,1,18,0.066666667,0,0,0,0,0,0,0,0,0,0,6,7,0
171068,162,41550,5,2,2,0,0,0,0,0,0,21,0.066666667,0,0,0,0,0,0,0,0,0,0,1,1,0
171091,20,195289,1,20,5,6,0,4,1,3,3,105,0.066666667,0,0,0,0,0,0,0,3,0,0,10,17,3
171104,35,652701,1,35,5,5,0,1,21,0,0,3,0.066666667,0,0,0,0,0,0,0,0,0,0,8,5,30
171114,1,652701,1,1,1,0,0,0,0,0,0,3,0.033333333,0,0,0,0,0,0,0,0,0,0,1,1,0
171119,3,38356,3,1,1,0,0,0,0,0,0,65,0.033333333,0,0,0,0,1,0,0,0,0,0,1,1,0
171123,62,195289,2,38,14,11,0,6,1,7,5,105,0.033333333,0,0,0,0,0,0,0,38,0,0,16,38,0
171130,4,652701,1,4,1,3,0,0,0,0,0,3,0.033333333,0,0,0,0,0,0,0,0,0,0,3,4,0
171132,20,195289,2,16,2,5,0,5,0,5,4,105,0.033333333,0,0,0,0,0,0,0,16,0,0,10,16,0
171133,22,156596,1,22,6,4,0,3,0,6,6,224,0.066666667,0,0,0,0,0,0,0,0,0,0,9,20,2
171134,193,652701,2,78,11,17,28,9,1,0,0,3,0.033333333,0,0,0,0,0,0,0,0,0,0,8,78,0
171135,11,41550,1,11,5,2,0,2,2,2,0,21,0.033333333,0,0,0,0,0,0,0,0,0,0,5,11,0
171137,16,148039,1,16,1,5,1,4,0,5,3,18,0.033333333,0,0,0,0,0,0,0,0,0,0,8,16,0
171151,8,156596,1,8,1,3,0,2,0,2,2,224,0.066666667,0,0,0,0,0,0,0,0,0,0,6,3,5
171155,49,652701,1,49,14,6,10,4,3,0,0,3,0.033333333,0,0,0,0,0,0,0,0,0,0,10,49,0
171158,16,652701,1,16,4,2,3,1,2,0,0,3,0.033333333,0,0,0,0,0,0,0,0,0,0,7,16,0
171170,7,652701,1,7,3,2,0,1,0,0,0,3,0.066666667,0,0,0,0,0,0,0,0,0,0,5,5,0
171173,6,652701,1,6,3,1,0,1,0,0,0,3,0.033333333,0,0,0,0,0,0,0,0,0,0,6,6,0
171189,2,148039,1,2,1,0,0,0,1,0,0,18,0.033333333,0,0,0,0,0,0,0,0,0,0,2,2,0
171192,29,652701,1,29,4,5,8,3,1,0,0,3,0.033333333,0,0,0,0,0,0,0,0,0,0,7,29,0
171194,53,156596,1,53,6,11,4,7,0,20,11,224,0.033333333,0,0,0,0,0,0,0,0,0,0,18,53,0
171206,23,41550,1,23,7,7,0,6,1,7,0,21,0.033333333,0,0,0,0,0,0,0,0,0,0,10,23,0
171207,9,148039,1,9,6,1,0,1,0,1,1,18,0.033333333,0,0,0,0,0,0,0,0,0,0,6,9,0
171216,15,652701,2,6,2,2,0,1,0,0,0,3,0.033333333,0,0,0,0,0,0,0,0,0,0,5,6,0
171247,58,652701,1,58,20,9,3,4,10,1,0,3,0.1,0,0,0,0,0,0,0,0,0,0,12,34,10
171250,21,652701,1,21,7,2,0,1,1,0,0,3,0.033333333,0,0,0,0,0,0,0,0,0,0,7,21,0
171258,23,221833,3,3,1,0,0,0,2,0,0,58,0.033333333,0,0,0,0,0,0,0,0,0,0,2,3,0
171263,1,41550,1,1,1,0,0,0,0,0,0,21,0.033333333,0,0,0,0,0,0,0,0,0,0,1,1,0
171266,23,652701,3,9,4,2,0,1,0,0,0,3,0.033333333,0,0,0,0,0,0,0,0,0,0,7,9,0
171271,1,652701,1,1,1,0,0,0,0,0,0,3,0.033333333,0,0,0,0,0,0,0,0,0,0,1,1,0
171272,31,156596,1,31,3,5,9,3,0,7,4,224,0.033333333,0,0,0,0,0,0,0,0,0,0,12,31,0
171286,10,652701,1,10,1,5,0,2,0,0,0,3,0.033333333,0,0,0,0,0,0,0,0,0,0,4,10,0
171295,1,208752,1,1,1,0,0,0,0,0,0,24,0.033333333,0,0,0,0,0,0,1,0,0,0,1,1,0
171303,20,221833,3,1,1,0,0,0,0,0,0,58,0.033333333,0,0,0,0,0,0,0,0,0,0,1,1,0
171307,71,148039,2,51,7,16,1,11,3,15,5,18,0.066666667,0,0,0,0,0,0,0,0,0,0,20,24,0
171338,54,652701,3,38,9,6,3,5,0,0,0,3,0.033333333,0,0,0,0,0,0,0,0,0,0,10,38,0
171339,1,652701,1,1,1,0,0,0,0,0,0,3,0.033333333,0,0,0,0,0,0,0,0,0,0,1,1,0
171355,11,652701,1,11,6,2,0,1,0,0,0,3,0.033333333,0,0,0,0,0,0,0,0,0,0,6,11,0
171373,7,38356,1,7,4,2,0,1,0,1,0,65,0.033333333,0,0,0,0,7,0,0,0,0,0,4,7,0
171384,156,208752,2,128,5,52,31,9,0,62,13,24,0.1,0,0,0,0,0,0,60,29,39,0,28,60,29
171409,22,652701,2,21,4,4,1,2,0,0,0,3,0.033333333,0,0,0,0,0,0,0,0,0,0,8,21,0
171417,88,38356,2,1,1,0,0,0,0,0,0,65,0.033333333,0,0,0,0,1,0,0,0,0,0,1,1,0
171418,2,208752,2,1,1,0,0,0,0,0,0,24,0.033333333,0,0,0,0,0,0,1,0,0,0,1,1,0
171424,6,148039,1,6,2,2,0,1,0,1,1,18,0.033333333,0,0,0,0,0,0,0,0,0,0,5,6,0
171433,6,652701,1,6,3,1,0,1,0,0,0,3,0.033333333,0,0,0,0,0,0,0,0,0,0,6,6,0
171435,2,652701,1,2,2,0,0,0,0,0,0,3,0.033333333,0,0,0,0,0,0,0,0,0,0,2,2,0
171436,7,221833,1,7,1,3,0,2,0,2,1,58,0.033333333,0,0,0,0,0,0,0,0,0,0,5,7,0
171440,1,652701,1,1,1,0,0,0,0,0,0,3,0.033333333,0,0,0,0,0,0,0,0,0,0,1,1,0
171444,7,148039,1,7,3,2,0,2,0,2,0,18,0.033333333,0,0,0,0,0,0,0,0,0,0,6,7,0
171483,2,195289,2,1,1,0,0,0,0,0,0,105,0.033333333,0,0,0,0,0,0,0,1,0,0,1,1,0
171491,1,652701,1,1,1,0,0,0,0,0,0,3,0.033333333,0,0,0,0,0,0,0,0,0,0,1,1,0
171501,53,41550,3,36,4,10,0,5,3,14,7,21,0.066666667,0,0,0,0,0,0,0,0,0,0,16,7,29
171504,258,41550,3,2,2,0,0,0,0,0,0,21,0.033333333,0,0,0,0,0,0,0,0,0,0,1,2,0
171508,18,652701,1,18,6,3,0,2,1,0,0,3,0.033333333,0,0,0,0,0,0,0,0,0,0,7,18,0
171515,8,652701,1,8,3,3,0,1,0,0,0,3,0.066666667,0,0,0,0,0,0,0,0,0,0,5,7,0
171546,16,208752,3,9,5,2,0,1,0,1,1,24,0.033333333,0,0,0,0,0,0,0,9,0,0,5,9,0
171548,5,148039,1,5,1,3,0,1,0,2,0,18,0.033333333,0,0,0,0,0,0,0,0,0,0,3,5,0
171552,2,41550,1,2,2,0,0,0,0,0,0,21,0.033333333,0,0,0,0,0,0,0,0,0,0,2,2,0
171562,345,41550,3,1,1,0,0,0,0,0,0,21,0.033333333,0,0,0,0,0,0,0,0,0,0,1,1,0
171563,26,652701,1,26,9,6,0,4,2,0,0,3,0.066666667,0,0,0,0,0,0,0,0,0,0,8,10,16
171566,13,652701,1,13,2,4,0,2,0,0,0,3,0.033333333,0,0,0,0,0,0,0,0,0,0,6,13,0
171569,1,221833,1,1,1,0,0,0,0,0,0,58,0.033333333,0,0,0,0,0,0,0,0,0,0,1,1,0
171573,33,156596,4,16,2,7,0,3,0,7,3,224,0.033333333,0,0,0,0,0,0,0,0,0,0,7,16,0
171576,98,156596,3,19,1,5,1,4,0,8,3,224,0.033333333,0,0,0,0,0,0,0,0,0,0,10,19,0
171578,75,156596,2,22,2,8,3,1,0,10,4,224,0.033333333,0,0,0,0,0,0,0,0,0,0,9,22,0
171579,151,652701,3,37,6,17,2,8,0,0,0,3,0.066666667,0,0,0,0,0,0,0,0,0,0,8,37,0
171590,99,208752,2,9,2,3,0,2,0,2,2,24,0.033333333,0,0,0,0,0,0,0,9,0,0,7,9,0
171591,14,38356,1,14,4,4,0,3,0,3,3,65,0.033333333,0,0,0,0,0,14,0,0,0,0,9,14,0
171603,9,41550,2,7,1,3,0,2,0,3,0,21,0.033333333,0,0,0,0,0,0,0,0,0,0,4,7,0
171613,2,221833,1,2,2,0,0,0,0,0,0,58,0.033333333,0,0,0,0,0,0,0,0,0,0,2,2,0
171616,7,652701,1,7,2,3,0,1,0,0,0,3,0.033333333,0,0,0,0,0,0,0,0,0,0,4,7,0
171629,5,208752,1,5,2,2,0,1,0,1,0,24,0.033333333,0,0,0,0,0,0,0,5,0,0,3,5,0
171640,12,652701,1,12,8,2,0,1,0,0,0,3,0.033333333,0,0,0,0,0,0,0,0,0,0,6,12,0
171659,56,652701,2,42,10,8,11,0,9,0,0,3,0.033333333,0,0,0,0,0,0,0,0,0,0,8,42,0
171672,61,652701,1,61,17,10,5,1,15,0,0,3,0.066666667,0,0,0,0,0,0,0,0,0,0,10,52,9
171696,2,195289,1,2,2,0,0,0,0,0,0,105,0.033333333,0,0,0,0,0,0,0,0,2,0,2,2,0
171706,8,652701,1,8,1,2,0,1,0,0,0,3,0.033333333,0,0,0,0,0,0,0,0,0,0,3,8,0
171710,3,148039,1,3,1,2,0,0,0,1,0,18,0.033333333,0,0,0,0,0,0,0,0,0,0,3,3,0
171714,5,652701,1,5,1,2,0,1,0,0,0,3,0.033333333,0,0,0,0,0,0,0,0,0,0,4,5,0
171720,16,652701,1,16,1,2,8,1,0,0,0,3,0.033333333,0,0,0,0,0,0,0,0,0,0,5,16,0
171724,29,652701,3,1,1,0,0,0,0,0,0,3,0.033333333,0,0,0,0,0,0,0,0,0,0,1,1,0
171733,14,652701,1,14,4,2,0,1,5,0,0,3,0.033333333,0,0,0,0,0,0,0,0,0,0,6,14,0
171743,11,652701,1,11,4,2,0,1,2,0,0,3,0.033333333,0,0,0,0,0,0,0,0,0,0,7,11,0
171752,270,221833,3,246,10,31,34,23,29,101,19,58,0.066666667,0,0,0,0,0,0,0,0,0,0,47,173,73
171769,18,652701,1,18,8,2,0,1,4,0,0,3,0.033333333,0,0,0,0,0,0,0,0,0,0,8,18,0
171770,1,652701,1,1,1,0,0,0,0,0,0,3,0.033333333,0,0,0,0,0,0,0,0,0,0,1,1,0
171783,18,221833,2,1,1,0,0,0,0,0,0,58,0.033333333,0,0,0,0,0,0,0,0,0,0,1,1,0
171791,78,652701,1,78,7,14,14,12,16,9,7,3,0.066666667,0,0,0,0,48,0,0,0,0,0,26,30,0
171804,28,156596,2,7,3,2,0,1,0,1,1,224,0.033333333,0,0,0,0,0,0,0,0,0,0,5,7,0
171811,60,38356,2,1,1,0,0,0,0,0,0,65,0.033333333,0,0,0,0,0,1,0,0,0,0,1,1,0
171812,60,208752,2,59,8,18,0,9,0,24,13,24,0.066666667,0,0,0,0,0,0,0,44,15,0,26,44,15
171813,27,652701,1,27,8,10,0,5,2,0,0,3,0.033333333,0,0,0,0,0,0,0,0,0,0,7,27,0
171820,10,652701,2,1,1,0,0,0,0,0,0,3,0.033333333,0,0,0,0,0,0,0,0,0,0,1,1,0
171824,16,148039,1,16,2,5,0,0,9,2,0,18,0.033333333,0,0,0,0,0,0,0,0,0,0,6,16,0
171826,1,221833,1,1,1,0,0,0,0,0,0,58,0.033333333,0,0,0,0,0,0,0,0,0,0,1,1,0
171852,14,208752,1,14,4,5,0,3,0,2,2,24,0.066666667,0,0,0,0,0,0,0,7,7,0,9,7,7
171870,7,652701,1,7,3,2,0,1,0,0,0,3,0.033333333,0,0,0,0,0,0,0,0,0,0,5,7,0
171883,18,208752,1,18,2,4,0,3,0,12,0,24,0.033333333,0,0,0,0,0,0,0,18,0,0,6,18,0
171887,21,195289,3,1,1,0,0,0,0,0,0,105,0.033333333,0,0,0,0,0,0,0,0,1,0,1,1,0
171889,110,195289,3,1,1,0,0,0,0,0,0,105,0.033333333,0,0,0,0,0,0,0,0,1,0,1,1,0
171911,25,652701,1,25,8,10,0,4,1,0,0,3,0.066666667,0,0,0,0,0,0,0,0,0,0,9,14,0
171932,2,221833,1,2,2,0,0,0,0,0,0,58,0.033333333,0,0,0,0,0,0,0,0,0,0,2,2,0
171934,43,652701,2,36,12,7,1,4,4,0,0,3,0.066666667,0,0,0,0,0,0,0,0,0,0,10,26,10
171936,12,652701,1,12,8,3,0,0,0,0,0,3,0.033333333,0,0,0,0,0,0,0,0,0,0,4,12,0
171940,1,652701,1,1,1,0,0,0,0,0,0,3,0.033333333,0,0,0,0,0,0,0,0,0,0,1,1,0
171951,3,652701,1,3,2,0,0,0,0,0,0,3,0.033333333,0,0,0,0,0,0,0,0,0,0,3,3,0
171961,130,652701,1,130,18,41,12,26,5,22,9,3,0.133333333,0,0,0,0,63,0,0,0,0,0,34,7,0
171962,12,41550,1,12,5,2,0,1,4,1,0,21,0.033333333,0,0,0,0,0,0,0,0,0,0,4,12,0
171974,6,652701,1,6,1,2,0,1,0,0,0,3,0.033333333,0,0,0,0,0,0,0,0,0,0,4,6,0
171986,60,652701,1,60,13,15,0,8,4,0,0,3,0.1,0,0,0,0,0,0,0,0,0,0,10,38,17
171992,222,148039,2,5,1,2,0,1,0,1,1,18,0.033333333,0,0,0,0,0,0,0,0,0,0,4,5,0
172005,58,208752,2,18,2,6,0,5,0,5,5,24,0.033333333,0,0,0,0,0,0,0,18,0,0,13,18,0
172014,1,652701,1,1,1,0,0,0,0,0,0,3,0.033333333,0,0,0,0,0,0,0,0,0,0,1,1,0
172034,26,652701,1,26,6,2,10,1,0,0,0,3,0.033333333,0,0,0,0,0,0,0,0,0,0,7,26,0
172037,2,652701,1,2,2,0,0,0,0,0,0,3,0.033333333,0,0,0,0,0,0,0,0,0,0,2,2,0
172041,49,652701,1,49,7,5,19,3,1,0,0,3,0.033333333,0,0,0,0,0,0,0,0,0,0,10,49,0
172046,23,148039,1,23,5,3,2,3,4,6,2,18,0.033333333,0,0,0,0,0,0,0,0,0,0,10,23,0
172051,7,652701,1,7,3,3,0,1,0,0,0,3,0.033333333,0,0,0,0,0,0,0,0,0,0,4,7,0
172052,343,148039,3,33,4,18,4,0,0,17,0,18,0.066666667,0,0,0,0,0,0,0,0,0,0,12,14,19
172059,192,652701,3,10,1,2,1,1,0,0,0,3,0.033333333,0,0,0,0,0,0,0,0,0,0,5,10,0
172068,68,41550,3,4,4,0,0,0,0,0,0,21,0.033333333,0,0,0,0,0,0,0,0,0,0,3,4,0
172071,19,208752,1,19,4,6,0,3,0,4,3,24,0.033333333,0,0,0,0,0,0,0,19,0,0,8,19,0
172074,10,195289,1,10,7,1,0,1,0,1,1,105,0.033333333,0,0,0,0,0,0,0,0,10,0,6,10,0
172085,58,652701,1,58,13,27,5,3,3,0,0,3,0.033333333,0,0,0,0,0,0,0,0,0,0,8,58,0
172098,1,652701,1,1,1,0,0,0,0,0,0,3,0.033333333,0,0,0,0,0,0,0,0,0,0,1,1,0
172100,17,652701,1,17,7,2,0,1,2,0,0,3,0.033333333,0,0,0,0,0,0,0,0,0,0,7,17,0
172104,126,221833,2,32,4,14,2,8,0,11,2,58,0.033333333,0,0,0,0,0,0,0,0,0,0,12,32,0
172107,1,652701,1,1,1,0,0,0,0,0,0,3,0.033333333,0,0,0,0,0,0,0,0,0,0,1,1,0
172120,6,652701,1,6,2,3,0,1,0,0,0,3,0.033333333,0,0,0,0,0,0,0,0,0,0,4,6,0
172123,9,148039,1,9,3,3,0,1,0,3,1,18,0.033333333,0,0,0,0,0,0,0,0,0,0,6,9,0
172137,25,148039,1,25,6,8,0,6,0,7,4,18,0.033333333,0,0,0,0,0,0,0,0,0,0,13,25,0
172142,12,652701,1,12,5,2,0,1,0,0,0,3,0.033333333,0,0,0,0,0,0,0,0,0,0,5,12,0
172145,23,652701,2,14,6,2,0,1,0,0,0,3,0.033333333,0,0,0,0,0,0,0,0,0,0,7,14,0
172147,13,41550,1,13,4,5,0,3,0,2,1,21,0.033333333,0,0,0,0,0,0,0,0,0,0,8,13,0
172158,40,652701,1,40,5,2,12,1,7,0,0,3,0.033333333,0,0,0,0,0,0,0,0,0,0,8,40,0
172174,6,652701,1,6,2,2,0,1,0,0,0,3,0.033333333,0,0,0,0,0,0,0,0,0,0,5,6,0
172175,2,148039,1,2,2,0,0,0,0,0,0,18,0.033333333,0,0,0,0,0,0,0,0,0,0,1,2,0
172177,75,148039,3,17,7,4,0,3,1,5,0,18,0.033333333,0,0,0,0,0,0,0,0,0,0,6,17,0
172181,12,652701,1,12,3,2,0,1,0,0,0,3,0.033333333,0,0,0,0,0,0,0,0,0,0,5,12,0
172201,84,195289,1,84,22,17,3,13,4,30,9,105,0.066666667,0,0,0,0,0,0,0,0,44,40,17,44,40
172218,28,208752,1,28,2,10,0,8,0,9,8,24,0.033333333,0,0,0,0,0,0,0,28,0,0,20,28,0
172237,75,41550,3,1,1,0,0,0,0,0,0,21,0.033333333,0,0,0,0,0,0,0,0,0,0,1,1,0
172244,1,221833,1,1,1,0,0,0,0,0,0,58,0.033333333,0,0,0,0,0,0,0,0,0,0,1,1,0
172250,81,156596,2,73,16,25,6,2,1,42,0,224,0.033333333,0,0,0,0,0,0,0,0,0,0,15,73,0
172251,14,652701,1,14,3,5,0,3,0,0,0,3,0.033333333,0,0,0,0,0,0,0,0,0,0,7,14,0
172254,8,652701,1,8,4,2,0,1,1,0,0,3,0.033333333,0,0,0,0,0,0,0,0,0,0,5,8,0
172268,219,41550,2,1,1,0,0,0,0,0,0,21,0.033333333,0,0,0,0,0,0,0,0,0,0,1,1,0
172283,724,652701,6,17,4,4,4,2,0,0,0,3,0.1,0,0,0,0,0,0,0,0,0,0,7,2,11
172288,1,652701,1,1,1,0,0,0,0,0,0,3,0.033333333,0,0,0,0,0,0,0,0,0,0,1,1,0
172291,1,652701,1,1,1,0,0,0,0,0,0,3,0.033333333,0,0,0,0,0,0,0,0,0,0,1,1,0
172294,1,41550,1,1,1,0,0,0,0,0,0,21,0.033333333,0,0,0,0,0,0,0,0,0,0,1,1,0
172305,10,652701,1,10,5,2,0,1,0,0,0,3,0.033333333,0,0,0,0,0,0,0,0,0,0,7,10,0
172306,156,652701,2,26,7,3,2,2,2,0,0,3,0.033333333,0,0,0,0,0,0,0,0,0,0,8,26,0
172309,12,41550,2,2,2,0,0,0,0,0,0,21,0.033333333,0,0,0,0,0,0,0,0,0,0,2,2,0
172324,6,652701,1,6,2,2,0,1,0,1,1,3,0.033333333,0,0,6,0,0,0,0,0,0,0,5,6,0
172331,7,652701,1,7,4,2,0,1,0,1,0,3,0.033333333,0,0,7,0,0,0,0,0,0,0,6,7,0
172342,628,221833,3,318,11,55,52,28,59,117,9,58,0.066666667,0,0,128,0,0,0,0,0,0,0,60,190,128
172347,152,148039,2,24,1,7,3,4,0,11,1,18,0.033333333,0,0,0,24,0,0,0,0,0,0,8,24,0
172349,134,652701,4,120,12,34,7,28,2,29,18,3,0.066666667,0,0,86,34,0,0,0,0,0,0,28,86,34
172356,5,221833,1,5,5,0,0,0,0,0,0,58,0.033333333,0,0,5,0,0,0,0,0,0,0,3,5,0
172361,39,652701,1,39,13,6,8,1,2,0,0,3,0.066666667,0,0,11,0,0,0,0,0,0,0,10,28,0
172370,54,652701,1,54,7,27,0,14,0,22,6,3,0.066666667,0,0,38,0,0,0,0,0,0,0,16,16,38
172374,126,652701,1,126,18,29,26,22,13,12,5,3,0.1,0,0,55,10,0,0,0,0,0,0,25,61,0
172377,85,652701,1,85,15,39,0,16,1,29,9,3,0.033333333,0,0,85,0,0,0,0,0,0,0,25,85,0
172387,106,652701,1,106,20,10,1,6,50,1,0,3,0.1,0,0,7,0,0,0,0,0,0,0,12,80,19
172415,72,652701,1,72,17,18,7,14,3,9,8,3,0.066666667,0,0,38,0,0,0,0,0,0,0,20,34,0
172416,150,652701,8,51,8,23,0,14,0,9,5,3,0.066666667,0,0,39,0,0,0,0,0,0,0,17,12,0
172419,549,148039,2,1,1,0,0,0,0,0,0,18,0.033333333,0,0,0,1,0,0,0,0,0,0,1,1,0
172428,80,148039,1,80,14,19,0,16,4,22,12,18,0.033333333,0,0,0,80,0,0,0,0,0,0,28,80,0
172438,32,652701,1,32,8,9,2,7,1,6,4,3,0.066666667,0,0,13,0,0,0,0,0,0,0,16,19,13
172445,51,652701,2,42,5,15,3,9,0,10,9,3,0.033333333,0,0,42,0,0,0,0,0,0,0,22,42,0
172450,32,652701,1,32,6,9,0,7,2,5,1,3,0.066666667,0,0,16,0,0,0,0,0,0,0,13,16,0
172462,73,652701,1,73,10,21,4,17,5,17,13,3,0.066666667,0,0,70,0,0,0,0,0,0,0,24,3,70
172466,14,652701,2,1,1,0,0,0,0,0,0,3,0.033333333,0,0,1,0,0,0,0,0,0,0,1,1,0
172467,7,652701,1,7,4,1,0,1,0,1,1,3,0.033333333,0,0,7,0,0,0,0,0,0,0,6,7,0
172474,64,148039,5,11,2,3,0,2,0,3,3,18,0.066666667,0,0,0,1,0,0,0,0,0,0,7,10,0
172480,37,652701,1,37,8,13,0,7,4,8,4,3,0.033333333,0,0,37,0,0,0,0,0,0,0,13,37,0
172508,9,652701,1,9,1,4,0,2,0,3,2,3,0.033333333,0,0,9,0,0,0,0,0,0,0,6,9,0
172515,6,148039,1,6,2,2,0,1,0,1,1,18,0.033333333,0,0,0,6,0,0,0,0,0,0,5,6,0
172517,18,652701,1,18,4,7,0,4,0,4,3,3,0.066666667,0,0,7,11,0,0,0,0,0,0,9,7,11
172532,14,652701,1,14,6,2,0,2,2,2,1,3,0.033333333,0,0,14,0,0,0,0,0,0,0,8,14,0
172533,172,652701,3,55,8,14,5,11,2,8,8,3,0.1,0,0,7,30,0,0,0,0,0,0,16,18,0
172540,13,41550,1,13,3,3,4,1,0,4,0,21,0.033333333,13,0,0,0,0,0,0,0,0,0,7,13,0
172542,12,652701,1,12,2,4,0,3,0,3,3,3,0.033333333,0,0,0,12,0,0,0,0,0,0,9,12,0
172545,6,148039,1,6,2,2,0,1,0,1,1,18,0.033333333,0,0,0,6,0,0,0,0,0,0,5,6,0
172566,1,21216,1,1,1,0,0,0,0,0,0,19,0.033333333,0,0,0,1,0,0,0,0,0,0,1,1,0
172576,3,878119,2,2,2,0,0,0,0,0,0,20,0.033333333,0,0,0,0,0,0,2,0,0,0,1,2,0
172591,2,21216,1,2,2,0,0,0,0,0,0,19,0.033333333,0,0,0,0,0,0,0,0,0,0,2,2,0
172616,18,878119,1,18,2,6,0,3,0,10,2,20,0.033333333,0,0,0,0,0,0,18,0,0,0,7,18,0
172629,35,878119,4,8,1,5,0,2,0,4,0,20,0.033333333,0,0,0,0,0,0,8,0,0,0,5,8,0
172632,72,878119,1,72,9,23,5,19,0,19,12,20,0.066666667,0,0,0,0,0,0,10,0,0,0,37,62,0
172650,1,878119,1,1,1,0,0,0,0,0,0,20,0.033333333,0,0,0,0,0,0,1,0,0,0,1,1,0
172664,1,148500,1,1,1,0,0,0,0,0,0,29,0.033333333,0,0,0,0,0,0,0,0,0,0,1,1,0
172678,2379,21560,6,1,1,0,0,0,0,0,0,9,0.033333333,0,0,0,1,0,0,0,0,0,0,1,1,0
172695,43,878119,1,43,10,18,0,5,4,14,2,20,0.033333333,0,0,0,0,0,0,43,0,0,0,16,43,0
172696,1369,21216,5,1,1,0,0,0,0,0,0,19,0.033333333,0,0,0,0,0,0,0,0,0,0,1,1,0
172715,23,878119,1,23,2,9,0,6,0,11,3,20,0.033333333,0,0,0,0,0,0,23,0,0,0,12,23,0
172726,199,878119,2,113,9,47,0,34,0,38,23,20,0.1,0,0,100,0,0,0,4,0,0,0,55,9,100
172728,27,21216,2,7,3,2,0,1,0,1,1,19,0.033333333,0,0,0,0,0,0,0,0,0,0,5,7,0
172739,25,43183,2,9,2,5,0,1,0,4,1,24,0.033333333,0,0,0,0,0,0,0,0,9,0,8,9,0
172748,10,878119,1,10,3,7,0,0,0,4,0,20,0.066666667,0,0,0,0,0,0,6,0,0,0,7,4,6
172750,127,878119,4,11,2,7,0,1,0,4,1,20,0.066666667,0,0,0,3,0,0,8,0,0,0,7,3,0
172761,230,74042,21,7,6,0,0,0,1,0,0,27,0.1,0,0,0,0,0,0,0,0,1,0,4,6,0
172765,17,74042,1,17,3,6,0,3,0,7,3,27,0.033333333,0,0,0,0,0,0,0,0,0,17,7,17,0
172786,9,74042,1,9,2,3,0,2,0,2,2,27,0.033333333,0,0,0,0,0,0,0,0,0,9,7,9,0
172805,1,502584,1,1,1,0,0,0,0,0,0,143,0.033333333,0,0,0,0,0,0,0,0,0,0,1,1,0
172809,3,261579,1,3,3,0,0,0,0,0,0,5,0.033333333,0,0,0,0,0,0,0,0,0,0,3,3,0
172830,132,502584,5,8,1,3,0,2,0,2,2,143,0.033333333,0,0,0,0,0,0,0,0,0,0,4,8,0
172837,1,261579,1,1,1,0,0,0,0,0,0,5,0.033333333,0,0,0,0,0,0,0,0,0,0,1,1,0
172848,15,261579,1,15,2,5,0,3,0,5,3,5,0.033333333,0,0,0,0,0,0,0,0,0,0,10,15,0
172866,6,261579,1,6,4,2,0,0,0,1,0,5,0.033333333,0,0,0,0,0,0,0,0,0,0,6,6,0
172871,73,502584,2,27,2,2,4,1,3,10,1,143,0.033333333,0,0,0,0,0,0,0,0,0,0,6,27,0
172881,43,399092,1,43,4,17,0,12,0,18,4,101,0.033333333,0,0,0,0,0,0,0,0,0,0,14,43,0
172882,73,261579,2,46,6,11,0,9,8,12,8,5,0.033333333,0,0,0,0,0,0,0,0,0,0,22,46,0
172895,58,261579,1,58,2,16,0,13,16,13,11,5,0.033333333,0,0,0,0,0,0,0,0,0,0,17,58,0
172896,12,261579,1,12,5,3,0,0,4,2,0,5,0.033333333,0,0,0,0,0,0,0,0,0,0,7,12,0
172903,28,261579,1,28,3,9,0,1,14,8,1,5,0.033333333,0,0,0,0,0,0,0,0,0,0,10,28,0
172907,37,502584,1,37,5,8,8,0,7,14,0,143,0.033333333,0,0,0,0,0,0,0,0,0,0,8,37,0
172913,1,399092,1,1,1,0,0,0,0,0,0,101,0.033333333,0,0,0,0,0,0,0,0,0,0,1,1,0
172914,202,399092,3,29,3,12,0,10,0,9,4,101,0.033333333,0,0,0,0,0,0,0,0,0,0,16,29,0
172919,4,399092,1,4,4,0,0,0,0,0,0,101,0.066666667,0,0,0,0,0,0,0,0,0,0,1,4,0
172925,1315,24979,7,7,3,2,0,1,0,1,1,25,0.066666667,0,0,0,0,0,0,0,0,0,0,5,2,5
172940,2,399092,1,2,2,0,0,0,0,0,0,101,0.033333333,0,0,0,0,0,0,0,0,0,0,2,2,0
172946,69,502584,2,3,3,0,0,0,0,0,0,143,0.033333333,0,0,0,0,0,0,0,0,0,0,2,3,0
172947,23,502584,1,23,7,5,0,3,4,3,2,143,0.033333333,0,0,0,0,0,0,0,0,0,0,11,23,0
172948,26,399092,1,26,5,8,0,6,6,5,1,101,0.033333333,0,0,0,0,0,0,0,0,0,0,9,26,0
172955,41,261579,1,41,3,16,0,12,0,13,10,5,0.066666667,0,0,0,0,0,0,0,0,0,0,24,31,0
172965,121,502584,1,121,16,18,30,14,13,29,8,143,0.066666667,0,0,0,0,0,0,0,0,0,0,18,57,0
172971,190,261579,2,1,1,0,0,0,0,0,0,5,0.033333333,0,0,0,0,0,0,0,0,0,0,1,1,0
172989,148,399092,3,2,2,0,0,0,0,0,0,101,0.033333333,0,0,0,0,0,0,0,0,0,0,1,2,0
173004,9,399092,1,9,1,7,0,0,0,7,0,101,0.033333333,0,0,0,0,0,0,0,0,0,0,4,9,0
173031,73,24979,2,21,5,6,0,5,0,5,5,25,0.033333333,0,0,0,0,0,0,0,0,0,0,16,21,0
173038,5,261579,1,5,3,2,0,0,0,1,0,5,0.033333333,0,0,0,0,0,0,0,0,0,0,4,5,0
173067,7,502584,1,7,3,2,0,1,0,1,1,143,0.033333333,0,0,0,0,0,0,0,0,0,0,5,7,0
173086,90,502584,2,76,10,8,19,6,4,22,5,143,0.1,0,0,0,0,0,0,0,0,0,0,16,3,0
173099,73,110497,3,32,13,10,0,4,0,4,2,24,0.066666667,0,0,0,0,0,0,0,0,0,0,12,21,11
173103,463,334927,6,5,4,0,0,0,0,0,0,7,0.033333333,0,0,0,0,0,0,0,0,0,0,5,5,0
173106,73,457932,1,73,12,22,8,16,4,15,7,21,0.1,0,0,0,0,0,0,0,0,0,0,26,56,0
173110,41,188602,2,35,2,15,0,11,0,10,7,96,0.033333333,0,0,0,0,0,0,0,0,0,0,18,35,0
173114,178,42723,4,40,9,13,0,9,3,8,5,6,0.033333333,0,0,0,0,0,0,0,0,0,0,15,40,0
173120,145,399092,6,138,26,49,8,13,10,49,6,101,0.166666667,0,0,70,0,0,0,0,0,32,2,26,32,0
173133,7,502584,2,6,3,1,0,1,0,1,1,143,0.033333333,0,0,0,6,0,0,0,0,0,0,6,6,0
173142,37,42723,7,6,3,2,0,1,0,1,0,6,0.066666667,0,0,0,0,0,0,0,0,0,0,4,2,0
173167,70,346877,2,41,5,13,0,10,1,12,5,9,0.066666667,0,0,0,0,0,0,0,0,0,0,12,41,0
173183,21,334927,1,21,7,2,0,0,10,1,0,7,0.033333333,0,0,0,0,0,0,0,0,0,0,7,21,0
173184,7,399092,1,7,7,0,0,0,0,0,0,101,0.066666667,0,0,5,0,0,0,0,0,0,0,2,2,0
173185,90,457932,1,90,16,30,4,11,13,23,5,21,0.1,0,0,0,0,0,0,0,0,0,0,25,51,0
173186,1,43183,1,1,1,0,0,0,0,0,0,24,0.033333333,0,0,0,0,0,0,0,0,0,0,1,1,0
173197,27,34988,1,27,10,5,0,3,7,2,1,108,0.033333333,0,0,0,0,0,0,0,0,0,0,10,27,0
173203,21,250865,1,21,2,9,0,2,0,12,1,34,0.033333333,0,0,0,0,0,0,0,0,0,0,5,21,0
173209,2,46603,2,1,1,0,0,0,0,0,0,5,0.033333333,0,0,0,0,0,0,0,0,0,0,1,1,0
173223,27,334927,2,1,1,0,0,0,0,0,0,7,0.033333333,0,0,0,0,0,0,0,0,0,0,1,1,0
173224,2,247683,2,1,1,0,0,0,0,0,0,23,0.033333333,0,0,0,0,0,0,0,0,0,0,1,1,0
173228,9,86829,1,9,2,4,0,2,0,3,1,63,0.033333333,0,0,0,0,0,0,0,0,0,0,7,9,0
173236,14,24979,2,13,5,3,0,1,2,2,1,25,0.033333333,0,0,0,13,0,0,0,0,0,0,9,13,0
173276,9,457932,1,9,3,3,1,2,0,2,0,21,0.033333333,0,0,0,0,0,0,0,0,0,0,7,9,0
173279,12,110497,1,12,3,6,0,1,0,6,1,24,0.033333333,0,0,0,0,0,0,0,0,0,0,8,12,0
173283,61,457932,1,61,13,18,5,1,20,6,1,21,0.1,0,0,0,0,0,0,0,0,0,0,13,23,38
173297,51,334927,10,2,2,0,0,0,0,0,0,7,0.033333333,0,0,0,0,0,0,0,0,0,0,1,2,0
173306,32,346877,3,2,2,0,0,0,0,0,0,9,0.033333333,0,0,0,0,0,0,0,0,0,0,2,2,0
173309,19,188602,3,6,2,2,0,1,0,1,1,96,0.033333333,0,0,0,0,0,0,0,0,0,0,5,6,0
173313,7,334927,1,7,2,2,0,1,1,1,1,7,0.033333333,0,0,0,0,0,0,0,0,0,0,5,7,0
173314,9,43183,1,9,2,3,0,2,0,2,2,24,0.033333333,0,0,0,0,0,0,0,0,0,0,7,9,0
173342,4,127749,1,4,4,0,0,0,0,0,0,102,0.033333333,0,0,0,0,0,0,0,0,0,0,2,4,0
173349,20,502584,1,20,5,5,0,4,1,4,4,143,0.066666667,0,0,0,14,0,0,0,0,0,0,10,6,0
173351,10,502584,1,10,7,1,0,0,1,1,1,143,0.033333333,0,0,0,10,0,0,0,0,0,0,6,10,0
173377,48,34988,2,1,1,0,0,0,0,0,0,108,0.033333333,0,0,0,0,0,0,0,0,0,0,1,1,0
173383,12,27035,3,1,1,0,0,0,0,0,0,60,0.033333333,0,0,0,0,0,0,0,0,0,0,1,1,0
173389,230,457932,4,45,2,23,5,9,0,16,5,21,0.066666667,0,0,0,0,0,0,0,0,0,0,14,45,0
173399,8,261579,3,1,1,0,0,0,0,0,0,5,0.033333333,0,0,0,0,0,0,0,0,0,1,1,1,0
173401,440,457932,8,13,1,4,3,3,0,3,2,21,0.033333333,0,0,0,0,0,0,0,0,0,0,8,13,0
173404,365,457932,1,365,64,106,67,1,116,86,2,21,0.233333333,0,2,4,0,0,0,0,0,62,0,69,356,7
173431,11,334927,1,11,5,2,0,1,1,1,1,7,0.033333333,0,0,0,0,0,0,0,0,0,0,7,11,0
173434,270,260769,4,1,1,0,0,0,0,0,0,0,0.033333333,0,0,0,0,0,0,0,0,0,0,1,1,0
173436,31,502584,4,1,1,0,0,0,0,0,0,143,0.033333333,0,0,0,1,0,0,0,0,0,0,1,1,0
173453,6,43183,2,1,1,0,0,0,0,0,0,24,0.033333333,0,0,0,0,0,0,0,0,0,0,1,1,0
173454,2,85576,2,1,1,0,0,0,0,0,0,54,0.033333333,0,0,0,0,0,0,0,0,0,0,1,1,0
173459,30,24979,2,20,1,9,0,5,0,8,5,25,0.033333333,0,0,0,20,0,0,0,0,0,0,12,20,0
173476,11,334927,1,11,4,2,0,1,1,1,1,7,0.033333333,0,0,0,0,0,0,0,0,0,0,6,11,0
173485,50,346877,3,17,3,6,0,4,0,4,3,9,0.066666667,0,0,0,0,0,0,0,0,0,0,8,12,0
173492,50,334927,3,1,1,0,0,0,0,0,0,7,0.033333333,0,0,0,0,0,0,0,0,0,0,1,1,0
173494,2,457932,2,1,1,0,0,0,0,0,0,21,0.033333333,0,0,0,0,0,0,0,0,0,0,1,1,0
173501,54,334927,2,20,4,7,0,5,0,5,3,7,0.066666667,0,0,0,0,0,0,0,0,0,0,9,12,8
173504,41,85576,1,41,3,10,8,8,0,9,7,54,0.033333333,0,0,0,0,0,0,0,0,0,0,14,41,0
173505,543,34988,8,57,2,7,18,5,0,17,4,108,0.066666667,0,0,0,0,0,0,0,0,0,0,18,29,28
173522,1,346877,1,1,1,0,0,0,0,0,0,9,0.033333333,0,0,0,0,0,0,0,0,0,0,1,1,0
173542,322,250865,4,77,4,16,25,9,3,23,3,34,0.133333333,0,0,0,0,0,0,0,0,0,0,13,6,60
173545,18,43183,2,17,4,3,0,0,0,8,0,24,0.033333333,0,0,0,0,0,0,0,0,0,0,6,17,0
173549,9,247683,4,2,2,0,0,0,0,0,0,23,0.033333333,0,0,0,0,0,0,0,0,0,0,2,2,0
173554,9,334927,4,1,1,0,0,0,0,0,0,7,0.033333333,0,0,0,0,0,0,0,0,0,0,1,1,0
173556,19,334927,2,8,4,2,0,1,0,1,1,7,0.033333333,0,0,0,0,0,0,0,0,0,0,5,8,0
173559,39,110497,1,39,8,13,0,9,2,9,4,24,0.066666667,0,0,0,0,0,0,0,0,0,0,13,38,0
173565,50,250865,3,28,2,3,0,2,0,15,2,34,0.033333333,0,0,0,0,0,0,0,0,0,0,7,28,0
173567,8,346877,1,8,3,4,0,1,0,4,0,9,0.033333333,0,0,0,0,0,0,0,0,0,0,7,8,0
173571,24,346877,2,12,2,4,0,3,0,3,3,9,0.033333333,0,0,0,0,0,0,0,0,0,0,7,12,0
173579,170,250865,8,13,2,4,0,3,0,4,2,34,0.033333333,0,0,0,0,0,0,0,0,0,0,8,13,0
173582,350,334927,2,1,1,0,0,0,0,0,0,7,0.033333333,0,0,0,0,0,0,0,0,0,0,1,1,0
173594,44,346877,3,7,2,5,0,0,0,2,0,9,0.066666667,0,0,0,0,0,0,0,0,0,0,5,4,0
173599,27,85168,2,11,1,6,0,4,0,5,0,139,0.033333333,0,0,0,0,0,0,0,0,0,0,7,11,0
173600,3,46603,2,2,2,0,0,0,0,0,0,5,0.033333333,0,0,0,0,0,0,0,0,0,0,1,2,0
173601,97,110497,2,36,7,12,0,11,0,12,4,24,0.066666667,0,0,28,0,0,0,0,0,0,0,9,8,0
173603,4,399092,1,4,4,0,0,0,0,0,0,101,0.066666667,3,0,1,0,0,0,0,0,0,0,2,3,0
173609,20,334927,1,20,1,7,0,6,0,6,6,7,0.033333333,0,0,0,0,0,0,0,0,0,0,10,20,0
173611,8,140022,1,8,3,3,0,1,0,2,1,232,0.033333333,0,0,0,0,0,0,0,0,0,0,6,8,0
173620,1,399092,1,1,1,0,0,0,0,0,0,101,0.033333333,0,0,1,0,0,0,0,0,0,0,1,1,0
173636,443,43183,3,1,1,0,0,0,0,0,0,24,0.033333333,0,0,0,0,0,0,0,0,0,0,1,1,0
173642,14,250865,2,13,5,4,0,3,0,3,1,34,0.033333333,0,0,0,0,0,0,0,0,0,0,7,13,0
173644,14,260769,3,12,4,6,0,1,0,5,1,0,0.033333333,0,0,0,0,0,0,0,0,0,0,9,12,0
173656,52,334927,3,1,1,0,0,0,0,0,0,7,0.033333333,0,0,0,0,0,0,0,0,0,0,1,1,0
173726,4,46603,2,1,1,0,0,0,0,0,0,5,0.033333333,0,0,0,0,0,0,0,0,0,0,1,1,0
173736,8,346877,2,7,2,3,0,1,0,2,1,9,0.033333333,0,0,0,0,0,0,0,0,0,0,6,7,0
173744,14,260769,1,14,5,3,0,2,1,3,2,0,0.033333333,0,0,0,0,0,0,0,0,0,0,10,14,0
173747,1,250865,1,1,1,0,0,0,0,0,0,34,0.033333333,0,0,0,0,0,0,0,0,0,0,1,1,0
173761,690,46603,3,7,3,4,0,0,0,1,0,5,0.033333333,0,0,0,0,0,0,0,0,0,0,4,7,0
173767,4,250865,2,2,2,0,0,0,0,0,0,34,0.033333333,0,0,0,0,0,0,0,0,0,0,2,2,0
173770,33,457932,1,33,6,8,6,6,0,5,2,21,0.033333333,0,0,0,0,0,0,0,0,0,0,14,33,0
173771,21,334927,7,13,8,2,0,1,0,1,1,7,0.033333333,0,0,0,0,0,0,0,0,0,0,8,13,0
173777,129,250865,3,6,2,2,0,1,0,1,1,34,0.033333333,0,0,0,0,0,0,0,0,0,0,5,6,0
173780,9,250865,1,9,4,4,0,1,0,1,0,34,0.033333333,0,0,0,0,0,0,0,0,0,0,7,9,0
173794,3,334927,2,2,2,0,0,0,0,0,0,7,0.066666667,0,0,0,0,0,0,0,0,0,0,1,1,1
173807,1,188602,1,1,1,0,0,0,0,0,0,96,0.033333333,0,0,0,0,0,0,0,0,0,0,1,1,0
173829,421,457932,3,1,1,0,0,0,0,0,0,21,0.033333333,0,0,0,0,0,0,0,0,0,0,1,1,0
173832,153,334927,2,2,2,0,0,0,0,0,0,7,0.033333333,0,0,0,0,0,0,0,0,0,0,1,2,0
173833,12,346877,1,12,1,5,0,3,0,4,3,9,0.033333333,0,0,0,0,0,0,0,0,0,0,6,12,0
173844,6,334927,1,6,2,2,0,1,0,1,1,7,0.033333333,0,0,0,0,0,0,0,0,0,0,5,6,0
173846,164,127749,3,1,1,0,0,0,0,0,0,102,0.033333333,0,0,0,0,0,0,0,0,0,0,1,1,0
173849,329,346877,7,2,2,0,0,0,0,0,0,9,0.033333333,0,0,0,0,0,0,0,0,0,0,1,2,0
173851,329,34988,7,2,2,0,0,0,0,0,0,108,0.033333333,0,0,0,0,0,0,0,0,0,0,1,2,0
173856,37,85168,1,37,8,15,3,0,1,20,0,139,0.1,34,0,0,0,0,0,0,0,0,0,15,2,1
173862,2,502584,1,2,2,0,0,0,0,0,0,143,0.033333333,0,0,0,2,0,0,0,0,0,0,2,2,0
173883,45,250865,9,19,6,7,0,2,0,5,2,34,0.066666667,0,0,0,0,0,0,0,0,0,0,9,12,7
173904,9,334927,4,6,2,2,0,1,0,1,1,7,0.033333333,0,0,0,0,0,0,0,0,0,0,5,6,0
173925,65,43183,3,11,1,3,0,2,0,4,1,24,0.033333333,0,0,0,0,0,0,0,0,0,0,5,11,0
173936,5,188602,4,2,2,0,0,0,0,0,0,96,0.066666667,0,0,0,0,0,0,0,0,0,0,1,1,0
173950,7,334927,5,1,1,0,0,0,0,0,0,7,0.033333333,0,0,0,0,0,0,0,0,0,0,1,1,0
173954,7,346877,5,3,3,0,0,0,0,0,0,9,0.033333333,0,0,0,0,0,0,0,0,0,0,2,3,0
173965,17,502584,2,15,3,4,0,3,1,3,3,143,0.033333333,0,0,0,15,0,0,0,0,0,0,10,15,0
173968,231,457932,5,27,4,13,3,3,0,8,3,21,0.1,0,0,0,0,0,0,0,0,0,0,13,12,0
173977,5,399092,1,5,5,0,0,0,0,0,0,101,0.033333333,0,0,5,0,0,0,0,0,0,0,2,5,0
173995,1130,110497,3,1,1,0,0,0,0,0,0,24,0.033333333,0,0,0,0,0,0,0,0,0,0,1,1,0
173998,64,334927,1,64,7,23,0,18,3,14,12,7,0.033333333,0,0,0,0,0,0,0,0,0,0,23,64,0
174004,10,86829,3,1,1,0,0,0,0,0,0,63,0.033333333,0,0,0,0,0,0,0,0,0,0,1,1,0
174009,68,43183,4,26,1,3,4,1,0,12,1,24,0.033333333,0,0,0,0,0,0,0,0,0,0,7,26,0
174015,40,250865,2,33,4,21,1,0,0,25,0,34,0.066666667,0,0,0,0,0,0,0,0,0,0,8,32,0
174020,22,24979,1,22,7,11,0,2,0,6,1,25,0.066666667,0,0,15,7,0,0,0,0,0,0,12,15,7
174028,3,399092,1,3,3,0,0,0,0,0,0,101,0.033333333,0,0,3,0,0,0,0,0,0,0,2,3,0
174054,229,250865,1,229,24,43,77,30,2,77,0,34,0.2,17,0,0,0,0,0,0,0,0,0,29,79,0
174056,5,334927,1,5,3,2,0,0,0,1,0,7,0.033333333,0,0,0,0,0,0,0,0,0,0,5,5,0
174070,4,399092,2,2,2,0,0,0,0,0,0,101,0.033333333,0,0,2,0,0,0,0,0,0,0,2,2,0
174080,21,46603,2,1,1,0,0,0,0,0,0,5,0.033333333,0,0,0,0,0,0,0,0,0,0,1,1,0
174092,102,457932,4,16,2,4,4,3,0,3,2,21,0.033333333,0,0,0,0,0,0,0,0,0,0,9,16,0
174108,32,46603,2,9,1,5,0,2,0,2,1,5,0.033333333,0,0,0,0,0,0,0,0,0,0,5,9,0
174112,74,502584,3,14,6,6,0,2,0,1,0,143,0.033333333,0,0,0,14,0,0,0,0,0,0,7,14,0
174113,349,346877,2,1,1,0,0,0,0,0,0,9,0.033333333,0,0,0,0,0,0,0,0,0,0,1,1,0
174114,127,457932,3,10,1,5,0,3,0,2,1,21,0.033333333,0,0,0,0,0,0,0,0,0,0,6,10,0
174115,8,399092,2,7,6,0,0,0,0,0,0,101,0.033333333,0,0,7,0,0,0,0,0,0,0,6,7,0
174130,1381,110497,6,1,1,0,0,0,0,0,0,24,0.033333333,0,0,0,0,0,0,0,0,0,0,1,1,0
174131,229,24979,10,18,2,6,0,5,0,5,5,25,0.066666667,0,0,0,17,0,0,0,0,0,0,11,18,0
174133,753,502584,4,1,1,0,0,0,0,0,0,143,0.033333333,0,0,0,1,0,0,0,0,0,0,1,1,0
174140,2,250865,1,2,2,0,0,0,0,0,0,34,0.033333333,0,0,0,0,0,0,0,0,0,0,1,2,0
174148,19,46603,2,7,1,4,0,1,0,3,1,5,0.033333333,0,0,0,0,0,0,0,0,0,0,6,7,0
174189,72,334927,1,72,14,27,6,17,0,20,6,7,0.066666667,0,0,0,0,0,0,0,0,0,0,18,41,31
174202,1,502584,1,1,1,0,0,0,0,0,0,143,0.033333333,0,0,0,1,0,0,0,0,0,0,1,1,0
174213,8,140022,1,8,2,4,0,0,0,5,0,232,0.033333333,0,0,0,0,0,0,0,0,0,0,6,8,0
174243,206,260769,7,1,1,0,0,0,0,0,0,0,0.033333333,0,0,0,0,0,0,0,0,0,0,1,1,0
174247,83,110497,7,1,1,0,0,0,0,0,0,24,0.033333333,0,0,0,0,0,0,0,0,0,0,1,1,0
174254,12,110497,1,12,3,6,0,1,0,4,1,24,0.066666667,6,0,0,0,0,0,0,0,0,0,7,6,6
174259,7,250865,2,5,2,3,0,0,0,2,0,34,0.033333333,0,0,0,0,0,0,0,0,0,0,4,5,0
174260,217,250865,3,6,2,2,0,1,0,1,1,34,0.033333333,0,0,0,0,0,0,0,0,0,0,5,6,0
174272,18,250865,2,7,1,2,0,1,0,2,1,34,0.033333333,0,0,0,0,0,0,0,0,0,0,4,7,0
174282,155,250865,1,155,13,26,20,20,2,63,8,34,0.1,0,0,0,0,0,0,0,0,0,0,22,19,136
174296,2,399092,1,2,2,0,0,0,0,0,0,101,0.033333333,0,0,2,0,0,0,0,0,0,0,2,2,0
174332,6,188602,5,1,1,0,0,0,0,0,0,96,0.033333333,0,0,0,0,0,0,0,0,0,0,1,1,0
174333,6,127749,5,1,1,0,0,0,0,0,0,102,0.033333333,0,0,0,0,0,0,0,0,0,0,1,1,0
174334,116,457932,5,12,1,4,3,3,0,3,1,21,0.033333333,0,0,0,0,0,0,0,0,0,0,7,12,0
174337,36,334927,1,36,6,19,3,3,1,14,3,7,0.066666667,0,0,0,0,0,0,0,0,0,0,18,30,6
174342,309,334927,3,8,4,2,0,1,0,1,1,7,0.1,0,0,0,0,0,0,0,0,0,0,6,6,2
174355,141,110497,5,6,3,1,0,1,0,1,1,24,0.033333333,0,0,0,0,0,0,0,0,0,0,6,6,0
174360,2022,34988,9,1,1,0,0,0,0,0,0,108,0.033333333,0,0,0,0,0,0,0,0,0,0,1,1,0
174378,12,457932,1,12,2,6,0,2,0,6,1,21,0.033333333,0,0,0,0,0,0,0,0,0,0,7,12,0
174394,3,21216,1,3,3,0,0,0,0,0,0,19,0.033333333,0,0,3,0,0,0,0,0,0,0,1,3,0
174395,2,21216,1,2,2,0,0,0,0,0,0,19,0.033333333,0,0,2,0,0,0,0,0,0,0,1,2,0
174410,10,21216,2,9,5,2,0,1,0,1,1,19,0.033333333,0,0,9,0,0,0,0,0,0,0,7,9,0
174420,9,127749,1,9,2,3,0,2,0,2,2,102,0.033333333,0,0,0,0,0,0,0,0,0,0,7,9,0
174424,1980,334927,13,9,3,0,0,0,6,0,0,7,0.033333333,0,0,0,0,0,0,0,0,0,0,4,9,0
174425,2,502584,1,2,2,0,0,0,0,0,0,143,0.033333333,0,0,2,0,0,0,0,0,0,0,2,2,0
174431,2,334927,1,2,2,0,0,0,0,0,0,7,0.033333333,0,0,0,0,0,0,0,0,0,0,2,2,0
174434,2,334927,1,2,2,0,0,0,0,0,0,7,0.033333333,0,0,0,0,0,0,0,0,0,0,2,2,0
174462,34,261579,4,17,8,2,0,1,5,1,1,5,0.033333333,0,0,0,0,0,0,0,0,17,0,6,17,0
174475,26,250865,2,9,4,2,0,1,0,1,1,34,0.033333333,0,0,0,0,0,0,0,0,0,0,7,9,0
174487,204,261579,5,21,3,16,0,1,0,13,1,5,0.033333333,0,0,0,0,0,0,0,0,21,0,17,21,0
174495,19,457932,2,18,2,8,4,2,0,5,1,21,0.033333333,0,0,0,0,0,0,0,0,0,0,8,18,0
174496,126,110497,3,30,3,7,3,7,0,10,4,24,0.033333333,0,0,0,0,0,0,0,0,0,0,16,30,0
174497,1,24979,1,1,1,0,0,0,0,0,0,25,0.033333333,0,0,1,0,0,0,0,0,0,0,1,1,0
174515,42,334927,1,42,9,13,0,10,1,10,7,7,0.033333333,0,0,0,0,0,0,0,0,0,0,21,42,0
174524,12,85576,1,12,5,3,0,2,0,2,2,54,0.033333333,0,0,0,0,0,0,0,0,0,0,8,12,0
174537,183,140022,6,11,3,5,0,3,0,2,0,232,0.066666667,0,0,0,0,0,0,0,0,0,0,6,1,0
174542,1,261579,1,1,1,0,0,0,0,0,0,5,0.033333333,0,0,0,0,0,0,0,0,1,0,1,1,0
174554,14,140022,1,14,6,2,0,1,3,2,1,232,0.033333333,0,0,0,0,0,0,0,0,0,0,9,14,0
174571,11,260769,1,11,2,5,0,1,0,6,1,0,0.033333333,0,0,0,0,0,0,0,0,0,0,5,11,0
174574,2,457932,1,2,2,0,0,0,0,0,0,21,0.033333333,0,0,0,0,0,0,0,0,0,0,2,2,0
174594,27,334927,3,9,2,3,0,2,0,2,2,7,0.033333333,0,0,0,0,0,0,0,0,0,0,7,9,0
174601,162,42723,10,11,2,5,0,2,0,4,2,6,0.033333333,0,0,0,0,0,0,0,0,0,0,7,11,0
174606,312,110497,2,19,7,7,0,1,3,4,1,24,0.033333333,0,0,0,0,0,0,0,0,0,0,8,19,0
174610,1,457932,1,1,1,0,0,0,0,0,0,21,0.033333333,0,0,0,0,0,0,0,0,0,0,1,1,0
174615,12,46603,1,12,3,4,0,3,0,3,2,5,0.033333333,0,0,0,0,0,0,0,0,0,0,8,12,0
174633,171,140022,1,171,22,22,62,1,7,41,0,232,0.033333333,0,0,0,0,0,0,0,0,0,0,33,171,0
174637,39,399092,3,19,3,8,0,5,0,6,3,101,0.033333333,0,0,0,0,0,0,0,0,0,0,10,19,0
174639,53,110497,4,7,2,3,0,1,0,2,1,24,0.033333333,0,0,0,0,0,0,0,0,0,0,5,7,0
174640,66,34988,3,14,2,4,3,1,0,5,0,108,0.033333333,0,0,0,0,0,0,0,0,0,0,6,14,0
174652,5,346877,2,3,3,0,0,0,0,0,0,9,0.033333333,0,0,0,0,0,0,0,0,0,0,2,3,0
174675,2674,247683,11,1,1,0,0,0,0,0,0,23,0.033333333,0,0,0,0,0,0,0,0,0,0,1,1,0
174721,68,85576,4,1,1,0,0,0,0,0,0,54,0.033333333,0,0,0,0,0,0,0,0,0,0,1,1,0
174743,10,346877,1,10,6,2,0,1,0,1,1,9,0.033333333,0,0,0,0,0,0,0,0,0,0,6,10,0
174749,102,457932,2,101,10,25,11,17,25,14,9,21,0.1,0,0,0,0,0,0,0,0,0,0,33,59,0
174755,4,334927,1,4,2,2,0,0,0,1,0,7,0.033333333,0,0,0,0,0,0,0,0,0,0,4,4,0
174781,73,334927,1,73,6,33,0,18,0,27,16,7,0.1,0,0,0,0,0,0,0,0,0,0,20,60,12
174786,20,457932,2,19,3,7,5,2,0,2,1,21,0.1,0,0,0,0,0,0,0,0,0,0,7,12,0
174787,20,110497,2,1,1,0,0,0,0,0,0,24,0.033333333,0,0,0,0,0,0,0,0,0,0,1,1,0
174796,115,250865,3,43,2,5,27,4,0,7,0,34,0.033333333,0,0,0,0,0,0,0,0,0,0,9,43,0
174799,157,457932,7,1,1,0,0,0,0,0,0,21,0.033333333,0,0,0,0,0,0,0,0,0,0,1,1,0
174809,14,250865,1,14,2,6,0,3,0,4,3,34,0.033333333,0,0,0,0,0,0,0,0,0,0,7,14,0
174819,36,457932,2,1,1,0,0,0,0,0,0,21,0.033333333,0,0,0,0,0,0,0,0,0,0,1,1,0
174822,3,260769,2,1,1,0,0,0,0,0,0,0,0.033333333,0,0,0,0,0,0,0,0,0,0,1,1,0
174824,18,502584,2,1,1,0,0,0,0,0,0,143,0.033333333,0,0,1,0,0,0,0,0,0,0,1,1,0
174836,53,457932,1,53,1,28,3,14,0,27,5,21,0.033333333,0,0,0,0,0,0,0,0,0,0,13,53,0
174845,14,334927,1,14,9,2,0,1,1,2,1,7,0.033333333,0,0,0,0,0,0,0,0,0,0,7,14,0
174847,26,250865,2,16,2,10,0,0,0,11,0,34,0.033333333,0,0,0,0,0,0,0,0,0,0,9,16,0
174850,159,346877,6,147,8,58,30,24,0,45,11,9,0.166666667,0,0,0,0,0,0,0,0,0,0,29,19,40
174858,36,334927,2,15,2,5,0,4,0,4,4,7,0.033333333,0,0,0,0,0,0,0,0,0,0,11,15,0
174887,24,42723,4,9,6,1,0,1,0,1,1,6,0.033333333,0,0,0,0,0,0,0,0,0,0,7,9,0
174896,62,127749,3,50,4,25,0,13,0,14,8,102,0.066666667,0,0,0,0,0,0,0,0,0,0,24,20,0
174897,9,250865,1,9,2,4,0,2,0,3,1,34,0.033333333,0,0,0,0,0,0,0,0,0,0,6,9,0
174918,42,261579,5,2,2,0,0,0,0,0,0,5,0.033333333,0,0,0,0,0,0,0,0,2,0,1,2,0
174940,13,457932,2,12,2,6,0,3,0,3,1,21,0.033333333,0,0,0,0,0,0,0,0,0,0,6,12,0
174955,12,346877,1,12,3,6,0,1,0,5,0,9,0.033333333,0,0,0,0,0,0,0,0,0,0,9,12,0
174956,57,457932,2,12,7,2,0,0,2,1,0,21,0.066666667,0,4,0,0,0,0,0,0,0,0,6,8,0
174960,10,334927,1,10,6,2,0,1,0,1,1,7,0.033333333,0,0,0,0,0,0,0,0,0,0,7,10,0
174973,203,85168,3,60,2,11,27,9,0,8,6,139,0.033333333,0,0,0,0,0,0,0,0,0,0,19,60,0
174976,243,399092,2,5,3,2,0,0,0,1,0,101,0.033333333,0,0,0,0,0,0,0,0,0,0,4,5,0
174978,22,457932,1,22,6,3,5,1,1,3,1,21,0.033333333,0,0,0,0,0,0,0,0,0,0,11,22,0
174986,215,334927,8,9,1,4,0,2,0,3,2,7,0.033333333,0,0,0,0,0,0,0,0,0,0,7,9,0
175000,4,334927,1,4,2,2,0,0,0,1,0,7,0.033333333,0,0,0,0,0,0,0,0,0,0,4,4,0
175001,143,42723,3,1,1,0,0,0,0,0,0,6,0.033333333,0,0,0,0,0,0,0,0,0,0,1,1,0
175004,30,46603,1,30,4,22,3,1,0,19,0,5,0.033333333,0,0,0,0,0,0,0,0,0,0,17,30,0
175006,38,140022,2,24,7,2,0,1,2,6,1,232,0.033333333,0,0,0,0,0,0,0,0,0,0,8,24,0
175010,39,261579,2,4,3,1,0,0,0,1,0,5,0.033333333,0,0,0,0,0,0,0,0,4,0,4,4,0
175019,6,260769,2,1,1,0,0,0,0,0,0,0,0.033333333,0,0,0,0,0,0,0,0,0,0,1,1,0
175032,11,346877,2,10,2,4,0,2,0,3,2,9,0.033333333,0,0,0,0,0,0,0,0,0,0,7,10,0
175034,21,85576,3,11,6,2,0,1,0,2,1,54,0.033333333,0,0,0,0,0,0,0,0,0,0,7,11,0
175036,69,457932,1,69,6,15,18,14,0,15,12,21,0.033333333,0,0,0,0,0,0,0,0,0,0,30,69,0
175038,43,85576,3,3,1,2,0,0,0,1,0,54,0.033333333,0,0,0,0,0,0,0,0,0,0,3,3,0
175048,14,261579,4,6,2,2,0,1,0,1,1,5,0.033333333,0,0,0,0,0,0,0,0,6,0,5,6,0
175051,61,502584,2,44,2,13,3,7,0,19,6,143,0.033333333,0,0,44,0,0,0,0,0,0,0,10,44,0
175052,31,502584,2,20,11,2,0,1,1,2,1,143,0.066666667,0,0,5,0,0,0,0,0,0,0,8,15,0
175053,31,24979,2,11,6,2,0,1,0,1,1,25,0.033333333,0,0,11,0,0,0,0,0,0,0,7,11,0
175061,5,127749,5,1,1,0,0,0,0,0,0,102,0.033333333,0,0,0,0,0,0,0,0,0,0,1,1,0
175065,178,334927,2,2,2,0,0,0,0,0,0,7,0.033333333,0,0,0,0,0,0,0,0,0,0,2,2,0
175066,1,24979,1,1,1,0,0,0,0,0,0,25,0.033333333,0,0,1,0,0,0,0,0,0,0,1,1,0
175072,3,247683,3,1,1,0,0,0,0,0,0,23,0.033333333,0,0,0,0,0,0,0,0,0,0,1,1,0
175080,500,86829,2,1,0,0,0,0,0,0,0,63,0.033333333,0,0,0,0,0,0,0,0,0,0,1,1,0
175087,135,250865,2,25,2,9,0,8,0,8,6,34,0.066666667,0,0,0,0,0,0,0,0,0,0,12,1,0
175088,4,346877,1,4,2,0,0,0,1,0,0,9,0.033333333,0,0,0,0,0,0,0,0,0,0,3,4,0
175089,1,85168,1,1,1,0,0,0,0,0,0,139,0.033333333,0,0,0,0,0,0,0,0,0,0,1,1,0
175092,4,110497,1,4,4,0,0,0,0,0,0,24,0.033333333,0,0,0,0,0,0,0,0,0,0,4,4,0
175111,19,247683,12,2,2,0,0,0,0,0,0,23,0.066666667,0,0,0,0,0,0,0,0,0,0,1,1,1
175125,30,457932,1,30,2,8,6,7,0,7,6,21,0.033333333,0,0,0,0,0,0,0,0,0,0,13,30,0
175129,186,261579,8,1,1,0,0,0,0,0,0,5,0.033333333,0,0,0,0,0,0,0,0,1,0,1,1,0
175138,221,250865,3,66,5,20,10,15,0,21,8,34,0.066666667,0,0,0,0,0,0,0,0,0,0,16,60,0
175154,18,399092,1,18,11,4,0,2,0,3,1,101,0.033333333,0,0,0,0,0,0,0,0,0,0,6,18,0
175167,161,346877,7,32,3,11,3,0,7,15,0,9,0.033333333,0,0,0,0,0,0,0,0,0,0,15,32,0
175173,4,457932,2,2,2,0,0,0,0,0,0,21,0.033333333,0,0,0,0,0,0,0,0,0,0,2,2,0
175197,27,42723,2,13,3,4,0,3,0,3,3,6,0.033333333,0,0,0,0,0,0,0,0,0,0,7,13,0
175203,14,457932,2,13,1,4,3,2,0,4,1,21,0.033333333,0,0,0,0,0,0,0,0,0,0,7,13,0
175211,15,140022,1,15,5,4,0,2,0,4,2,232,0.066666667,6,0,0,0,0,0,0,0,0,0,8,9,0
175223,22,140022,2,20,1,7,0,6,0,6,6,232,0.033333333,0,0,0,0,0,0,0,0,0,0,8,20,0
175234,85,502584,4,1,1,0,0,0,0,0,0,143,0.033333333,0,0,1,0,0,0,0,0,0,0,1,1,0
175239,114,110497,4,35,2,14,0,5,0,20,3,24,0.033333333,0,0,0,0,0,0,0,0,0,0,10,35,0
175252,31,399092,3,1,1,0,0,0,0,0,0,101,0.033333333,0,0,0,0,0,0,0,0,0,0,1,1,0
175268,2,250865,1,2,2,0,0,0,0,0,0,34,0.033333333,0,0,0,0,0,0,0,0,0,0,2,2,0
175274,2,140022,1,2,2,0,0,0,0,0,0,232,0.033333333,0,0,0,0,0,0,0,0,0,0,2,2,0
175287,45,502584,9,1,1,0,0,0,0,0,0,143,0.033333333,0,0,1,0,0,0,0,0,0,0,1,1,0
175288,45,346877,9,1,1,0,0,0,0,0,0,9,0.033333333,0,0,0,0,0,0,0,0,0,0,1,1,0
175292,45,86829,9,1,1,0,0,0,0,0,0,63,0.033333333,0,0,0,0,0,0,0,0,0,0,1,1,0
175302,5,334927,5,1,1,0,0,0,0,0,0,7,0.033333333,0,0,0,0,0,0,0,0,0,0,1,1,0
175305,5,85576,5,1,1,0,0,0,0,0,0,54,0.033333333,0,0,0,0,0,0,0,0,0,0,1,1,0
175315,2,334927,1,2,2,0,0,0,0,0,0,7,0.033333333,0,0,0,0,0,0,0,0,0,0,2,2,0
175319,107,260769,3,1,1,0,0,0,0,0,0,0,0.033333333,0,0,0,0,0,0,0,0,0,0,1,1,0
175325,56,334927,2,46,3,11,7,10,5,10,8,7,0.066666667,0,0,0,0,0,0,0,0,0,0,23,22,0
175341,6,250865,1,6,2,2,0,1,0,1,1,34,0.033333333,0,0,0,0,0,0,0,0,0,0,5,6,0
175369,160,250865,2,21,6,3,0,2,4,5,1,34,0.033333333,0,0,0,0,0,0,0,0,0,0,9,21,0
175386,1,110497,1,1,1,0,0,0,0,0,0,24,0.033333333,0,0,0,0,0,0,0,0,0,0,1,1,0
175399,12,334927,1,12,4,4,0,2,0,3,2,7,0.033333333,0,0,0,0,0,0,0,0,0,0,7,12,0
175409,121,334927,3,61,17,18,0,1,1,18,1,7,0.033333333,0,0,0,0,0,0,0,0,0,0,14,61,0
175418,14,260769,2,1,1,0,0,0,0,0,0,0,0.033333333,0,0,0,0,0,0,0,0,0,0,1,1,0
175420,58,399092,1,58,8,21,0,17,1,18,4,101,0.033333333,0,0,0,0,0,0,0,0,0,0,17,58,0
175426,45,502584,2,25,8,6,0,4,0,6,3,143,0.066666667,0,0,1,0,0,0,0,0,0,0,8,24,0
175449,321,74042,4,1,1,0,0,0,0,0,0,27,0.033333333,0,0,0,0,0,0,0,0,0,0,1,1,0
175469,246,74042,3,1,1,0,0,0,0,0,0,27,0.033333333,0,0,0,0,0,0,0,0,0,0,1,1,0
175477,190,74042,2,9,2,3,0,2,0,2,2,27,0.033333333,0,0,0,0,0,0,0,0,0,0,6,9,0
175479,536,74042,4,6,2,2,0,1,0,1,1,27,0.033333333,0,0,0,0,0,0,0,0,0,0,5,6,0
175487,17,74042,1,17,4,6,0,2,0,7,2,27,0.033333333,0,0,0,0,0,0,0,0,0,0,7,17,0
175494,12,74042,1,12,2,5,0,3,0,2,2,27,0.066666667,0,0,0,0,0,0,0,0,0,0,7,9,3
175496,6,74042,1,6,2,2,0,1,0,1,1,27,0.033333333,0,0,0,0,0,0,0,0,0,0,5,6,0
175499,9,74042,1,9,4,3,0,1,0,2,1,27,0.033333333,0,0,0,0,0,0,0,0,0,0,5,9,0
175524,176,74042,5,1,1,0,0,0,0,0,0,27,0.033333333,0,0,0,0,0,0,0,0,0,0,1,1,0
175542,7,74042,1,7,2,3,0,1,0,2,1,27,0.033333333,0,0,0,0,0,0,0,0,0,0,5,7,0
175543,233,74042,3,6,2,2,0,1,0,1,1,27,0.033333333,0,0,0,0,0,0,0,0,0,0,5,6,0
175549,1,652701,1,1,1,0,0,0,0,0,0,3,0.033333333,0,0,0,0,0,0,0,0,0,0,1,1,0
175554,6,156596,1,6,2,2,0,1,0,1,1,224,0.033333333,0,0,0,0,0,0,0,0,0,6,5,6,0
175567,33,221833,2,7,2,3,0,1,0,2,1,58,0.066666667,0,0,0,0,0,0,0,0,0,0,5,5,2
175571,128,652701,1,128,14,28,13,0,32,0,0,3,0.033333333,0,0,0,0,0,0,0,0,0,0,12,128,0
175591,1,652701,1,1,1,0,0,0,0,0,0,3,0.033333333,0,0,0,0,0,0,0,0,0,0,1,1,0
175604,29,652701,1,29,3,7,7,5,0,0,0,3,0.033333333,0,0,0,0,0,0,0,0,0,0,9,29,0
175606,17,652701,1,17,2,5,0,4,0,0,0,3,0.033333333,0,0,0,0,0,0,0,0,0,0,8,17,0
175607,10,652701,1,10,6,3,0,0,1,0,0,3,0.033333333,0,0,0,0,0,0,0,0,0,0,5,10,0
175611,17,148039,1,17,4,8,0,3,0,8,1,18,0.066666667,0,0,0,0,0,0,0,0,0,0,9,6,11
175622,27,652701,1,27,5,7,5,5,0,0,0,3,0.033333333,0,0,0,0,0,0,0,0,0,0,13,27,0
175658,9,652701,1,9,2,4,0,2,0,0,0,3,0.033333333,0,0,0,0,0,0,0,0,0,0,6,9,0
175659,1,652701,1,1,1,0,0,0,0,0,0,3,0.033333333,0,0,0,0,0,0,0,0,0,0,1,1,0
175660,9,652701,1,9,5,2,0,1,0,0,0,3,0.033333333,0,0,0,0,0,0,0,0,0,0,7,9,0
175666,2,652701,1,2,2,0,0,0,0,0,0,3,0.033333333,0,0,0,0,0,0,0,0,0,0,2,2,0
175667,17,652701,1,17,4,6,0,4,0,2,2,3,0.066666667,0,0,0,11,0,0,0,0,0,0,9,6,0
175678,33,652701,1,33,3,11,1,6,0,0,0,3,0.033333333,0,0,0,0,0,0,0,0,0,0,10,33,0
175706,16,652701,1,16,6,5,0,3,0,0,0,3,0.033333333,0,0,0,0,0,0,0,0,0,0,6,16,0
175732,8,221833,1,8,4,2,0,1,0,1,1,58,0.066666667,0,0,0,0,0,0,0,0,0,0,6,7,0
175748,1,652701,1,1,1,0,0,0,0,0,0,3,0.033333333,0,0,0,0,0,0,0,0,0,0,1,1,0
175763,16,652701,1,16,5,4,0,3,1,0,0,3,0.033333333,0,0,0,0,0,0,0,0,0,0,9,16,0
175772,6,652701,1,6,2,4,0,0,0,0,0,3,0.033333333,0,0,0,0,0,0,0,0,0,0,5,6,0
175781,6,652701,1,6,2,2,0,1,0,0,0,3,0.033333333,0,0,0,0,0,0,0,0,0,0,5,6,0
175788,5,652701,1,5,2,3,0,0,0,0,0,3,0.033333333,0,0,0,0,0,0,0,0,0,0,4,5,0
175826,50,652701,2,26,8,10,0,5,0,0,0,3,0.033333333,0,0,0,0,0,0,0,0,0,0,13,26,0
175831,97,652701,3,13,5,1,0,1,0,0,0,3,0.033333333,0,0,0,0,0,0,0,0,0,0,7,13,0
175841,6,652701,1,6,2,2,0,1,0,0,0,3,0.033333333,0,0,0,0,0,0,0,0,0,0,5,6,0
175849,1,652701,1,1,1,0,0,0,0,0,0,3,0.033333333,0,0,0,0,0,0,0,0,0,0,1,1,0
175856,2,148039,1,2,2,0,0,0,0,0,0,18,0.033333333,0,0,0,0,0,0,0,0,0,0,1,2,0
175865,15,148039,1,15,2,7,0,4,0,6,2,18,0.033333333,0,0,0,0,0,0,0,0,0,0,8,15,0
175867,25,652701,1,25,5,10,0,7,0,0,0,3,0.033333333,0,0,0,0,0,0,0,0,0,0,12,25,0
175871,6,652701,1,6,2,2,0,1,0,0,0,3,0.033333333,0,0,0,0,0,0,0,0,0,0,5,6,0
175872,18,652701,1,18,4,5,0,4,0,0,0,3,0.033333333,0,0,0,0,0,0,0,0,0,0,9,18,0
175877,2,652701,1,2,2,0,0,0,0,0,0,3,0.033333333,0,0,0,0,0,0,0,0,0,0,2,2,0
175880,7,652701,1,7,3,2,0,1,0,0,0,3,0.033333333,0,0,0,0,0,0,0,0,0,0,5,7,0
175884,1,221833,1,1,1,0,0,0,0,0,0,58,0.033333333,0,0,0,0,0,0,0,0,0,0,1,1,0
175892,1,221833,1,1,1,0,0,0,0,0,0,58,0.033333333,0,0,0,0,0,0,0,0,0,0,1,1,0
175908,1,41550,1,1,1,0,0,0,0,0,0,21,0.033333333,0,0,0,0,0,0,0,0,0,0,1,1,0
175910,8,148039,1,8,1,3,0,2,0,2,2,18,0.033333333,0,0,0,0,0,0,0,0,0,0,6,8,0
175916,2,652701,1,2,2,0,0,0,0,0,0,3,0.033333333,0,0,0,0,0,0,0,0,0,0,2,2,0
175923,17,652701,1,17,3,4,0,3,0,0,0,3,0.033333333,0,0,0,0,0,0,0,0,0,0,7,17,0
175927,9,652701,1,9,3,2,0,1,1,0,0,3,0.033333333,0,0,0,0,0,0,0,0,0,0,6,9,0
175952,196,652701,3,1,1,0,0,0,0,0,0,3,0.033333333,0,0,0,0,0,0,0,0,0,0,1,1,0
175953,6,652701,1,6,2,2,0,1,0,0,0,3,0.033333333,0,0,0,0,0,0,0,0,0,0,5,6,0
175966,34,652701,1,34,5,11,0,7,3,0,0,3,0.033333333,0,0,0,0,0,0,0,0,0,0,10,34,0
175977,2,652701,1,2,2,0,0,0,0,0,0,3,0.033333333,0,0,0,0,0,0,0,0,0,0,2,2,0
175985,23,652701,1,23,4,4,4,4,0,0,0,3,0.033333333,0,0,0,0,0,0,0,0,0,0,11,23,0
175995,2,221833,1,2,2,0,0,0,0,0,0,58,0.033333333,0,0,0,0,0,0,0,0,0,0,2,2,0
176009,23,148039,1,23,3,10,0,8,0,7,2,18,0.033333333,0,0,0,0,0,0,0,0,0,0,11,23,0
176016,8,148039,1,8,4,2,0,1,0,1,1,18,0.033333333,0,0,0,0,0,0,0,0,0,0,7,8,0
176019,41,652701,1,41,4,4,19,3,0,0,0,3,0.033333333,0,0,0,0,0,0,0,0,0,0,9,41,0
176024,24,652701,2,17,7,4,0,2,1,0,0,3,0.033333333,0,0,0,0,0,0,0,0,0,0,10,17,0
176033,6,652701,1,6,2,2,0,1,0,0,0,3,0.033333333,0,0,0,0,0,0,0,0,0,0,5,6,0
176035,3,41550,1,3,3,0,0,0,0,0,0,21,0.033333333,0,0,0,0,0,0,0,0,0,0,2,3,0
176056,36,652701,1,36,6,16,1,9,0,0,0,3,0.1,0,0,0,0,0,0,0,0,0,0,13,13,0
176069,18,652701,1,18,4,5,4,3,0,0,0,3,0.033333333,0,0,0,0,0,0,0,0,0,0,8,18,0
176082,95,652701,1,95,16,17,13,13,6,4,3,3,0.1,0,0,0,0,36,0,0,0,0,0,24,39,20
176086,7,148039,2,3,3,0,0,0,0,0,0,18,0.033333333,0,0,0,0,0,0,0,0,0,0,2,3,0
176087,7,652701,2,4,3,0,0,0,0,0,0,3,0.033333333,0,0,0,0,0,0,0,0,0,0,4,4,0
176118,15,148039,2,9,2,3,0,2,0,2,2,18,0.033333333,0,0,0,0,0,0,0,0,0,0,7,9,0
176129,111,148039,3,1,1,0,0,0,0,0,0,18,0.033333333,0,0,0,0,0,0,0,0,0,0,1,1,0
176144,19,652701,1,19,3,5,0,3,7,0,0,3,0.066666667,0,0,0,0,0,0,0,0,0,0,7,1,0
176147,804,221833,4,102,3,14,24,11,0,38,7,58,0.033333333,0,0,0,0,0,0,0,0,0,0,20,102,0
176150,2,652701,1,2,2,0,0,0,0,0,0,3,0.033333333,0,0,0,0,0,0,0,0,0,0,2,2,0
176153,49,652701,1,49,13,3,0,0,31,0,0,3,0.033333333,0,0,0,0,0,0,0,0,0,0,6,49,0
176154,92,652701,2,7,5,2,0,0,0,0,0,3,0.033333333,0,0,0,0,0,0,0,0,0,0,3,7,0
176157,9,148039,1,9,2,3,0,2,0,2,2,18,0.033333333,0,0,9,0,0,0,0,0,0,0,7,9,0
176161,44,148039,1,44,15,12,0,9,0,8,6,18,0.033333333,0,0,44,0,0,0,0,0,0,0,12,44,0
176163,1,652701,1,1,1,0,0,0,0,0,0,3,0.033333333,0,0,0,0,0,0,0,0,0,0,1,1,0
176164,17,652701,2,2,2,0,0,0,0,0,0,3,0.033333333,0,0,0,0,0,0,0,0,0,0,2,2,0
176170,354,652701,2,13,4,6,0,1,0,0,0,3,0.066666667,0,0,0,0,0,0,0,0,0,0,6,6,0
176179,12,221833,1,12,2,4,0,3,0,3,3,58,0.033333333,0,0,0,0,0,0,0,0,0,0,9,12,0
176185,3,652701,1,3,2,1,0,0,0,0,0,3,0.033333333,0,0,0,0,0,0,0,0,0,0,3,3,0
176189,25,41550,1,25,6,7,0,6,2,6,2,21,0.033333333,0,0,0,0,0,0,0,0,0,0,10,25,0
176193,9,221833,1,9,2,5,0,1,0,4,1,58,0.033333333,0,0,0,0,0,0,0,0,0,0,6,9,0
176196,1,652701,1,1,1,0,0,0,0,0,0,3,0.033333333,0,0,0,0,0,0,0,0,0,0,1,1,0
176199,64,652701,2,63,9,28,8,0,16,22,0,3,0.1,0,0,0,0,43,10,0,0,0,0,17,10,0
176206,12,652701,1,12,7,4,0,0,1,1,0,3,0.033333333,0,0,0,0,0,0,0,0,0,0,6,12,0
176217,1,221833,1,1,1,0,0,0,0,0,0,58,0.033333333,0,0,0,0,0,0,0,0,0,0,1,1,0
176219,25,652701,1,25,13,6,0,2,1,2,2,3,0.033333333,0,0,0,0,0,0,0,0,0,0,8,25,0
176224,1,652701,1,1,1,0,0,0,0,0,0,3,0.033333333,0,0,0,0,0,0,0,0,0,0,1,1,0
176233,64,221833,2,17,5,2,3,1,1,3,1,58,0.033333333,0,0,0,0,0,0,0,0,0,0,9,17,0
176238,10,652701,1,10,2,8,0,0,0,2,0,3,0.033333333,0,0,0,0,0,0,0,0,0,0,4,10,0
176240,16,652701,1,16,10,4,0,0,1,1,0,3,0.033333333,0,0,0,0,0,0,0,0,0,0,7,16,0
176241,424,148039,2,1,1,0,0,0,0,0,0,18,0.033333333,0,0,1,0,0,0,0,0,0,0,1,1,0
176255,1,652701,1,1,1,0,0,0,0,0,0,3,0.033333333,0,0,0,0,0,0,0,0,0,0,1,1,0
176274,13,41550,3,2,2,0,0,0,0,0,0,21,0.033333333,0,0,0,0,0,0,0,0,0,0,2,2,0
176276,5,652701,1,5,1,4,0,0,0,1,0,3,0.033333333,0,0,0,0,0,0,0,0,0,0,4,5,0
176289,220,652701,2,1,1,0,0,0,0,0,0,3,0.033333333,0,0,0,0,0,0,0,0,0,0,1,1,0
176290,7,652701,1,7,3,3,0,0,0,1,0,3,0.033333333,0,0,0,0,0,0,0,0,0,0,5,7,0
176296,46,652701,1,46,13,19,0,5,1,13,5,3,0.033333333,0,0,0,0,0,0,0,0,0,0,14,46,0
176309,4,652701,1,4,2,2,0,0,0,0,0,3,0.033333333,0,0,0,0,0,0,0,0,0,0,3,4,0
176311,22,652701,1,22,6,12,0,2,1,1,0,3,0.066666667,0,0,0,0,0,0,0,0,0,0,7,7,0
176314,2,221833,1,2,2,0,0,0,0,0,0,58,0.033333333,0,0,0,0,0,0,0,0,0,0,2,2,0
176316,14,652701,1,14,5,7,0,1,0,5,1,3,0.033333333,0,0,0,0,0,0,0,0,0,0,7,14,0
176318,87,652701,2,2,2,0,0,0,0,0,0,3,0.033333333,0,0,0,0,0,0,0,0,0,0,1,2,0
176325,27,652701,1,27,7,9,0,5,1,4,4,3,0.033333333,0,0,0,0,0,0,0,0,0,0,11,27,0
176330,3,221833,2,1,1,0,0,0,0,0,0,58,0.033333333,0,0,0,0,0,0,0,0,0,0,1,1,0
176344,4,652701,1,4,3,0,0,0,0,0,0,3,0.033333333,0,0,4,0,0,0,0,0,0,0,4,4,0
176346,39,652701,1,39,4,30,0,4,0,27,1,3,0.066666667,0,0,15,24,0,0,0,0,0,0,14,15,24
176361,9,74042,1,9,2,3,0,2,0,2,2,27,0.033333333,0,0,0,0,0,0,0,0,0,0,7,9,0
176370,1039,74042,5,2,2,0,0,0,0,0,0,27,0.033333333,0,0,0,0,0,0,0,0,0,0,1,2,0
176373,2,878119,1,2,2,0,0,0,0,0,0,20,0.033333333,0,0,0,2,0,0,0,0,0,0,2,2,0
176374,39,878119,1,39,2,15,0,9,1,20,4,20,0.033333333,0,0,0,39,0,0,0,0,0,0,7,39,0
176395,1,878119,1,1,1,0,0,0,0,0,0,20,0.033333333,0,0,0,1,0,0,0,0,0,0,1,1,0
176405,120,34988,5,5,1,2,0,1,0,1,1,108,0.033333333,0,0,0,0,0,0,0,5,0,0,4,5,0
176423,364,21560,3,31,7,9,3,7,0,8,5,9,0.033333333,0,0,0,0,0,0,0,0,0,0,18,31,0
176425,2,878119,1,2,2,0,0,0,0,0,0,20,0.033333333,0,0,0,2,0,0,0,0,0,0,1,2,0
176431,34,21216,1,34,4,9,0,6,0,10,9,19,0.033333333,0,0,0,0,0,0,0,0,0,0,12,34,0
176439,316,21216,3,4,2,2,0,0,0,1,0,19,0.033333333,0,0,0,0,0,0,0,0,0,0,4,4,0
176449,31,878119,1,31,8,12,1,7,0,9,1,20,0.033333333,0,0,0,31,0,0,0,0,0,0,14,31,0
176456,1,21216,1,1,1,0,0,0,0,0,0,19,0.033333333,0,0,0,0,0,0,0,0,0,0,1,1,0
176461,1,21216,1,1,1,0,0,0,0,0,0,19,0.033333333,0,0,0,0,0,0,0,0,0,0,1,1,0
176472,1,148500,1,1,1,0,0,0,0,0,0,29,0.033333333,1,0,0,0,0,0,0,0,0,0,1,1,0
176491,9,878119,1,9,6,0,0,0,1,0,0,20,0.033333333,0,0,0,9,0,0,0,0,0,0,7,9,0
176493,2,878119,1,2,2,0,0,0,0,0,0,20,0.033333333,0,0,0,2,0,0,0,0,0,0,2,2,0
176497,16,148500,1,16,2,6,0,4,0,5,4,29,0.033333333,16,0,0,0,0,0,0,0,0,0,12,16,0
176510,49,878119,2,1,1,0,0,0,0,0,0,20,0.033333333,0,0,0,1,0,0,0,0,0,0,1,1,0
176522,1,43183,1,1,1,0,0,0,0,0,0,24,0.033333333,0,0,0,0,0,1,0,0,0,0,1,1,0
176531,6,21216,1,6,2,2,0,1,0,1,1,19,0.033333333,0,0,0,0,0,0,0,0,0,0,5,6,0
176537,10,878119,1,10,5,3,0,1,0,2,1,20,0.033333333,0,0,0,10,0,0,0,0,0,0,6,10,0
176559,12,878119,1,12,3,4,0,3,0,3,2,20,0.033333333,0,0,0,0,0,0,0,0,0,0,8,12,0
176566,58,399092,3,39,4,8,0,7,0,15,6,101,0.033333333,0,0,0,0,0,0,39,0,0,0,13,39,0
176569,15,502584,1,15,2,5,0,4,0,4,4,143,0.033333333,0,0,0,0,0,0,0,15,0,0,9,15,0
176574,29,260769,2,20,6,6,0,4,0,3,3,0,0.033333333,0,0,0,0,0,0,0,0,0,0,12,20,0
176580,41,346877,6,1,1,0,0,0,0,0,0,9,0.033333333,0,0,0,0,0,0,0,0,0,0,1,1,0
176598,78,399092,2,1,0,0,0,0,1,0,0,101,0.033333333,0,0,0,0,0,0,1,0,0,0,1,1,0
176619,210,502584,4,1,1,0,0,0,0,0,0,143,0.033333333,0,0,0,0,0,0,0,1,0,0,1,1,0
176623,72,250865,1,72,7,10,23,7,1,23,0,34,0.066666667,71,0,0,0,0,0,0,0,0,0,16,72,0
176630,47,457932,3,14,2,5,0,4,0,4,3,21,0.033333333,0,14,0,0,0,0,0,0,0,0,10,14,0
176659,124,24979,3,15,7,2,0,2,1,2,2,25,0.033333333,0,0,0,0,0,0,0,15,0,0,10,15,0
176666,39,457932,1,39,2,11,5,10,0,10,9,21,0.033333333,0,39,0,0,0,0,0,0,0,0,19,39,0
176670,13,878119,1,13,2,5,0,4,0,4,2,20,0.033333333,0,0,0,0,0,0,0,0,0,0,9,13,0
176673,9,878119,1,9,3,3,0,2,0,2,1,20,0.033333333,0,0,0,0,0,0,0,0,0,0,6,9,0
176681,1,878119,1,1,1,0,0,0,0,0,0,20,0.033333333,0,0,0,0,0,0,0,0,0,0,1,1,0
176687,158,250865,4,28,10,9,0,4,4,2,1,34,0.1,3,0,0,0,0,0,0,0,0,0,9,3,0
176693,19,346877,2,9,3,3,0,1,0,2,1,9,0.033333333,0,0,0,0,0,0,0,0,0,0,7,9,0
176703,91,346877,4,2,2,0,0,0,0,0,0,9,0.033333333,0,0,0,0,0,0,0,0,0,0,2,2,0
176712,4,127749,1,4,4,0,0,0,0,0,0,102,0.033333333,4,0,0,0,0,0,0,0,0,0,2,4,0
176722,28,878119,3,14,4,4,0,2,0,4,2,20,0.066666667,0,0,0,0,0,0,0,0,0,0,10,1,0
176730,3,878119,1,3,3,0,0,0,0,0,0,20,0.033333333,0,0,0,0,0,0,0,0,0,0,1,3,0
176742,2301,247683,7,2,2,0,0,0,0,0,0,23,0.033333333,0,0,0,0,0,0,0,0,0,0,1,2,0
176763,19,878119,1,19,2,6,0,5,4,5,2,20,0.033333333,0,0,0,0,0,0,0,0,0,0,9,19,0
176767,3,878119,3,1,1,0,0,0,0,0,0,20,0.033333333,0,0,0,0,0,0,0,0,0,0,1,1,0
176771,6,127749,2,5,5,0,0,0,0,0,0,102,0.033333333,5,0,0,0,0,0,0,0,0,0,4,5,0
176772,26,457932,1,26,8,6,0,5,1,5,4,21,0.033333333,0,26,0,0,0,0,0,0,0,0,16,26,0
176787,131,399092,4,96,7,15,20,1,6,38,0,101,0.066666667,0,0,0,0,0,0,12,0,0,84,16,12,0
176793,47,878119,1,47,10,13,3,10,3,10,5,20,0.066666667,0,0,0,0,0,0,0,0,0,0,21,43,0
176798,35,334927,2,18,6,4,0,3,1,3,3,7,0.033333333,0,0,0,0,0,0,0,0,0,0,12,18,0
176810,10,334927,1,10,3,4,0,1,0,3,1,7,0.033333333,0,0,0,0,0,0,0,0,0,0,8,10,0
176811,7,188602,1,7,2,3,0,1,0,2,1,96,0.033333333,0,0,0,0,0,0,0,0,0,0,6,7,0
176820,8,334927,1,8,4,2,0,1,0,1,1,7,0.033333333,0,0,0,0,0,0,0,0,0,0,6,8,0
176830,10,878119,1,10,1,5,0,2,0,4,2,20,0.033333333,0,0,0,0,0,0,0,0,0,0,7,10,0
176839,13,46603,4,1,1,0,0,0,0,0,0,5,0.033333333,0,0,0,0,0,0,0,0,0,0,1,1,0
176849,16,346877,2,10,4,3,0,1,1,2,1,9,0.033333333,0,0,0,0,0,0,0,0,0,0,7,10,0
176859,129,502584,4,50,5,6,0,5,28,5,5,143,0.033333333,0,0,0,0,0,0,0,50,0,0,15,50,0
176871,10,399092,4,6,6,0,0,0,0,0,0,101,0.033333333,0,0,0,0,0,0,6,0,0,0,4,6,0
176878,78,250865,3,2,2,0,0,0,0,0,0,34,0.033333333,2,0,0,0,0,0,0,0,0,0,1,2,0
176883,34,247683,5,1,1,0,0,0,0,0,0,23,0.033333333,0,0,0,0,0,0,0,0,0,0,1,1,0
176897,19,86829,3,7,2,3,0,1,0,2,1,63,0.033333333,0,0,0,0,0,0,0,0,0,0,6,7,0
176915,73,457932,4,5,5,0,0,0,0,0,0,21,0.033333333,0,5,0,0,0,0,0,0,0,0,2,5,0
176918,73,140022,4,10,3,3,0,2,0,2,2,232,0.033333333,10,0,0,0,0,0,0,0,0,0,5,10,0
176954,36,43183,2,23,6,3,1,2,3,5,2,24,0.033333333,0,0,0,0,0,0,0,0,0,0,12,23,0
176962,46,260769,2,6,2,2,0,1,0,1,1,0,0.033333333,6,0,0,0,0,0,0,0,0,0,5,6,0
176964,519,399092,7,1,1,0,0,0,0,0,0,101,0.033333333,0,0,0,0,0,0,1,0,0,0,1,1,0
176973,10,334927,2,9,2,5,0,1,0,4,1,7,0.033333333,0,0,0,0,0,0,0,0,0,0,8,9,0
176979,36,42723,1,36,7,9,0,6,8,6,5,6,0.033333333,0,0,0,0,0,0,0,0,0,0,17,36,0
176983,25,334927,1,25,6,7,0,6,0,6,5,7,0.033333333,0,0,0,0,0,0,0,0,0,0,15,25,0
176984,177,27035,5,23,2,10,0,1,0,3,1,60,0.033333333,0,23,0,0,0,0,0,0,0,0,8,23,0
176987,2,127749,1,2,2,0,0,0,0,0,0,102,0.033333333,2,0,0,0,0,0,0,0,0,0,2,2,0
177004,613,85168,6,1,1,0,0,0,0,0,0,139,0.033333333,0,0,0,0,0,0,0,0,0,0,1,1,0
177009,23,46603,2,14,4,5,0,3,0,2,2,5,0.033333333,0,0,0,0,0,0,0,0,0,0,6,14,0
177011,9,878119,2,2,2,0,0,0,0,0,0,20,0.033333333,0,0,0,0,0,0,0,0,0,0,2,2,0
177023,27,334927,1,27,3,14,0,5,0,11,5,7,0.033333333,0,0,0,0,0,0,0,0,0,0,14,27,0
177024,89,878119,2,83,11,25,5,22,6,21,9,20,0.033333333,0,0,0,0,0,0,0,0,0,0,23,83,0
177032,81,260769,5,21,2,6,0,4,0,8,4,0,0.033333333,21,0,0,0,0,0,0,0,0,0,11,21,0
177035,47,878119,4,23,6,15,0,0,0,14,0,20,0.033333333,0,0,0,0,0,0,0,0,0,0,14,23,0
177037,24,502584,1,24,10,11,0,0,1,2,0,143,0.033333333,0,0,0,0,0,0,0,24,0,0,7,24,0
177042,130,878119,2,4,2,2,0,0,0,1,0,20,0.033333333,0,0,0,0,0,0,0,0,0,0,4,4,0
177055,6,457932,2,2,2,0,0,0,0,0,0,21,0.033333333,0,2,0,0,0,0,0,0,0,0,2,2,0
177057,6,399092,2,4,4,0,0,0,0,0,0,101,0.033333333,0,0,0,0,0,0,4,0,0,0,2,4,0
177068,46,878119,5,27,4,11,0,7,0,10,5,20,0.1,0,0,0,0,0,0,0,0,0,0,12,1,0
177080,49,140022,1,49,14,18,2,1,1,18,2,232,0.033333333,49,0,0,0,0,0,0,0,0,0,14,49,0
177099,5,27035,2,1,1,0,0,0,0,0,0,60,0.033333333,0,1,0,0,0,0,0,0,0,0,1,1,0
177103,52,334927,2,38,8,20,6,1,1,18,0,7,0.033333333,0,0,0,0,0,0,0,0,0,0,17,38,0
177109,42,127749,2,15,3,7,0,1,4,6,0,102,0.033333333,15,0,0,0,0,0,0,0,0,0,7,15,0
177116,142,86829,3,1,1,0,0,0,0,0,0,63,0.033333333,0,0,0,0,0,0,0,0,0,0,1,1,0
177122,6,878119,1,6,2,3,0,1,0,2,0,20,0.033333333,0,0,0,0,0,0,0,0,0,0,5,6,0
177132,22,457932,1,22,2,6,4,5,0,5,4,21,0.033333333,0,22,0,0,0,0,0,0,0,0,13,22,0
177136,58,34988,2,47,8,6,4,4,1,19,3,108,0.066666667,0,0,0,0,0,0,0,0,0,0,13,2,0
177139,1198,110497,10,6,2,2,0,1,0,1,1,24,0.033333333,0,0,0,0,0,0,0,0,0,0,5,6,0
177179,359,85168,4,1,1,0,0,0,0,0,0,139,0.033333333,0,0,0,0,0,0,0,0,0,0,1,1,0
177222,10,334927,1,10,2,3,0,2,0,3,2,7,0.033333333,0,0,0,0,0,0,0,0,0,0,7,10,0
177228,118,250865,2,8,4,3,0,1,0,2,0,34,0.033333333,8,0,0,0,0,0,0,0,0,0,4,8,0
177229,461,878119,4,2,2,0,0,0,0,0,0,20,0.033333333,0,0,0,0,0,0,0,0,0,0,1,2,0
177240,381,24979,3,6,2,3,0,1,0,2,0,25,0.066666667,0,0,0,0,0,0,0,1,0,5,5,1,0
177257,195,250865,3,1,1,0,0,0,0,0,0,34,0.033333333,1,0,0,0,0,0,0,0,0,0,1,1,0
177263,10,334927,1,10,1,4,0,3,0,3,2,7,0.033333333,0,0,0,0,0,0,0,0,0,0,7,10,0
177271,2,878119,1,2,2,0,0,0,0,0,0,20,0.033333333,0,0,0,0,0,0,0,0,0,0,2,2,0
177278,234,457932,4,75,2,19,21,18,0,19,11,21,0.033333333,0,75,0,0,0,0,0,0,0,0,29,75,0
177285,82,878119,2,31,7,16,0,8,0,8,0,20,0.033333333,0,0,0,0,0,0,0,0,0,0,7,31,0
177291,82,457932,2,51,3,27,2,12,0,17,7,21,0.066666667,0,10,0,0,0,0,0,0,0,0,18,41,10
177300,575,457932,4,1,1,0,0,0,0,0,0,21,0.033333333,0,1,0,0,0,0,0,0,0,0,1,1,0
177302,21,334927,1,21,4,4,0,3,7,4,2,7,0.033333333,0,0,0,0,0,0,0,0,0,0,8,21,0
177303,12,334927,1,12,3,6,0,2,0,3,1,7,0.033333333,0,0,0,0,0,0,0,0,0,0,7,12,0
177314,17,457932,1,17,5,0,0,0,12,0,0,21,0.033333333,0,17,0,0,0,0,0,0,0,0,5,17,0
177318,113,188602,3,84,19,33,4,18,0,21,9,96,0.1,17,0,0,0,41,0,0,0,0,0,21,58,0
177327,5,457932,2,3,3,0,0,0,0,0,0,21,0.033333333,0,3,0,0,0,0,0,0,0,0,2,3,0
177330,13,140022,1,13,2,2,0,1,0,8,0,232,0.033333333,13,0,0,0,0,0,0,0,0,0,4,13,0
177333,16,878119,2,7,2,5,0,0,0,4,0,20,0.033333333,0,0,0,0,0,0,0,0,0,0,7,7,0
177343,57,878119,2,45,12,23,0,7,1,6,1,20,0.033333333,0,0,0,0,0,0,0,0,0,0,11,45,0
177345,17,878119,2,16,10,4,0,1,1,1,0,20,0.033333333,0,0,0,0,0,0,0,0,0,0,8,16,0
177363,23,110497,2,22,7,9,0,4,0,4,2,24,0.066666667,0,0,7,0,0,0,0,0,0,0,10,15,0
177379,16,457932,2,9,2,4,1,1,0,3,1,21,0.033333333,0,9,0,0,0,0,0,0,0,0,8,9,0
177404,202,43183,5,1,1,0,0,0,0,0,0,24,0.033333333,0,0,0,0,0,0,0,0,0,0,1,1,0
177424,21,260769,1,21,4,11,0,1,0,13,1,0,0.066666667,2,0,0,0,0,0,0,0,0,0,8,19,2
177431,88,878119,2,1,1,0,0,0,0,0,0,20,0.033333333,0,0,0,0,0,0,0,0,0,0,1,1,0
177445,7,334927,1,7,3,2,0,1,0,1,1,7,0.033333333,0,0,0,0,0,0,0,0,0,0,5,7,0
177449,12,457932,1,12,2,3,3,2,0,2,1,21,0.033333333,0,12,0,0,0,0,0,0,0,0,7,12,0
177454,13,247683,2,6,1,3,0,1,0,2,1,23,0.033333333,0,0,0,0,0,0,0,0,0,0,4,6,0
177456,518,878119,5,16,7,5,0,3,1,2,0,20,0.033333333,0,0,0,0,0,0,0,0,0,0,7,16,0
177480,162,21560,5,2,2,0,0,0,0,0,0,9,0.033333333,0,0,0,0,0,0,0,0,0,0,1,2,0
177492,20,457932,1,20,7,4,4,0,1,4,0,21,0.033333333,0,20,0,0,0,0,0,0,0,0,10,20,0
177496,46,878119,2,7,4,3,0,0,0,2,0,20,0.033333333,0,0,0,0,0,0,0,0,0,0,5,7,0
177504,339,250865,8,8,1,3,0,2,0,2,2,34,0.033333333,8,0,0,0,0,0,0,0,0,0,6,8,0
177533,33,457932,1,33,6,10,3,7,0,8,5,21,0.033333333,0,33,0,0,0,0,0,0,0,0,16,33,0
177536,17,42723,1,17,3,5,4,3,0,2,1,6,0.033333333,0,0,0,0,0,0,0,0,0,0,10,17,0
177559,4,502584,3,1,1,0,0,0,0,0,0,143,0.033333333,0,0,0,0,0,0,0,1,0,0,1,1,0
177565,480,89830,3,1,1,0,0,0,0,0,0,108,0.033333333,0,0,0,0,0,0,0,0,0,0,1,1,0
177586,21,91935,1,21,1,8,0,4,0,9,4,26,0.033333333,0,0,0,0,0,0,0,0,0,0,9,21,0
177600,14,89830,1,14,2,6,0,3,0,5,3,108,0.033333333,0,0,0,0,0,0,0,0,0,0,7,14,0
177625,157,91935,3,1,1,0,0,0,0,0,0,26,0.033333333,0,0,0,0,0,0,0,0,0,0,1,1,0
177644,1684,334927,8,1,1,0,0,0,0,0,0,7,0.033333333,0,0,0,0,0,0,0,0,0,0,1,1,0
177648,67,127749,2,1,1,0,0,0,0,0,0,102,0.033333333,0,0,0,0,0,0,0,0,0,0,1,1,0
177650,14,334927,3,5,3,2,0,0,0,1,0,7,0.033333333,0,0,0,0,0,0,0,0,0,0,3,5,0
177658,17,46603,2,6,2,2,0,1,0,1,1,5,0.033333333,0,0,0,0,0,0,0,0,0,0,5,6,0
177663,294,399092,3,10,1,5,0,3,0,4,1,101,0.033333333,0,0,0,0,0,0,0,0,0,0,6,10,0
177677,15,457932,4,1,1,0,0,0,0,0,0,21,0.033333333,0,0,0,0,0,0,0,0,0,0,1,1,0
177680,518,260769,4,138,9,40,21,34,1,33,29,0,0.066666667,0,0,0,0,0,0,0,0,0,0,52,5,133
177684,210,247683,2,18,3,8,0,5,1,3,0,23,0.033333333,0,0,0,0,0,0,0,0,0,0,7,18,0
177693,18,457932,1,18,3,8,2,4,0,3,1,21,0.033333333,0,0,0,0,0,0,0,0,0,0,8,18,0
177710,2674,334927,11,1,1,0,0,0,0,0,0,7,0.033333333,0,0,0,0,0,0,0,0,0,0,1,1,0
177716,6,346877,1,6,2,2,0,1,0,1,1,9,0.033333333,0,0,0,0,0,0,0,0,0,0,5,6,0
177741,6,334927,1,6,2,2,0,1,0,1,1,7,0.033333333,0,0,0,0,0,0,0,0,0,0,5,6,0
177749,22,399092,3,1,1,0,0,0,0,0,0,101,0.033333333,0,0,0,0,0,0,0,0,0,0,1,1,0
177763,23,399092,4,15,3,6,0,4,0,3,2,101,0.033333333,0,0,0,0,0,0,0,0,0,0,9,15,0
177771,64,140022,2,12,2,4,0,3,0,3,3,232,0.033333333,0,0,0,0,0,0,0,0,0,0,9,12,0
177800,1,334927,1,1,1,0,0,0,0,0,0,7,0.033333333,0,0,0,0,0,0,0,0,0,0,1,1,0
177803,1,334927,1,1,1,0,0,0,0,0,0,7,0.033333333,0,0,0,0,0,0,0,0,0,0,1,1,0
177804,276,247683,1,276,13,123,6,92,3,121,30,23,0.066666667,0,0,0,0,14,0,0,0,0,0,45,262,0
177807,7,334927,1,7,3,1,0,1,2,1,0,7,0.033333333,0,0,0,0,0,0,0,0,0,0,5,7,0
177819,11,250865,1,11,4,2,0,1,1,1,1,34,0.033333333,0,0,0,0,0,0,0,0,0,0,7,11,0
177825,22,334927,2,7,2,4,0,1,0,3,0,7,0.033333333,0,0,0,0,0,0,0,0,0,0,6,7,0
177829,290,247683,6,8,4,2,0,1,0,1,1,23,0.033333333,0,0,0,0,0,0,0,0,0,0,5,8,0
177831,290,334927,6,8,4,2,0,1,0,1,1,7,0.033333333,0,0,0,0,0,0,0,0,0,0,5,8,0
177840,16,334927,1,16,6,7,0,0,0,5,0,7,0.033333333,0,0,0,0,0,0,0,0,0,0,9,16,0
177852,14,334927,1,14,2,5,0,4,0,4,3,7,0.033333333,0,0,0,0,0,0,0,0,0,0,10,14,0
177861,2,334927,1,2,2,0,0,0,0,0,0,7,0.033333333,0,0,0,0,0,0,0,0,0,0,2,2,0
177873,60,334927,1,60,6,17,6,8,10,20,8,7,0.033333333,0,0,0,0,0,0,0,0,0,0,20,60,0
177875,14,457932,1,14,2,4,3,2,1,3,1,21,0.033333333,0,0,0,0,0,0,0,0,0,0,8,14,0
177881,1,42723,1,1,1,0,0,0,0,0,0,6,0.033333333,0,0,0,0,0,0,0,0,0,0,1,1,0
177885,31,334927,2,13,2,9,0,1,0,6,1,7,0.033333333,0,0,0,0,0,0,0,0,0,0,6,13,0
177900,38,46603,1,38,1,19,0,8,0,18,10,5,0.033333333,0,0,0,0,0,0,0,0,0,0,16,38,0
177901,30,110497,1,30,14,3,0,2,2,5,2,24,0.066666667,0,0,0,0,0,0,0,0,0,0,10,30,0
177907,1,247683,1,1,1,0,0,0,0,0,0,23,0.033333333,0,0,0,0,0,0,0,0,0,0,1,1,0
177916,3,85576,2,2,2,0,0,0,0,0,0,54,0.033333333,0,0,0,0,0,0,0,0,0,0,2,2,0
177923,107,457932,2,13,1,5,4,1,0,4,1,21,0.033333333,0,0,0,0,0,0,0,0,0,0,8,13,0
177951,10,502584,1,10,2,4,0,2,0,3,2,143,0.033333333,0,0,0,0,0,0,0,0,0,0,7,10,0
177957,410,110497,4,1,1,0,0,0,0,0,0,24,0.033333333,0,0,0,0,0,0,0,0,0,0,1,1,0
177971,4,399092,1,4,4,0,0,0,0,0,0,101,0.033333333,0,0,0,0,0,0,0,0,0,0,3,4,0
177985,5,502584,1,5,1,4,0,0,0,3,0,143,0.033333333,0,0,0,0,0,0,0,0,0,0,5,5,0
177990,43,334927,1,43,6,15,2,11,0,12,9,7,0.033333333,0,0,0,0,0,0,0,0,0,0,21,43,0
177993,8,250865,2,2,2,0,0,0,0,0,0,34,0.033333333,0,0,0,0,0,0,0,0,0,0,1,2,0
178013,16,502584,1,16,3,1,4,1,0,4,1,143,0.033333333,0,0,0,0,0,0,0,0,0,0,7,16,0
178028,97,250865,2,11,5,2,0,2,0,2,1,34,0.033333333,0,0,0,0,0,0,0,0,0,0,8,11,0
178034,43,457932,1,43,7,9,8,8,1,9,7,21,0.033333333,0,0,0,0,0,0,0,0,0,0,23,43,0
178043,14,110497,1,14,2,4,0,3,0,6,2,24,0.033333333,0,0,0,0,0,0,0,0,0,0,8,14,0
178049,10,250865,1,10,3,1,0,1,0,3,1,34,0.033333333,0,0,0,0,0,0,0,0,0,0,6,10,0
178055,111,140022,2,9,2,6,0,0,0,6,0,232,0.033333333,0,0,0,0,0,0,0,0,0,0,5,9,0
178057,54,346877,2,23,3,6,9,1,0,7,1,9,0.033333333,0,0,0,0,0,0,0,0,0,0,9,23,0
178058,111,85168,2,102,5,30,29,20,0,34,9,139,0.066666667,0,0,0,0,0,0,0,0,0,0,19,98,0
178063,23,334927,2,1,1,0,0,0,0,0,0,7,0.033333333,0,0,0,0,0,0,0,0,0,0,1,1,0
178078,78,334927,2,5,3,2,0,0,0,1,0,7,0.033333333,0,0,0,0,0,0,0,0,0,0,5,5,0
178105,21,261579,5,1,1,0,0,0,0,0,0,5,0.033333333,0,0,0,0,0,0,1,0,0,0,1,1,0
178129,57,85576,3,16,6,2,0,1,1,4,1,54,0.033333333,0,0,0,0,0,0,0,0,0,0,8,16,0
178133,2,250865,1,2,2,0,0,0,0,0,0,34,0.033333333,0,0,0,0,0,0,0,0,0,0,2,2,0
178139,6,502584,1,6,2,2,0,1,0,1,1,143,0.033333333,0,0,0,0,0,0,0,0,0,0,5,6,0
178141,162,247683,7,15,3,5,0,4,0,4,3,23,0.033333333,0,0,0,0,0,0,0,0,0,0,10,15,0
178147,9,334927,1,9,2,2,0,1,0,4,1,7,0.033333333,0,0,0,0,0,0,0,0,0,0,5,9,0
178148,162,457932,7,20,4,6,3,4,0,3,2,21,0.066666667,0,0,0,0,0,0,0,0,0,0,8,12,8
178155,6,250865,2,2,2,0,0,0,0,0,0,34,0.033333333,0,0,0,0,0,0,0,0,0,0,2,2,0
178162,67,334927,3,15,3,6,0,4,0,3,2,7,0.033333333,0,0,0,0,0,0,0,0,0,0,8,15,0
178168,414,261579,3,1,1,0,0,0,0,0,0,5,0.033333333,0,0,0,0,0,0,1,0,0,0,1,1,0
178169,21,502584,1,21,1,6,0,5,4,5,5,143,0.033333333,0,0,0,0,0,0,0,0,0,0,6,21,0
178170,67,502584,3,2,2,0,0,0,0,0,0,143,0.066666667,0,0,0,0,0,0,0,0,0,0,1,1,0
178172,15,260769,3,7,3,2,0,1,0,1,1,0,0.033333333,0,0,0,0,0,0,0,0,0,0,5,7,0
178181,314,46603,5,4,2,2,0,0,0,1,0,5,0.033333333,0,0,0,0,0,0,0,0,0,0,4,4,0
178191,15,457932,2,14,2,4,4,2,0,3,1,21,0.033333333,0,0,0,0,0,0,0,0,0,0,7,14,0
178198,6,502584,1,6,1,3,0,1,0,2,1,143,0.033333333,0,0,0,0,0,0,0,0,0,0,4,6,0
178200,65,110497,2,1,1,0,0,0,0,0,0,24,0.033333333,0,0,0,0,0,0,0,0,0,0,1,1,0
178228,372,89830,4,14,8,4,0,2,0,1,0,108,0.066666667,0,2,0,0,0,0,0,0,0,0,5,2,12
178254,831,907118,2,25,2,9,0,8,0,8,6,19,0.066666667,0,0,0,0,0,0,0,0,0,0,15,23,2
178258,38,907118,1,38,5,14,0,11,0,10,7,19,0.1,0,0,0,0,0,0,0,18,0,0,13,17,3
178267,21,907118,1,21,1,10,0,6,0,10,0,19,0.066666667,0,0,0,0,0,0,0,0,0,0,7,19,2
178273,56,907118,1,56,18,25,0,11,0,18,0,19,0.033333333,0,0,0,0,0,0,0,0,0,0,17,56,0
178280,6,907118,1,6,1,3,0,2,0,2,0,19,0.033333333,0,0,0,0,0,0,0,0,0,0,4,6,0
178286,87,907118,1,87,13,35,12,14,2,28,5,19,0.1,0,0,0,0,0,0,0,0,0,0,31,50,37
178293,22,907118,2,21,9,7,0,2,0,4,0,19,0.033333333,0,0,0,0,0,0,0,0,0,0,9,21,0
178294,17,907118,1,17,3,11,0,3,0,3,0,19,0.066666667,0,0,0,0,0,0,0,0,0,0,6,16,1
178305,3,907118,1,3,3,0,0,0,0,0,0,19,0.066666667,0,0,0,0,0,0,0,0,0,0,2,2,0
178313,20,907118,1,20,16,2,0,1,0,1,0,19,0.033333333,0,0,0,0,0,0,0,0,0,0,8,20,0
178321,1,91935,1,1,1,0,0,0,0,0,0,26,0.033333333,1,0,0,0,0,0,0,0,0,0,1,1,0
178334,20,155579,1,20,1,12,0,5,0,11,2,17,0.033333333,0,0,0,0,0,0,0,0,0,0,9,20,0
178340,123,155579,2,72,7,23,0,21,0,22,19,17,0.033333333,0,0,0,0,0,0,0,0,0,0,41,72,0
178358,6,155579,1,6,2,2,0,1,0,1,1,17,0.066666667,0,0,0,0,0,0,0,0,0,0,5,5,1
178376,130,907118,2,3,1,2,0,0,0,1,0,19,0.033333333,0,0,0,0,0,0,0,0,0,0,3,3,0
178393,18,155579,1,18,3,8,0,0,0,8,7,17,0.066666667,0,0,0,0,0,0,0,0,0,0,14,8,10
178400,35,907118,2,30,7,14,0,9,0,5,0,19,0.033333333,0,0,0,0,0,0,0,0,0,0,8,30,0
178406,186,907118,1,186,42,69,7,44,0,48,15,19,0.2,0,0,0,0,0,0,0,0,0,0,37,87,0
178407,1,907118,1,1,1,0,0,0,0,0,0,19,0.033333333,0,0,0,0,0,0,0,0,0,0,1,1,0
178410,13,155579,1,13,3,2,0,1,1,5,1,17,0.033333333,0,0,0,0,0,0,0,0,0,0,5,13,0
178423,17,907118,1,17,5,6,0,4,0,3,2,19,0.066666667,0,0,0,0,0,0,0,0,0,0,8,5,12
178439,1,195289,1,1,1,0,0,0,0,0,0,105,0.033333333,0,0,0,0,0,0,0,0,0,0,1,1,0
178440,58,907118,1,58,14,18,4,14,0,17,6,19,0.033333333,0,0,0,0,0,0,0,0,0,0,23,58,0
178445,45,907118,1,45,15,14,5,10,0,9,0,19,0.1,0,0,0,0,0,0,0,0,0,0,12,24,0
178458,4,195289,1,4,4,0,0,0,0,0,0,105,0.033333333,0,0,0,0,0,0,0,0,0,0,1,4,0
178482,28,89830,1,28,6,2,4,1,0,10,4,108,0.033333333,0,0,0,0,0,0,0,0,28,0,10,28,0
178520,8,907118,1,8,3,3,0,1,0,2,1,19,0.033333333,0,0,0,0,0,0,0,0,0,0,6,8,0
178527,29,907118,3,1,1,0,0,0,0,0,0,19,0.033333333,0,0,0,0,0,0,0,0,0,0,1,1,0
178532,23,907118,1,23,11,8,0,3,0,4,0,19,0.066666667,0,0,0,0,0,0,0,0,0,0,6,12,11
178543,1,91935,1,1,1,0,0,0,0,0,0,26,0.033333333,0,0,0,0,0,0,1,0,0,0,1,1,0
178557,1,907118,1,1,1,0,0,0,0,0,0,19,0.033333333,0,0,0,0,0,0,0,0,0,0,1,1,0
178568,287,195289,3,54,6,19,0,8,15,14,4,105,0.066666667,0,0,0,0,0,0,0,0,0,0,12,6,48
178583,15,195289,1,15,2,5,0,4,0,5,3,105,0.033333333,0,0,0,0,0,0,0,0,0,0,10,15,0
178584,497,155579,7,1,1,0,0,0,0,0,0,17,0.033333333,0,0,0,0,1,0,0,0,0,0,1,1,0
178587,1,155579,1,1,1,0,0,0,0,0,0,17,0.033333333,0,0,0,0,1,0,0,0,0,0,1,1,0
178597,18,195289,2,17,1,3,3,2,2,4,3,105,0.033333333,0,0,0,0,0,0,0,0,0,0,8,17,0
178614,105,907118,3,1,1,0,0,0,0,0,0,19,0.033333333,0,0,0,0,0,0,0,0,0,0,1,1,0
178632,2,155579,1,2,2,0,0,0,0,0,0,17,0.033333333,0,0,0,0,2,0,0,0,0,0,1,2,0
178641,147,907118,4,1,1,0,0,0,0,0,0,19,0.033333333,0,0,0,0,0,0,0,0,0,0,1,1,0
178650,1,91935,1,1,1,0,0,0,0,0,0,26,0.033333333,0,0,0,0,0,0,1,0,0,0,1,1,0
178655,143,907118,2,1,1,0,0,0,0,0,0,19,0.033333333,0,0,0,0,0,0,0,0,0,0,1,1,0
178668,14,907118,1,14,5,4,0,3,0,3,2,19,0.033333333,0,0,0,0,0,0,0,0,0,0,10,14,0
178680,7,907118,1,7,2,2,0,1,1,1,0,19,0.033333333,0,0,0,0,0,0,0,0,0,0,4,7,0
178689,9,907118,1,9,4,3,0,1,1,2,0,19,0.033333333,0,0,0,0,0,0,0,0,0,0,6,9,0
178721,17,208752,1,17,8,3,0,2,2,2,2,24,0.033333333,0,0,0,0,0,0,0,0,0,0,8,17,0
178731,15,208752,1,15,3,3,0,2,0,5,4,24,0.033333333,0,0,0,0,0,0,0,0,0,0,7,15,0
178738,9,907118,1,9,1,4,0,3,0,3,1,19,0.033333333,0,0,0,0,0,0,0,0,0,0,6,9,0
178742,272,155579,3,1,1,0,0,0,0,0,0,17,0.033333333,0,0,0,0,0,1,0,0,0,0,1,1,0
178744,30,907118,1,30,6,12,0,7,0,9,4,19,0.033333333,0,0,0,0,0,0,0,0,0,0,14,30,0
178747,20,907118,2,5,2,2,0,1,0,1,0,19,0.033333333,0,0,0,0,0,0,0,0,0,0,4,5,0
178757,13,907118,1,13,11,0,0,0,1,0,0,19,0.033333333,0,0,0,0,0,0,0,0,0,0,7,13,0
178760,53,907118,7,1,1,0,0,0,0,0,0,19,0.033333333,0,0,0,0,0,0,0,0,0,0,1,1,0
178773,4,208752,1,4,2,2,0,0,0,1,0,24,0.033333333,0,0,0,0,0,0,0,0,0,0,3,4,0
178778,1,155579,1,1,1,0,0,0,0,0,0,17,0.033333333,0,0,0,0,0,1,0,0,0,0,1,1,0
178779,6,208752,2,5,1,2,0,1,0,1,1,24,0.033333333,0,0,0,0,0,0,0,0,0,0,4,5,0
178781,755,208752,8,95,13,19,0,15,5,33,21,24,0.066666667,0,0,0,0,0,0,0,0,0,0,22,56,0
178784,1,208752,1,1,1,0,0,0,0,0,0,24,0.033333333,0,0,0,0,0,0,0,0,0,0,1,1,0
178792,52,195289,2,51,5,6,8,4,10,12,7,105,0.033333333,0,0,0,0,0,0,0,0,0,0,12,51,0
178794,36,208752,1,36,4,11,0,8,0,12,4,24,0.033333333,0,0,0,0,0,0,0,0,0,0,9,36,0
178810,15,907118,1,15,3,4,0,3,0,6,0,19,0.033333333,0,0,0,0,0,0,0,0,0,0,5,15,0
178812,53,208752,1,53,11,10,5,6,3,13,8,24,0.033333333,0,0,0,0,0,0,0,0,0,0,21,53,0
178818,20,195289,1,20,6,5,0,3,2,4,3,105,0.033333333,0,0,0,0,0,0,0,0,0,0,10,20,0
178821,10,195289,2,5,1,2,0,1,0,1,1,105,0.033333333,0,0,0,0,0,0,0,0,0,0,4,5,0
178824,72,195289,2,2,2,0,0,0,0,0,0,105,0.033333333,0,0,0,0,0,0,0,0,0,0,1,2,0
178828,41,208752,2,12,3,6,0,2,0,5,1,24,0.033333333,0,0,0,0,0,0,0,0,0,0,6,12,0
178831,37,907118,1,37,30,3,0,2,1,2,0,19,0.033333333,0,0,0,0,0,0,0,0,0,0,9,37,0
178852,15,208752,1,15,6,3,0,2,0,2,2,24,0.033333333,0,0,0,0,0,0,0,0,0,0,9,15,0
178855,8,208752,1,8,1,3,0,2,0,2,2,24,0.033333333,0,0,0,0,0,0,0,0,0,0,6,8,0
178874,1,208752,1,1,1,0,0,0,0,0,0,24,0.033333333,0,0,0,0,0,0,0,0,0,0,1,1,0
178886,257,155579,3,1,1,0,0,0,0,0,0,17,0.033333333,0,0,0,0,0,1,0,0,0,0,1,1,0
178941,16,208752,1,16,2,2,0,1,1,6,4,24,0.033333333,0,0,0,0,0,0,0,0,0,0,7,16,0
178963,8,195289,1,8,5,2,0,1,0,1,0,105,0.033333333,0,0,0,0,0,0,0,0,0,0,4,8,0
178964,1,208752,1,1,1,0,0,0,0,0,0,24,0.033333333,0,0,0,0,0,0,0,0,0,0,1,1,0
178965,72,91935,2,5,5,0,0,0,0,0,0,26,0.033333333,0,0,0,0,0,0,0,5,0,0,3,5,0
178971,57,91935,3,1,1,0,0,0,0,0,0,26,0.033333333,0,0,0,0,0,0,0,1,0,0,1,1,0
178974,38,208752,2,1,1,0,0,0,0,0,0,24,0.033333333,0,0,0,0,0,0,0,0,0,0,1,1,0
178978,9,208752,1,9,1,4,0,2,0,3,2,24,0.033333333,0,0,0,0,0,0,0,0,0,0,6,9,0
178990,319,155579,3,1,1,0,0,0,0,0,0,17,0.033333333,0,0,0,0,0,1,0,0,0,0,1,1,0
178991,7,208752,1,7,1,2,0,1,0,2,2,24,0.033333333,0,0,0,0,0,0,0,0,0,0,5,7,0
178993,17,195289,2,1,1,0,0,0,0,0,0,105,0.033333333,0,0,0,0,0,0,0,0,0,0,1,1,0
179002,12,208752,1,12,4,2,0,2,0,3,3,24,0.033333333,0,0,0,0,0,0,0,0,0,0,9,12,0
179011,13,208752,1,13,1,3,0,2,0,5,4,24,0.033333333,0,0,0,0,0,0,0,0,0,0,8,13,0
179014,23,907118,1,23,12,6,0,2,1,3,0,19,0.033333333,0,0,0,0,0,0,0,0,0,0,9,23,0
179018,11,907118,1,11,6,4,0,0,0,3,0,19,0.033333333,0,0,0,0,0,0,0,0,0,0,7,11,0
179026,24,907118,1,24,8,8,0,6,0,5,2,19,0.033333333,0,0,0,0,0,0,0,0,0,0,11,24,0
179035,2,208752,2,1,1,0,0,0,0,0,0,24,0.033333333,0,0,0,0,0,0,0,0,0,0,1,1,0
179038,1,155579,1,1,1,0,0,0,0,0,0,17,0.033333333,0,0,0,0,0,1,0,0,0,0,1,1,0
179043,1,208752,1,1,1,0,0,0,0,0,0,24,0.033333333,0,0,0,0,0,0,0,0,0,0,1,1,0
179063,202,260769,3,1,1,0,0,0,0,0,0,0,0.033333333,0,1,0,0,0,0,0,0,0,0,1,1,0
179072,1,334927,1,1,1,0,0,0,0,0,0,7,0.033333333,0,0,0,0,0,0,0,0,0,0,1,1,0
179074,3,21560,1,3,3,0,0,0,0,0,0,9,0.033333333,0,0,0,0,0,0,0,0,0,0,2,3,0
179077,24,21560,2,17,2,4,0,1,0,9,0,9,0.033333333,0,0,0,0,0,0,0,0,0,0,5,17,0
179087,9,260769,3,7,3,2,0,1,0,1,1,0,0.033333333,0,0,0,0,0,0,0,0,0,0,4,7,0
179098,13,878119,1,13,4,1,2,1,4,2,0,20,0.033333333,0,0,0,0,0,0,0,0,0,0,5,13,0
179114,33,457932,4,28,2,5,11,4,0,4,3,21,0.033333333,0,0,0,0,0,0,0,0,0,0,14,28,0
179133,30,110497,2,1,1,0,0,0,0,0,0,24,0.033333333,0,0,1,0,0,0,0,0,0,0,1,1,0
179163,9,502584,1,9,3,3,0,1,0,3,1,143,0.066666667,0,0,0,0,0,0,0,0,0,1,5,8,0
179187,11,502584,2,1,1,0,0,0,0,0,0,143,0.033333333,0,0,0,0,0,0,0,0,0,1,1,1,0
179189,1032,502584,3,1,1,0,0,0,0,0,0,143,0.033333333,0,0,0,0,0,0,0,0,0,1,1,1,0
179192,17,502584,1,17,1,6,0,5,0,5,5,143,0.033333333,0,0,0,0,0,0,0,0,0,17,12,17,0
179193,18,399092,2,2,2,0,0,0,0,0,0,101,0.033333333,0,0,0,0,0,0,0,0,2,0,2,2,0
179194,179,457932,2,34,2,12,4,10,0,9,6,21,0.033333333,0,0,0,0,0,0,0,0,0,0,16,34,0
179195,36,399092,1,36,6,4,0,3,0,17,2,101,0.033333333,0,0,0,0,0,0,0,0,36,0,8,36,0
179215,77,250865,2,2,2,0,0,0,0,0,0,34,0.033333333,0,0,0,0,0,0,0,0,0,0,2,2,0
179233,43,878119,2,37,8,8,4,7,5,8,1,20,0.033333333,0,0,0,0,0,0,0,0,0,0,13,37,0
179253,6,250865,1,6,2,2,0,1,0,1,1,34,0.033333333,0,0,0,0,0,0,0,0,0,0,5,6,0
179256,351,334927,5,18,2,7,0,5,0,6,4,7,0.033333333,0,0,0,0,0,0,0,0,0,0,11,18,0
179276,22,260769,1,22,3,7,0,2,0,9,2,0,0.066666667,0,0,0,0,0,0,0,0,0,0,9,16,6
179281,1,399092,1,1,1,0,0,0,0,0,0,101,0.033333333,0,0,0,0,0,0,0,0,1,0,1,1,0
179282,81,457932,3,1,1,0,0,0,0,0,0,21,0.033333333,0,0,0,0,0,0,0,0,0,0,1,1,0
179293,50,27035,4,6,2,2,0,1,0,1,0,60,0.033333333,0,0,0,0,0,0,0,0,0,0,4,6,0
179300,2,502584,1,2,2,0,0,0,0,0,0,143,0.033333333,0,0,0,0,0,0,0,0,0,2,2,2,0
179303,37,878119,2,8,2,3,0,2,0,2,1,20,0.033333333,0,0,0,0,0,0,0,0,0,0,6,8,0
179309,654,334927,4,1,1,0,0,0,0,0,0,7,0.033333333,0,0,0,0,0,0,0,0,0,0,1,1,0
179320,1622,24979,13,1,1,0,0,0,0,0,0,25,0.033333333,0,0,0,0,0,0,0,0,0,1,1,1,0
179322,4,346877,1,4,2,2,0,0,0,1,0,9,0.033333333,0,0,4,0,0,0,0,0,0,0,4,4,0
179345,20,457932,7,11,3,5,0,3,0,2,0,21,0.033333333,0,0,0,0,0,0,0,0,0,0,6,11,0
179357,25,878119,1,25,6,8,0,6,1,5,3,20,0.033333333,0,0,0,0,0,0,0,0,0,0,13,25,0
179364,103,457932,2,9,2,2,3,1,0,1,0,21,0.033333333,0,0,0,0,0,0,0,0,0,0,5,9,0
179366,20,878119,7,1,1,0,0,0,0,0,0,20,0.033333333,0,0,0,0,0,0,0,0,0,0,1,1,0
179369,73,127749,3,15,2,5,0,4,0,4,4,102,0.033333333,0,0,0,0,0,0,0,0,0,0,10,15,0
179382,601,34988,2,11,1,3,2,1,0,4,1,108,0.033333333,0,0,0,0,0,0,0,0,0,0,6,11,0
179401,67,457932,1,67,2,29,13,15,0,28,7,21,0.033333333,0,0,0,0,0,0,0,0,0,0,26,67,0
179410,155,110497,5,52,6,16,5,1,4,24,0,24,0.033333333,0,0,52,0,0,0,0,0,0,0,12,52,0
179417,62,334927,3,10,1,9,0,0,0,8,0,7,0.033333333,0,0,0,0,0,0,0,0,0,0,10,10,0
179418,7,346877,4,1,1,0,0,0,0,0,0,9,0.033333333,0,0,1,0,0,0,0,0,0,0,1,1,0
179426,50,334927,3,7,2,3,0,1,0,2,1,7,0.033333333,0,0,0,0,0,0,0,0,0,0,6,7,0
179429,21,502584,2,4,4,0,0,0,0,0,0,143,0.033333333,0,0,0,0,0,0,0,0,0,4,3,4,0
179432,57,110497,2,51,6,19,2,13,0,16,6,24,0.066666667,0,0,25,0,0,0,0,0,0,0,16,26,25
179434,118,46603,5,22,3,8,0,6,0,5,5,5,0.066666667,0,7,0,0,0,0,0,0,0,0,10,15,0
179438,15,878119,1,15,5,4,0,1,2,4,1,20,0.066666667,0,0,0,0,0,0,0,0,0,0,9,13,2
179449,23,247683,3,10,4,3,0,1,0,2,2,23,0.066666667,0,0,8,0,0,0,0,0,0,0,7,2,8
179450,8,399092,1,8,4,4,0,0,0,1,0,101,0.066666667,0,0,0,0,0,0,0,0,1,7,5,1,7
179457,19,260769,1,19,5,4,0,3,3,3,3,0,0.033333333,0,0,0,0,0,0,0,0,0,0,12,19,0
179459,8,334927,1,8,2,4,0,1,0,3,1,7,0.033333333,0,0,0,0,0,0,0,0,0,0,6,8,0
179460,561,110497,4,2,2,0,0,0,0,0,0,24,0.066666667,0,0,1,1,0,0,0,0,0,0,1,1,1
179466,1567,188602,4,3,3,0,0,0,0,0,0,96,0.066666667,0,0,1,2,0,0,0,0,0,0,1,1,2
179472,60,43183,2,57,13,9,5,7,4,14,3,24,0.1,0,0,0,0,0,0,0,0,0,0,15,16,13
179473,121,42723,2,1,1,0,0,0,0,0,0,6,0.033333333,0,0,1,0,0,0,0,0,0,0,1,1,0
179496,18,502584,1,18,4,9,0,3,0,6,2,143,0.033333333,0,0,0,0,0,0,0,0,0,18,8,18,0
179506,23,878119,1,23,3,8,0,6,1,7,5,20,0.033333333,0,0,0,0,0,0,0,0,0,0,9,23,0
179510,68,346877,5,1,1,0,0,0,0,0,0,9,0.033333333,0,0,1,0,0,0,0,0,0,0,1,1,0
179516,52,188602,1,52,5,24,0,13,0,19,10,96,0.1,0,0,12,20,20,0,0,0,0,0,19,12,20
179518,1061,399092,6,14,4,6,0,2,0,3,2,101,0.066666667,0,0,0,0,0,0,0,0,13,1,7,13,1
179521,8,346877,1,8,2,2,0,1,2,1,1,9,0.033333333,0,0,8,0,0,0,0,0,0,0,5,8,0
179537,47,399092,2,7,4,2,0,1,0,1,0,101,0.066666667,0,0,0,0,0,0,0,0,4,0,4,3,4
179545,3,502584,1,3,3,0,0,0,0,0,0,143,0.033333333,0,0,0,0,0,0,0,0,0,3,2,3,0
179548,386,399092,4,2,2,0,0,0,0,0,0,101,0.066666667,0,0,0,0,0,0,0,0,1,0,1,1,0
179554,20,878119,2,11,2,4,0,3,0,3,2,20,0.033333333,0,0,0,0,0,0,0,0,0,0,8,11,0
179555,22,457932,2,16,2,4,4,3,0,3,2,21,0.033333333,0,0,0,0,0,0,0,0,0,0,9,16,0
179556,68,42723,5,1,1,0,0,0,0,0,0,6,0.033333333,0,0,1,0,0,0,0,0,0,0,1,1,0
179562,1208,127749,4,71,8,16,34,6,0,11,1,102,0.033333333,0,0,0,0,0,0,0,0,0,0,23,71,0
179578,20,127749,2,9,2,3,0,2,0,2,2,102,0.033333333,0,0,0,0,0,0,0,0,0,0,7,9,0
179589,5,502584,1,5,3,2,0,0,0,1,0,143,0.033333333,0,0,0,0,0,0,0,0,0,5,4,5,0
179603,1,46603,1,1,1,0,0,0,0,0,0,5,0.033333333,0,1,0,0,0,0,0,0,0,0,1,1,0
179611,11,502584,1,11,3,6,0,1,0,5,1,143,0.033333333,0,0,0,0,0,0,0,0,0,11,9,11,0
179616,2,334927,1,2,2,0,0,0,0,0,0,7,0.033333333,0,0,0,0,0,0,0,0,0,0,2,2,0
179619,1,502584,1,1,1,0,0,0,0,0,0,143,0.033333333,0,0,0,0,0,0,0,0,0,1,1,1,0
179627,8,502584,1,8,1,4,0,1,0,4,1,143,0.033333333,0,0,0,0,0,0,0,0,0,8,4,8,0
179629,2,878119,1,2,2,0,0,0,0,0,0,20,0.033333333,0,0,0,0,0,0,0,0,0,0,2,2,0
179633,5,878119,1,5,1,3,0,1,0,2,0,20,0.033333333,0,0,0,0,0,0,0,0,0,0,3,5,0
179657,6,188602,2,2,2,0,0,0,0,0,0,96,0.033333333,0,0,2,0,0,0,0,0,0,0,2,2,0
179665,878,43183,4,1,1,0,0,0,0,0,0,24,0.033333333,0,0,0,0,0,0,0,0,0,0,1,1,0
179666,26,247683,1,26,2,11,9,4,0,10,0,23,0.033333333,0,0,26,0,0,0,0,0,0,0,10,26,0
179668,21,457932,1,21,10,5,0,2,1,2,0,21,0.033333333,0,0,0,0,0,0,0,0,0,0,8,21,0
179677,2,334927,1,2,2,0,0,0,0,0,0,7,0.033333333,0,0,0,0,0,0,0,0,0,0,2,2,0
179684,41,247683,3,6,2,2,0,1,0,1,1,23,0.033333333,0,0,6,0,0,0,0,0,0,0,5,6,0
179690,653,457932,8,1,1,0,0,0,0,0,0,21,0.033333333,0,0,0,0,0,0,0,0,0,0,1,1,0
179694,68,260769,4,1,1,0,0,0,0,0,0,0,0.033333333,0,0,0,0,0,0,0,0,0,0,1,1,0
179707,68,43183,4,1,1,0,0,0,0,0,0,24,0.033333333,0,0,0,0,0,0,0,0,0,0,1,1,0
179730,6,346877,4,1,1,0,0,0,0,0,0,9,0.033333333,0,0,1,0,0,0,0,0,0,0,1,1,0
179738,54,346877,2,6,2,2,0,1,0,1,1,9,0.033333333,0,0,6,0,0,0,0,0,0,0,5,6,0
179739,13,346877,1,13,3,4,0,3,0,3,3,9,0.066666667,0,0,12,0,0,0,0,0,0,0,5,1,0
179740,10,346877,2,5,2,2,0,1,0,1,0,9,0.033333333,0,0,5,0,0,0,0,0,0,0,4,5,0
179754,18,21560,1,18,10,1,0,1,3,1,1,9,0.033333333,0,0,0,0,0,0,0,0,0,0,8,18,0
179760,4,346877,3,1,1,0,0,0,0,0,0,9,0.033333333,0,0,1,0,0,0,0,0,0,0,1,1,0
179761,8,250865,2,6,2,2,0,1,0,1,1,34,0.033333333,0,0,0,0,0,0,0,0,0,0,5,6,0
179762,8,260769,2,2,2,0,0,0,0,0,0,0,0.033333333,0,0,0,0,0,0,0,0,0,0,2,2,0
179770,193,334927,7,1,1,0,0,0,0,0,0,7,0.033333333,0,0,0,0,0,0,0,0,0,0,1,1,0
179791,10,334927,2,1,1,0,0,0,0,0,0,7,0.033333333,0,0,0,0,0,0,0,0,0,0,1,1,0
179798,2,502584,1,2,2,0,0,0,0,0,0,143,0.033333333,0,0,0,0,0,0,0,0,0,2,2,2,0
179801,17,127749,3,1,1,0,0,0,0,0,0,102,0.033333333,0,0,0,0,0,0,0,0,0,0,1,1,0
179825,2,127749,1,2,2,0,0,0,0,0,0,102,0.033333333,0,0,0,0,0,0,0,0,0,0,2,2,0
179843,768,250865,9,2,2,0,0,0,0,0,0,34,0.033333333,0,0,0,0,0,0,0,0,0,0,2,2,0
179853,1854,21560,15,9,2,3,0,2,0,2,2,9,0.033333333,0,0,0,0,0,0,0,0,0,0,7,9,0
179866,46,457932,7,1,1,0,0,0,0,0,0,21,0.033333333,0,0,0,0,0,0,0,0,0,0,1,1,0
179876,27,878119,2,26,4,10,2,7,1,7,1,20,0.033333333,0,0,0,0,0,0,0,0,0,0,11,26,0
179885,61,24979,2,6,2,2,0,1,0,1,1,25,0.033333333,0,0,0,0,0,0,0,0,0,6,5,6,0
179898,45,27035,4,1,1,0,0,0,0,0,0,60,0.033333333,0,0,0,0,0,0,0,0,0,0,1,1,0
179905,31,334927,4,8,2,4,0,1,0,3,1,7,0.033333333,0,0,0,0,0,0,0,0,0,0,7,8,0
179913,3,346877,1,3,1,2,0,0,0,1,0,9,0.033333333,0,0,3,0,0,0,0,0,0,0,3,3,0
179914,1,334927,1,1,1,0,0,0,0,0,0,7,0.033333333,0,0,0,0,0,0,0,0,0,0,1,1,0
179926,183,502584,2,6,2,2,0,1,0,1,1,143,0.033333333,0,0,0,0,0,0,0,0,0,6,5,6,0
179938,60,250865,1,60,6,18,0,13,14,13,5,34,0.1,0,0,0,0,0,0,0,0,0,0,11,32,0
179949,1,260769,1,1,1,0,0,0,0,0,0,0,0.033333333,0,0,0,0,0,0,0,0,0,0,1,1,0
179952,2,110497,1,2,2,0,0,0,0,0,0,24,0.033333333,0,0,2,0,0,0,0,0,0,0,2,2,0
179966,26,457932,2,8,2,3,0,2,0,2,1,21,0.033333333,0,0,0,0,0,0,0,0,0,0,6,8,0
179972,2,399092,1,2,2,0,0,0,0,0,0,101,0.033333333,0,0,0,0,0,0,0,0,2,0,1,2,0
179974,26,878119,2,18,7,3,0,2,4,1,1,20,0.033333333,0,0,0,0,0,0,0,0,0,0,9,18,0
179976,1,457932,1,1,1,0,0,0,0,0,0,21,0.033333333,0,0,0,0,0,0,0,0,0,0,1,1,0
179982,2,260769,1,2,2,0,0,0,0,0,0,0,0.033333333,0,0,0,0,0,0,0,0,0,0,1,2,0
179996,25,334927,2,1,1,0,0,0,0,0,0,7,0.033333333,0,0,0,0,0,0,0,0,0,0,1,1,0
180006,18,346877,1,18,3,10,0,3,0,7,2,9,0.066666667,0,0,14,0,0,0,0,0,0,0,8,4,0
180010,9,878119,2,7,1,3,0,2,0,2,1,20,0.033333333,0,0,0,0,0,0,0,0,0,0,5,7,0
180036,15,43183,1,15,5,4,0,1,5,1,0,24,0.033333333,0,0,0,0,0,0,0,0,0,0,8,15,0
180041,3,457932,2,1,1,0,0,0,0,0,0,21,0.033333333,0,0,0,0,0,0,0,0,0,0,1,1,0
180044,3,878119,2,2,2,0,0,0,0,0,0,20,0.033333333,0,0,0,0,0,0,0,0,0,0,2,2,0
180067,362,878119,5,1,1,0,0,0,0,0,0,20,0.033333333,1,0,0,0,0,0,0,0,0,0,1,1,0
180070,132,878119,2,32,5,9,3,8,5,8,0,20,0.033333333,32,0,0,0,0,0,0,0,0,0,16,32,0
180076,37,34988,7,2,2,0,0,0,0,0,0,108,0.033333333,0,0,0,0,0,0,0,0,0,0,2,2,0
180095,7,334927,1,7,5,2,0,0,0,1,0,7,0.033333333,0,0,0,0,0,0,7,0,0,0,6,7,0
180107,1,334927,1,1,1,0,0,0,0,0,0,7,0.033333333,0,0,0,0,0,0,1,0,0,0,1,1,0
180128,3,21560,3,1,1,0,0,0,0,0,0,9,0.033333333,0,0,0,0,0,0,0,0,0,0,1,1,0
180130,1,43183,1,1,1,0,0,0,0,0,0,24,0.033333333,0,0,0,0,0,0,0,0,0,0,1,1,0
180132,2,43183,1,2,2,0,0,0,0,0,0,24,0.033333333,0,0,0,0,0,0,0,0,0,0,2,2,0
180144,10,334927,1,10,3,3,0,2,0,2,2,7,0.033333333,0,0,0,0,0,0,10,0,0,0,5,10,0
180146,10,334927,1,10,5,2,0,1,1,1,1,7,0.033333333,0,0,0,0,0,0,10,0,0,0,6,10,0
180147,3,878119,1,3,3,0,0,0,0,0,0,20,0.033333333,3,0,0,0,0,0,0,0,0,0,2,3,0
180152,2,334927,1,2,2,0,0,0,0,0,0,7,0.033333333,0,0,0,0,0,0,2,0,0,0,2,2,0
180156,8,878119,2,2,2,0,0,0,0,0,0,20,0.033333333,2,0,0,0,0,0,0,0,0,0,2,2,0
180165,10,334927,1,10,3,3,0,2,0,2,2,7,0.033333333,0,0,0,0,0,0,10,0,0,0,7,10,0
180182,1,34988,1,1,1,0,0,0,0,0,0,108,0.033333333,0,0,0,0,0,0,0,0,0,0,1,1,0
180187,113,878119,1,113,6,41,14,24,0,49,13,20,0.066666667,45,0,0,0,0,0,0,0,0,0,34,68,0
180191,17,878119,1,17,5,8,0,1,1,6,0,20,0.033333333,17,0,0,0,0,0,0,0,0,0,9,17,0
180196,2,334927,1,2,2,0,0,0,0,0,0,7,0.033333333,0,0,0,0,0,0,2,0,0,0,2,2,0
180199,32,334927,2,5,3,2,0,0,0,1,0,7,0.033333333,0,0,0,0,0,0,5,0,0,0,4,5,0
180206,6,334927,1,6,2,2,0,1,0,1,1,7,0.033333333,0,0,0,0,0,0,6,0,0,0,5,6,0
180209,1,334927,1,1,1,0,0,0,0,0,0,7,0.033333333,0,0,0,0,0,0,1,0,0,0,1,1,0
180227,1,34988,1,1,1,0,0,0,0,0,0,108,0.033333333,0,0,0,0,0,0,0,0,0,0,1,1,0
180232,30,878119,2,18,4,5,0,4,0,5,3,20,0.033333333,18,0,0,0,0,0,0,0,0,0,11,18,0
180246,1,334927,1,1,1,0,0,0,0,0,0,7,0.033333333,0,0,0,0,0,0,1,0,0,0,1,1,0
180254,10,878119,1,10,2,5,0,3,0,2,0,20,0.033333333,10,0,0,0,0,0,0,0,0,0,5,10,0
180258,1,334927,1,1,1,0,0,0,0,0,0,7,0.033333333,0,0,0,0,0,0,1,0,0,0,1,1,0
180262,26,878119,1,26,2,10,3,2,0,13,0,20,0.033333333,26,0,0,0,0,0,0,0,0,0,11,26,0
180271,63,334927,2,18,2,9,0,4,0,8,3,7,0.033333333,0,0,0,0,0,0,18,0,0,0,7,18,0
180277,10,878119,2,9,2,4,0,2,0,3,1,20,0.033333333,9,0,0,0,0,0,0,0,0,0,6,9,0
180284,1,334927,1,1,1,0,0,0,0,0,0,7,0.033333333,0,0,0,0,0,0,1,0,0,0,1,1,0
180287,10,878119,1,10,2,4,0,3,0,3,1,20,0.033333333,10,0,0,0,0,0,0,0,0,0,7,10,0
180294,4,334927,1,4,4,0,0,0,0,0,0,7,0.033333333,0,0,0,0,0,0,4,0,0,0,2,4,0
180300,120,878119,2,34,1,12,3,9,0,12,5,20,0.033333333,34,0,0,0,0,0,0,0,0,0,17,34,0
180307,6,334927,1,6,3,2,0,1,0,2,0,7,0.033333333,0,0,0,0,0,0,6,0,0,0,6,6,0
180311,16,43183,1,16,4,10,0,0,0,7,2,24,0.033333333,0,0,0,0,0,0,0,0,0,0,9,16,0
180316,1,878119,1,1,1,0,0,0,0,0,0,20,0.033333333,0,1,0,0,0,0,0,0,0,0,1,1,0
180318,1,148500,1,1,1,0,0,0,0,0,0,29,0.033333333,0,0,0,0,0,0,0,0,0,0,1,1,0
180322,1,43183,1,1,1,0,0,0,0,0,0,24,0.033333333,0,0,0,0,0,0,0,0,0,0,1,1,0
180331,41,652701,1,41,8,11,2,8,3,0,0,3,0.033333333,0,0,0,0,0,0,0,0,0,0,10,41,0
180335,31,652701,1,31,7,2,1,1,15,0,0,3,0.033333333,0,0,0,0,0,0,0,0,0,0,8,31,0
180351,4,148039,1,4,2,2,0,0,0,1,0,18,0.033333333,0,0,0,0,0,0,0,0,0,0,4,4,0
180353,5,221833,1,5,2,2,0,1,0,1,0,58,0.033333333,0,0,0,0,0,0,0,0,0,0,3,5,0
180359,254,221833,3,4,1,2,0,1,0,1,0,58,0.033333333,0,0,0,0,0,0,0,0,0,0,3,4,0
180362,724,208752,6,42,2,10,0,9,0,15,15,24,0.066666667,1,41,0,0,0,0,0,0,0,0,25,1,41
180367,5,148039,3,1,1,0,0,0,0,0,0,18,0.033333333,0,0,0,0,0,0,0,0,0,0,1,1,0
180398,470,208752,3,1,1,0,0,0,0,0,0,24,0.033333333,0,1,0,0,0,0,0,0,0,0,1,1,0
180403,6,652701,1,6,3,2,0,1,0,0,0,3,0.033333333,0,0,0,0,0,0,0,0,0,0,4,6,0
180413,51,148039,2,5,1,2,0,1,0,1,1,18,0.033333333,0,0,0,0,0,0,0,0,0,0,4,5,0
180415,27,652701,1,27,7,5,1,3,4,0,0,3,0.033333333,0,0,0,0,0,0,0,0,0,0,9,27,0
180423,169,208752,2,1,1,0,0,0,0,0,0,24,0.033333333,0,1,0,0,0,0,0,0,0,0,1,1,0
180441,856,221833,9,9,2,3,0,2,0,2,2,58,0.033333333,0,0,0,0,0,0,0,0,0,0,7,9,0
180444,169,156596,5,3,3,0,0,0,0,0,0,224,0.033333333,0,0,0,0,0,0,0,0,0,0,3,3,0
180445,4,652701,1,4,1,3,0,0,0,0,0,3,0.033333333,0,0,0,0,0,0,0,0,0,0,3,4,0
180448,9,208752,1,9,5,1,0,1,1,1,1,24,0.033333333,0,9,0,0,0,0,0,0,0,0,6,9,0
180451,11,156596,3,1,1,0,0,0,0,0,0,224,0.033333333,0,0,0,0,0,0,0,0,0,0,1,1,0
180456,13,208752,1,13,3,4,0,3,0,3,3,24,0.033333333,0,13,0,0,0,0,0,0,0,0,9,13,0
180459,28,652701,1,28,7,8,0,5,1,0,0,3,0.033333333,0,0,0,0,0,0,0,0,0,0,8,28,0
180461,18,156596,1,18,6,5,0,4,0,3,3,224,0.033333333,0,0,0,0,0,0,0,0,0,0,12,18,0
180467,11,652701,3,2,2,0,0,0,0,0,0,3,0.033333333,0,0,0,0,0,0,0,0,0,0,2,2,0
180487,20,195289,1,20,4,4,0,3,0,7,4,105,0.033333333,0,0,0,0,0,0,0,0,0,0,10,20,0
180500,19,195289,1,19,2,4,4,2,0,6,3,105,0.033333333,0,0,0,0,0,0,0,0,0,0,10,19,0
180507,10,652701,1,10,3,2,0,1,0,0,0,3,0.033333333,0,0,0,0,0,0,0,0,0,0,6,10,0
180510,95,652701,1,95,24,19,11,10,9,0,0,3,0.033333333,0,0,0,0,0,0,0,0,0,0,10,95,0
180524,50,148039,1,50,5,7,9,6,5,12,6,18,0.033333333,0,0,0,0,0,0,0,0,0,0,15,50,0
180526,1,652701,1,1,1,0,0,0,0,0,0,3,0.033333333,0,0,0,0,0,0,0,0,0,0,1,1,0
180566,2,148039,1,2,2,0,0,0,0,0,0,18,0.033333333,0,0,0,0,0,0,0,0,0,0,2,2,0
180567,10,652701,1,10,3,2,0,1,0,0,0,3,0.033333333,0,0,0,0,0,0,0,0,0,0,4,10,0
180590,44,156596,2,39,12,22,1,1,0,13,0,224,0.1,0,0,0,0,0,0,0,0,0,0,13,17,5
180599,10,652701,1,10,5,2,0,1,0,0,0,3,0.033333333,0,0,0,0,0,0,0,0,0,0,6,10,0
180607,129,195289,7,5,4,1,0,0,0,1,0,105,0.033333333,0,0,0,0,0,0,0,0,0,0,4,5,0
180609,4,652701,1,4,2,1,0,1,0,0,0,3,0.033333333,0,0,0,0,0,0,0,0,0,0,4,4,0
180617,391,652701,5,8,1,2,0,1,0,0,0,3,0.033333333,0,0,0,0,0,0,0,0,0,0,4,8,0
180641,15,652701,1,15,4,2,0,1,2,0,0,3,0.033333333,0,0,0,0,0,0,0,0,0,0,7,15,0
180642,504,652701,2,7,3,2,0,1,0,0,0,3,0.033333333,0,0,0,0,0,0,0,0,0,0,5,7,0
180655,4,38356,1,4,1,2,0,1,0,1,0,65,0.033333333,0,0,0,0,0,0,0,0,0,0,3,4,0
180693,28,652701,1,28,3,10,0,4,5,0,0,3,0.033333333,0,0,0,0,0,0,0,0,0,0,6,28,0
180699,581,221833,7,35,1,8,2,7,0,13,9,58,0.033333333,0,0,0,0,0,0,0,0,0,0,16,35,0
180724,300,221833,5,14,2,5,1,2,0,5,3,58,0.033333333,0,0,0,0,0,0,0,0,0,0,11,14,0
180726,6,652701,2,5,1,2,0,1,0,0,0,3,0.033333333,0,0,0,0,0,0,0,0,0,0,4,5,0
180738,54,652701,1,54,8,4,13,2,9,0,0,3,0.033333333,0,0,0,0,0,0,0,0,0,0,9,54,0
180752,289,195289,5,77,18,20,0,11,8,17,8,105,0.066666667,0,0,0,0,0,0,0,0,0,0,15,48,29
180781,38,652701,1,38,4,12,6,7,0,0,0,3,0.033333333,0,0,0,0,0,0,0,0,0,0,7,38,0
180788,10,652701,1,10,3,2,0,1,0,0,0,3,0.033333333,0,0,0,0,0,0,0,0,0,0,5,10,0
180790,33,221833,3,1,1,0,0,0,0,0,0,58,0.033333333,0,0,0,0,0,0,0,0,0,0,1,1,0
180793,24,156596,1,24,7,12,0,3,0,5,2,224,0.066666667,0,0,0,0,0,0,0,0,0,0,11,22,2
180800,9,156596,1,9,2,3,0,2,0,2,2,224,0.033333333,0,0,0,0,0,0,0,0,0,0,7,9,0
180803,25,148039,2,1,1,0,0,0,0,0,0,18,0.033333333,0,0,0,0,0,0,0,0,0,0,1,1,0
180814,29,652701,1,29,8,6,5,1,2,0,0,3,0.033333333,0,0,0,0,0,0,0,0,0,0,9,29,0
180818,1,652701,1,1,1,0,0,0,0,0,0,3,0.033333333,0,0,0,0,0,0,0,0,0,0,1,1,0
180823,28,652701,1,28,1,2,3,1,9,0,0,3,0.033333333,0,0,0,0,0,0,0,0,0,0,5,28,0
180838,9,652701,1,9,1,2,0,1,0,0,0,3,0.033333333,0,0,0,0,0,0,0,0,0,0,4,9,0
180849,2,148039,1,2,2,0,0,0,0,0,0,18,0.033333333,0,0,0,0,0,0,0,0,0,0,2,2,0
180865,20,148039,2,2,2,0,0,0,0,0,0,18,0.033333333,0,0,0,0,0,0,0,0,0,0,1,2,0
180881,62,148039,1,62,2,9,18,8,0,16,3,18,0.033333333,0,0,0,0,0,0,0,0,0,0,17,62,0
180889,11,652701,1,11,4,2,0,1,0,0,0,3,0.033333333,0,0,0,0,0,0,0,0,0,0,6,11,0
180919,17,652701,1,17,2,2,6,1,0,0,0,3,0.033333333,0,0,0,0,0,0,0,0,0,0,6,17,0
180923,89,38356,4,1,1,0,0,0,0,0,0,65,0.033333333,0,0,0,0,0,0,0,0,0,0,1,1,0
180931,22,652701,1,22,6,8,0,3,0,0,0,3,0.033333333,0,0,0,0,0,0,0,0,0,0,7,22,0
180932,62,156596,1,62,7,15,3,10,1,21,12,224,0.066666667,0,0,0,0,0,0,0,0,0,0,15,52,0
180937,6,652701,1,6,2,2,0,1,0,0,0,3,0.033333333,0,0,0,0,0,0,0,0,0,0,5,6,0
180939,36,652701,1,36,3,2,24,1,1,0,0,3,0.033333333,0,0,0,0,0,0,0,0,0,0,6,36,0
180940,79,148039,3,14,4,5,0,3,0,2,2,18,0.066666667,0,0,0,0,0,0,0,0,0,0,8,9,5
180975,124,652701,2,74,3,6,7,4,44,0,0,3,0.066666667,0,0,0,0,0,0,0,0,0,0,6,45,0
180979,29,148039,3,14,3,6,0,3,0,3,2,18,0.066666667,0,0,0,0,0,0,0,0,0,0,7,3,11
180985,12,652701,1,12,3,5,0,3,0,0,0,3,0.066666667,0,0,0,0,0,0,0,0,0,0,5,5,7
180991,9,652701,1,9,2,3,0,2,0,0,0,3,0.033333333,0,0,0,0,0,0,0,0,0,0,5,9,0
181017,1,221833,1,1,1,0,0,0,0,0,0,58,0.033333333,0,0,0,0,0,0,0,0,0,0,1,1,0
181021,1,652701,1,1,1,0,0,0,0,0,0,3,0.033333333,0,0,0,0,0,0,0,0,0,0,1,1,0
181032,1,221833,1,1,1,0,0,0,0,0,0,58,0.033333333,0,0,0,0,0,0,0,0,0,0,1,1,0
181036,21,208752,3,6,2,2,0,1,0,1,1,24,0.033333333,0,6,0,0,0,0,0,0,0,0,5,6,0
181038,29,652701,2,28,6,2,3,1,5,0,0,3,0.033333333,0,0,0,0,0,0,0,0,0,0,8,28,0
181044,6,652701,1,6,1,2,0,1,0,0,0,3,0.033333333,0,0,0,0,0,0,0,0,0,0,4,6,0
181047,59,208752,2,27,2,14,0,11,0,11,0,24,0.033333333,0,27,0,0,0,0,0,0,0,0,10,27,0
181049,53,148039,3,12,1,5,0,3,0,4,3,18,0.033333333,0,0,0,0,0,0,0,0,0,0,6,12,0
181061,280,221833,2,1,1,0,0,0,0,0,0,58,0.033333333,0,0,0,0,0,0,0,0,0,0,1,1,0
181063,32,652701,1,32,10,2,0,1,3,0,0,3,0.033333333,0,0,0,0,0,0,0,0,0,0,7,32,0
181068,6,652701,1,6,2,2,0,1,0,0,0,3,0.033333333,0,0,0,0,0,0,0,0,0,0,5,6,0
181085,39,148039,2,5,1,3,0,1,0,2,0,18,0.033333333,0,0,0,0,0,0,0,0,0,0,4,5,0
181099,38,652701,4,27,7,5,0,3,2,0,0,3,0.066666667,0,0,0,0,0,0,0,0,0,0,8,25,2
181113,38,148039,2,37,8,5,8,4,1,9,2,18,0.066666667,0,0,0,0,0,0,0,0,0,0,10,5,32
181116,32,195289,1,32,6,6,3,5,1,9,6,105,0.033333333,0,0,0,0,0,0,0,0,0,0,15,32,0
181120,299,148039,4,1,1,0,0,0,0,0,0,18,0.033333333,0,0,0,0,0,0,0,0,0,0,1,1,0
181124,40,652701,2,25,7,6,2,4,0,0,0,3,0.033333333,0,0,0,0,0,0,0,0,0,0,8,25,0
181136,141,652701,2,8,1,3,0,2,0,0,0,3,0.033333333,0,0,0,0,0,0,0,0,0,0,4,8,0
181138,29,208752,1,29,2,16,0,6,0,11,5,24,0.033333333,0,29,0,0,0,0,0,0,0,0,16,29,0
181154,2,652701,1,2,2,0,0,0,0,0,0,3,0.033333333,0,0,0,0,0,0,0,0,0,0,1,2,0
181156,14,148039,1,14,4,3,0,2,0,3,3,18,0.033333333,0,0,0,0,0,0,0,0,0,0,10,14,0
181161,565,148039,2,5,1,2,0,1,0,1,1,18,0.033333333,0,0,0,0,0,0,0,0,0,0,4,5,0
181163,2,652701,1,2,2,0,0,0,0,0,0,3,0.033333333,0,0,0,0,0,0,0,0,0,0,2,2,0
181171,49,148039,4,20,1,13,0,6,0,12,0,18,0.033333333,0,0,0,0,0,0,0,0,0,0,6,20,0
181187,6,652701,1,6,3,2,0,1,0,0,0,3,0.033333333,0,0,0,0,0,0,0,0,0,0,5,6,0
181238,53,156596,1,53,7,18,4,1,1,33,5,224,0.033333333,0,0,0,0,0,0,0,0,0,0,13,53,0
181242,6,148039,1,6,2,2,0,1,0,1,1,18,0.033333333,0,0,0,0,0,0,0,0,0,0,5,6,0
181262,2,652701,1,2,2,0,0,0,0,0,0,3,0.033333333,0,0,0,0,0,0,0,0,0,0,1,2,0
181266,26,148039,4,6,4,2,0,0,0,1,0,18,0.033333333,0,0,0,0,0,0,0,0,0,0,4,6,0
181268,20,652701,1,20,4,2,4,1,0,0,0,3,0.033333333,0,0,0,0,0,0,0,0,0,0,8,20,0
181309,16,652701,1,16,6,2,0,1,5,0,0,3,0.033333333,0,0,0,0,0,0,0,0,0,0,8,16,0
181320,101,652701,3,29,4,5,11,3,0,0,0,3,0.033333333,0,0,0,0,0,0,0,0,0,0,8,29,0
181323,11,148039,1,11,3,3,0,2,1,2,2,18,0.033333333,0,0,0,0,0,0,0,0,0,0,7,11,0
181338,30,208752,1,30,7,9,0,6,3,4,4,24,0.033333333,0,0,0,0,0,0,0,0,0,0,16,30,0
181341,2,148039,1,2,2,0,0,0,0,0,0,18,0.033333333,0,0,0,0,0,0,0,0,0,0,1,2,0
181346,28,652701,3,6,1,2,0,0,0,0,0,3,0.033333333,0,0,0,0,0,0,0,0,0,0,4,6,0
181355,28,195289,3,12,4,5,0,1,0,2,2,105,0.033333333,0,0,0,0,0,0,0,0,0,0,6,12,0
181360,15,652701,1,15,5,2,0,1,3,0,0,3,0.033333333,0,0,0,0,0,0,0,0,0,0,6,15,0
181372,15,652701,1,15,3,6,0,4,0,0,0,3,0.033333333,0,0,0,0,0,0,0,0,0,0,7,15,0
181394,216,148039,2,1,1,0,0,0,0,0,0,18,0.033333333,0,0,0,0,0,0,0,0,0,0,1,1,0
181396,6,652701,1,6,2,2,0,1,0,0,0,3,0.033333333,0,0,0,0,0,0,0,0,0,0,5,6,0
181397,117,148039,3,13,5,3,0,2,0,2,2,18,0.033333333,0,0,0,0,0,0,0,0,0,0,10,13,0
181405,21,652701,1,21,5,2,4,1,2,0,0,3,0.033333333,0,0,0,0,0,0,0,0,0,0,8,21,0
181407,27,652701,1,27,4,4,6,1,2,0,0,3,0.033333333,0,0,0,0,0,0,0,0,0,0,8,27,0
181415,256,148039,2,1,1,0,0,0,0,0,0,18,0.033333333,0,0,0,0,0,0,0,0,0,0,1,1,0
181420,15,652701,1,15,5,2,0,1,2,0,0,3,0.033333333,0,0,0,0,0,0,0,0,0,0,7,15,0
181421,466,652701,3,8,1,3,0,2,0,0,0,3,0.033333333,0,0,0,0,0,0,0,0,0,0,4,8,0
181425,1,652701,1,1,1,0,0,0,0,0,0,3,0.033333333,0,0,0,0,0,0,0,0,0,0,1,1,0
181444,12,38356,2,1,1,0,0,0,0,0,0,65,0.033333333,1,0,0,0,0,0,0,0,0,0,1,1,0
181445,10,148039,1,10,2,3,0,2,1,2,2,18,0.033333333,0,0,0,0,0,0,0,0,0,0,7,10,0
181448,13,652701,1,13,3,5,0,3,0,0,0,3,0.033333333,0,0,0,0,0,0,0,0,0,0,7,13,0
181458,123,221833,4,2,2,0,0,0,0,0,0,58,0.033333333,0,0,0,0,0,0,0,0,0,0,1,2,0
181471,4,652701,1,4,2,0,0,0,2,0,0,3,0.033333333,0,0,0,0,0,0,0,0,0,0,3,4,0
181472,213,221833,3,1,1,0,0,0,0,0,0,58,0.033333333,0,0,0,0,0,0,0,0,0,0,1,1,0
181482,6,148039,1,6,2,2,0,1,0,1,1,18,0.033333333,0,0,0,0,0,0,0,0,0,0,5,6,0
181487,7,652701,1,7,3,2,0,1,0,0,0,3,0.033333333,0,0,0,0,0,0,0,0,0,0,5,7,0
181488,139,148039,4,1,1,0,0,0,0,0,0,18,0.033333333,0,0,0,0,0,0,0,0,0,0,1,1,0
181490,7,148039,1,7,3,2,0,1,0,1,1,18,0.033333333,0,0,0,0,0,0,0,0,0,0,5,7,0
181501,153,652701,2,1,1,0,0,0,0,0,0,3,0.033333333,0,0,0,0,0,0,0,0,0,0,1,1,0
181519,13,652701,1,13,1,2,5,1,0,0,0,3,0.033333333,0,0,0,0,0,0,0,0,0,0,5,13,0
181535,27,195289,3,5,1,2,0,1,0,1,1,105,0.033333333,0,0,0,0,0,0,0,0,0,0,4,5,0
181538,9,652701,1,9,2,3,0,2,0,0,0,3,0.033333333,0,0,0,0,0,0,0,0,0,0,4,9,0
181542,11,148039,1,11,3,3,0,3,0,3,2,18,0.033333333,0,0,0,0,0,0,0,0,0,0,7,11,0
181554,58,148039,1,58,8,31,0,7,2,31,0,18,0.033333333,0,0,0,0,0,0,0,0,0,0,10,58,0
181557,50,652701,2,49,7,4,14,1,16,0,0,3,0.033333333,0,0,0,0,0,0,0,0,0,0,8,49,0
181562,22,208752,1,22,5,5,0,4,3,5,2,24,0.033333333,0,0,0,0,0,0,0,0,0,0,11,22,0
181573,38,652701,2,1,1,0,0,0,0,0,0,3,0.033333333,0,0,0,0,0,0,0,0,0,0,1,1,0
181587,151,156596,8,7,2,3,0,1,0,1,1,224,0.033333333,0,0,0,0,0,0,0,0,0,0,5,7,0
181591,15,221833,1,15,10,2,0,1,0,1,1,58,0.066666667,0,0,0,0,0,0,0,0,0,0,8,7,8
181594,53,652701,1,53,8,1,15,1,0,0,0,3,0.033333333,0,0,0,0,0,0,0,0,0,0,8,53,0
181609,2,195289,2,1,1,0,0,0,0,0,0,105,0.033333333,0,0,0,0,0,0,0,0,0,0,1,1,0
181628,10,652701,1,10,6,2,0,1,0,0,0,3,0.033333333,0,0,0,0,0,0,0,0,0,0,6,10,0
181630,9,38356,1,9,2,3,0,2,0,2,2,65,0.033333333,9,0,0,0,0,0,0,0,0,0,7,9,0
181668,320,195289,4,1,1,0,0,0,0,0,0,105,0.033333333,0,0,0,0,0,0,0,0,0,0,1,1,0
181682,14,652701,1,14,4,4,0,2,0,0,0,3,0.066666667,0,0,0,0,0,0,0,0,0,0,6,13,1
181691,81,208752,2,54,13,10,3,6,7,9,7,24,0.066666667,0,0,0,0,0,0,0,0,0,0,18,46,8
181700,51,652701,1,51,6,7,13,4,7,0,0,3,0.033333333,0,0,0,0,0,0,0,0,0,0,9,51,0
181734,1,208752,1,1,1,0,0,0,0,0,0,24,0.033333333,0,0,0,0,0,0,0,0,0,0,1,1,0
181735,12,652701,1,12,7,2,0,1,0,0,0,3,0.033333333,0,0,0,0,0,0,0,0,0,0,8,12,0
181736,53,195289,2,27,2,10,0,4,0,13,7,105,0.033333333,0,0,0,0,0,0,0,0,0,0,13,27,0
181744,18,156596,1,18,6,3,0,2,5,1,1,224,0.033333333,0,0,0,0,0,0,0,0,0,0,9,18,0
181746,303,148039,3,1,1,0,0,0,0,0,0,18,0.033333333,0,0,0,0,0,0,0,0,0,0,1,1,0
181751,32,652701,1,32,11,8,0,4,4,0,0,3,0.066666667,0,0,0,0,0,0,0,0,0,0,9,21,0
181753,72,195289,1,72,5,7,18,6,0,24,14,105,0.066666667,0,0,0,0,0,0,0,0,0,0,25,64,8
181777,178,195289,2,1,1,0,0,0,0,0,0,105,0.033333333,0,0,0,0,0,0,0,0,0,0,1,1,0
181783,14,652701,1,14,5,2,5,1,0,0,0,3,0.033333333,0,0,0,0,0,0,0,0,0,0,7,14,0
181789,6,652701,1,6,1,2,0,1,0,0,0,3,0.033333333,0,0,0,0,0,0,0,0,0,0,3,6,0
181791,8,652701,1,8,4,2,0,1,0,0,0,3,0.033333333,0,0,0,0,0,0,0,0,0,0,4,8,0
181806,754,38356,2,1,1,0,0,0,0,0,0,65,0.033333333,1,0,0,0,0,0,0,0,0,0,1,1,0
181807,12,652701,1,12,4,5,0,2,0,0,0,3,0.033333333,0,0,0,0,0,0,0,0,0,0,5,12,0
181815,616,208752,5,8,4,2,0,1,0,1,1,24,0.033333333,0,0,0,0,0,0,0,0,0,0,5,8,0
181819,9,195289,2,4,2,2,0,0,0,1,0,105,0.033333333,0,0,0,0,0,0,0,0,0,0,4,4,0
181830,3,148039,1,3,2,0,0,0,1,0,0,18,0.033333333,0,0,0,0,0,0,0,0,0,0,3,3,0
181833,19,652701,1,19,3,0,0,0,15,0,0,3,0.033333333,0,0,0,0,0,0,0,0,0,0,4,19,0
181839,554,652701,4,6,1,2,0,1,0,0,0,3,0.033333333,0,0,0,0,0,0,0,0,0,0,4,6,0
181842,56,652701,2,44,18,7,0,4,8,0,0,3,0.033333333,0,0,0,0,0,0,0,0,0,0,9,44,0
181843,7,652701,1,7,3,2,0,1,0,0,0,3,0.033333333,0,0,0,0,0,0,0,0,0,0,6,7,0
181850,104,148039,2,8,4,1,0,1,0,1,1,18,0.033333333,0,0,0,0,0,0,0,0,0,0,6,8,0
181853,206,38356,3,6,2,2,0,1,0,1,1,65,0.033333333,6,0,0,0,0,0,0,0,0,0,4,6,0
181859,2,38356,2,1,1,0,0,0,0,0,0,65,0.033333333,1,0,0,0,0,0,0,0,0,0,1,1,0
181865,6,652701,1,6,2,3,0,1,0,0,0,3,0.033333333,0,0,0,0,0,0,0,0,0,0,4,6,0
181887,20,652701,2,1,1,0,0,0,0,0,0,3,0.033333333,0,0,0,0,0,0,0,0,0,0,1,1,0
181890,74,148039,3,11,1,5,0,4,0,4,1,18,0.033333333,0,0,0,0,0,0,0,0,0,0,6,11,0
181899,16,652701,1,16,5,5,0,3,0,0,0,3,0.033333333,0,0,0,0,0,0,0,0,0,0,8,16,0
181901,10,652701,1,10,4,0,0,0,6,0,0,3,0.033333333,0,0,0,0,0,0,0,0,0,0,4,10,0
181926,39,652701,1,39,14,2,6,1,2,0,0,3,0.033333333,0,0,0,0,0,0,0,0,0,0,9,39,0
181931,7,652701,1,7,3,2,0,1,0,0,0,3,0.033333333,0,0,0,0,0,0,0,0,0,0,6,7,0
181932,16,652701,1,16,6,4,0,2,0,0,0,3,0.033333333,0,0,0,0,0,0,0,0,0,0,8,16,0
181936,4,652701,1,4,4,0,0,0,0,0,0,3,0.033333333,0,0,0,0,0,0,0,0,0,0,1,4,0
181958,59,652701,3,20,11,3,0,1,0,0,0,3,0.033333333,0,0,0,0,0,0,0,0,0,0,8,20,0
181966,326,148039,4,13,1,6,1,3,0,5,1,18,0.033333333,0,0,0,0,0,0,0,0,0,0,8,13,0
181971,93,148039,2,14,2,4,1,3,0,5,2,18,0.033333333,0,0,0,0,0,0,0,0,0,0,9,14,0
181976,59,156596,3,34,17,9,0,3,1,5,2,224,0.033333333,0,0,0,0,0,0,0,0,0,0,13,34,0
181982,20,208752,1,20,2,4,0,3,0,7,7,24,0.033333333,0,0,0,0,0,0,0,0,0,0,12,20,0
181989,12,652701,1,12,6,2,0,1,1,0,0,3,0.033333333,0,0,0,0,0,0,0,0,0,0,8,12,0
181990,29,195289,4,1,1,0,0,0,0,0,0,105,0.033333333,0,0,0,0,0,0,0,0,0,0,1,1,0
182011,57,148039,7,5,1,2,0,1,0,1,1,18,0.033333333,0,0,0,0,0,0,0,0,0,0,4,5,0
182020,195,652701,2,3,1,2,0,0,0,0,0,3,0.033333333,0,0,0,0,0,0,0,0,0,0,3,3,0
182024,4,148039,1,4,4,0,0,0,0,0,0,18,0.033333333,0,0,0,0,0,0,0,0,0,0,2,4,0
182028,62,652701,2,16,4,5,0,3,2,0,0,3,0.033333333,0,0,0,0,0,0,0,0,0,0,7,16,0
182035,24,148039,1,24,4,9,0,5,0,6,4,18,0.033333333,0,0,0,0,0,0,0,0,0,0,10,24,0
182036,3,652701,2,1,1,0,0,0,0,0,0,3,0.033333333,0,0,0,0,0,0,0,0,0,0,1,1,0
182041,3,148039,2,2,2,0,0,0,0,0,0,18,0.033333333,0,0,0,0,0,0,0,0,0,0,2,2,0
182051,24,195289,1,24,8,8,0,4,1,7,3,105,0.033333333,0,0,0,0,0,0,0,0,0,0,11,24,0
182057,15,652701,2,11,6,2,0,1,0,0,0,3,0.033333333,0,0,0,0,0,0,0,0,0,0,7,11,0
182058,49,208752,1,49,11,21,0,10,0,12,5,24,0.066666667,0,0,0,0,0,0,0,0,0,0,19,16,33
182063,160,652701,5,8,1,2,1,1,0,0,0,3,0.033333333,0,0,0,0,0,0,0,0,0,0,5,8,0
182081,129,652701,3,1,1,0,0,0,0,0,0,3,0.033333333,0,0,0,0,0,0,0,0,0,0,1,1,0
182085,13,195289,2,2,2,0,0,0,0,0,0,105,0.033333333,0,0,0,0,0,0,0,0,0,0,2,2,0
182091,33,652701,1,33,6,6,4,4,1,0,0,3,0.033333333,0,0,0,0,0,0,0,0,0,0,9,33,0
182096,351,148039,3,8,5,1,0,1,1,1,0,18,0.066666667,0,0,0,0,0,0,0,0,0,0,5,1,0
182100,2,148039,1,2,2,0,0,0,0,0,0,18,0.033333333,0,0,0,0,0,0,0,0,0,0,1,2,0
182108,20,652701,1,20,6,8,0,3,0,0,0,3,0.033333333,0,0,0,0,0,0,0,0,0,0,8,20,0
182112,38,74042,1,38,1,7,10,5,0,14,4,27,0.033333333,0,0,0,0,0,0,0,0,0,0,10,38,0
182142,14,74042,1,14,6,3,0,2,0,2,2,27,0.033333333,0,0,0,0,0,0,0,0,0,0,9,14,0
182167,49,21216,2,7,3,2,0,1,0,1,1,19,0.1,0,0,0,0,1,0,0,0,0,0,4,1,6
182187,2,155579,1,2,2,0,0,0,0,0,0,17,0.033333333,0,0,0,0,0,0,0,0,0,0,1,2,0
182197,5,155579,1,5,1,2,0,1,0,1,1,17,0.033333333,0,0,0,0,0,0,0,0,0,0,4,5,0
182202,2,155579,1,2,2,0,0,0,0,0,0,17,0.033333333,0,0,0,0,0,0,0,0,0,0,2,2,0
182206,3,155579,2,2,2,0,0,0,0,0,0,17,0.033333333,0,0,0,0,0,0,0,0,0,0,1,2,0
182212,14,91935,8,1,1,0,0,0,0,0,0,26,0.033333333,0,0,0,0,0,0,0,0,0,0,1,1,0
182217,16,91935,1,16,9,4,0,2,0,1,1,26,0.033333333,0,0,0,0,0,0,0,0,0,0,7,16,0
182226,5,91935,2,1,1,0,0,0,0,0,0,26,0.033333333,0,0,0,0,0,0,0,0,0,0,1,1,0
182235,1,89830,1,1,1,0,0,0,0,0,0,108,0.033333333,0,0,0,0,0,0,0,0,0,0,1,1,0
182246,136,91935,2,45,4,11,16,7,0,6,3,26,0.1,0,0,0,0,0,0,0,0,0,0,17,18,4
182247,136,155579,2,91,3,14,32,11,0,21,11,17,0.066666667,29,0,0,0,0,0,0,0,0,0,36,62,0
182250,6,155579,1,6,4,2,0,0,0,2,0,17,0.033333333,0,0,0,0,0,0,0,0,0,0,4,6,0
182254,1,155579,1,1,1,0,0,0,0,0,0,17,0.033333333,0,0,0,0,0,0,0,0,0,0,1,1,0
182260,2,89830,1,2,2,0,0,0,0,0,0,108,0.033333333,0,0,0,0,0,0,0,0,0,0,1,2,0
182265,1,91935,1,1,1,0,0,0,0,0,0,26,0.033333333,0,0,0,0,0,0,0,0,0,0,1,1,0
182266,17,155579,3,1,1,0,0,0,0,0,0,17,0.033333333,0,0,0,0,0,0,0,0,0,0,1,1,0
182269,1,89830,1,1,1,0,0,0,0,0,0,108,0.033333333,0,0,0,0,0,0,0,0,0,0,1,1,0
182272,1,91935,1,1,1,0,0,0,0,0,0,26,0.033333333,0,0,0,0,0,0,0,0,0,0,1,1,0
182274,1,89830,1,1,1,0,0,0,0,0,0,108,0.033333333,0,0,0,0,0,0,0,0,0,0,1,1,0
182278,26,155579,2,22,16,2,0,1,2,1,1,17,0.033333333,0,0,0,0,0,0,0,0,0,0,7,22,0
182308,1,188602,1,1,1,0,0,0,0,0,0,96,0.033333333,0,0,0,0,0,0,0,0,0,0,1,1,0
182310,3,188602,2,2,2,0,0,0,0,0,0,96,0.033333333,0,0,0,0,0,0,0,0,0,0,1,2,0
182319,1,85168,1,1,1,0,0,0,0,0,0,139,0.033333333,0,0,0,0,0,0,0,0,0,0,1,1,0
182321,2,110497,1,2,2,0,0,0,0,0,0,24,0.033333333,0,0,0,0,0,0,0,0,0,0,2,2,0
182330,174,261579,3,6,1,3,0,1,0,2,1,5,0.033333333,0,0,0,0,0,0,0,0,0,0,5,6,0
182333,1,247683,1,1,1,0,0,0,0,0,0,23,0.033333333,0,0,0,0,0,0,0,0,0,0,1,1,0
182336,6,110497,1,6,2,2,0,1,0,1,1,24,0.033333333,0,0,0,0,0,0,0,0,0,0,5,6,0
182340,4,85576,2,2,2,0,0,0,0,0,0,54,0.033333333,0,0,0,0,0,0,0,0,0,0,2,2,0
182347,716,85168,2,1,1,0,0,0,0,0,0,139,0.033333333,0,0,0,0,0,0,0,0,0,0,1,1,0
182354,9,110497,1,9,2,3,0,2,0,2,2,24,0.033333333,0,0,0,0,0,0,0,0,0,0,7,9,0
182362,17,502584,1,17,5,7,0,2,1,6,2,143,0.033333333,0,0,0,0,0,0,0,0,0,0,9,17,0
182366,350,399092,2,1,1,0,0,0,0,0,0,101,0.033333333,0,0,0,0,0,0,0,0,0,0,1,1,0
182369,13,24979,1,13,3,4,0,3,0,3,3,25,0.033333333,0,0,0,0,0,0,0,0,0,0,7,13,0
182374,108,110497,4,14,4,5,0,3,0,2,2,24,0.033333333,0,0,0,0,0,0,0,0,0,0,6,14,0
182387,153,247683,3,1,1,0,0,0,0,0,0,23,0.033333333,0,0,0,0,0,0,0,0,0,0,1,1,0
182432,650,86829,5,1,1,0,0,0,0,0,0,63,0.033333333,0,0,0,0,0,0,0,0,0,0,1,1,0
182433,4,502584,1,4,2,2,0,0,0,1,0,143,0.033333333,0,0,0,0,0,0,0,0,0,0,4,4,0
182440,14,346877,1,14,5,4,0,3,0,3,2,9,0.033333333,0,0,0,0,0,0,0,0,0,0,10,14,0
182446,5,42723,2,1,1,0,0,0,0,0,0,6,0.033333333,0,0,0,0,0,0,0,0,0,0,1,1,0
182449,345,502584,3,2,2,0,0,0,0,0,0,143,0.033333333,0,0,0,0,0,0,0,0,0,0,1,2,0
182451,78,110497,2,1,1,0,0,0,0,0,0,24,0.033333333,0,0,0,0,0,0,0,0,0,0,1,1,0
182455,1,399092,1,1,1,0,0,0,0,0,0,101,0.033333333,0,0,0,0,0,0,0,0,0,0,1,1,0
182459,3,110497,2,1,1,0,0,0,0,0,0,24,0.033333333,0,0,0,0,0,0,0,0,0,0,1,1,0
182460,2,86829,1,2,2,0,0,0,0,0,0,63,0.033333333,0,0,0,0,0,0,0,0,0,0,2,2,0
182473,5,110497,1,5,1,2,0,1,0,1,1,24,0.033333333,0,0,0,0,0,0,0,0,0,0,4,5,0
182475,355,346877,4,17,3,5,0,3,4,2,1,9,0.066666667,0,0,0,0,0,0,0,0,0,0,6,10,0
182480,6,42723,1,6,2,3,0,1,0,2,0,6,0.033333333,0,0,0,0,0,0,0,0,0,0,4,6,0
182481,345,86829,3,1,1,0,0,0,0,0,0,63,0.033333333,0,0,0,0,0,0,0,0,0,0,1,1,0
182482,6,110497,1,6,2,3,0,0,0,2,1,24,0.033333333,0,0,0,0,0,0,0,0,0,0,6,6,0
182485,6,346877,1,6,2,2,0,1,0,1,1,9,0.033333333,0,0,0,0,0,0,0,0,0,0,5,6,0
182513,180,502584,2,132,8,10,33,7,5,49,5,143,0.066666667,0,0,0,0,0,0,0,0,0,0,25,128,0
182523,526,85576,5,15,5,5,0,3,0,2,2,54,0.066666667,0,0,0,0,0,0,0,0,0,0,9,3,0
182533,38,24979,3,1,1,0,0,0,0,0,0,25,0.033333333,0,0,0,0,0,0,0,0,0,0,1,1,0
182534,1,502584,1,1,1,0,0,0,0,0,0,143,0.033333333,0,0,0,0,0,0,0,0,0,0,1,1,0
182541,55,110497,3,11,3,4,0,2,0,2,2,24,0.033333333,0,0,0,0,0,0,0,0,0,0,7,11,0
182547,73,188602,1,73,6,21,0,19,1,23,18,96,0.033333333,0,0,0,0,0,0,0,0,0,0,20,73,0
182551,934,85576,7,6,2,4,0,0,0,1,0,54,0.066666667,0,0,0,0,0,0,0,0,0,0,4,3,0
182555,79,502584,2,26,3,7,0,6,0,8,6,143,0.033333333,0,0,0,0,0,0,0,0,0,0,12,26,0
182562,24,346877,1,24,4,2,0,1,16,1,1,9,0.033333333,0,0,0,0,0,0,0,0,0,0,5,24,0
182564,8,346877,1,8,1,3,0,2,0,2,2,9,0.033333333,0,0,0,0,0,0,0,0,0,0,6,8,0
182568,6,502584,2,2,2,0,0,0,0,0,0,143,0.033333333,0,0,0,0,0,0,0,0,0,0,2,2,0
182570,26,24979,2,2,2,0,0,0,0,0,0,25,0.033333333,0,0,0,0,0,0,0,0,0,0,1,2,0
182581,48,85168,2,2,2,0,0,0,0,0,0,139,0.033333333,0,0,0,0,0,0,0,0,0,0,2,2,0
182584,760,502584,15,1,1,0,0,0,0,0,0,143,0.033333333,0,0,0,0,0,0,0,0,0,0,1,1,0
182585,107,346877,3,2,2,0,0,0,0,0,0,9,0.033333333,0,0,0,0,0,0,0,0,0,0,1,2,0
182601,8,346877,1,8,3,1,3,0,0,2,0,9,0.033333333,0,0,0,0,0,0,0,0,0,0,5,8,0
182605,1,247683,1,1,1,0,0,0,0,0,0,23,0.033333333,0,0,0,0,0,0,0,0,0,0,1,1,0
182613,9,110497,1,9,3,5,0,1,0,4,0,24,0.066666667,0,0,0,0,0,0,0,0,0,0,7,2,0
182621,215,85576,2,119,4,14,71,9,0,17,2,54,0.066666667,0,0,0,0,0,0,0,0,0,0,14,80,0
182631,10,346877,1,10,2,4,0,2,0,3,2,9,0.033333333,0,0,0,0,0,0,0,0,0,0,8,10,0
182642,9,346877,1,9,2,3,0,2,0,2,2,9,0.033333333,0,0,0,0,0,0,0,0,0,0,7,9,0
182653,331,346877,3,64,8,16,12,11,10,9,5,9,0.033333333,0,0,0,0,0,0,0,0,0,0,15,64,0
182666,10,110497,1,10,5,1,0,1,1,1,1,24,0.033333333,0,0,0,0,0,0,0,0,0,0,6,10,0
182673,6,502584,1,6,1,3,0,1,0,2,1,143,0.033333333,0,0,0,0,0,0,0,0,0,0,4,6,0
182676,3,85168,2,1,1,0,0,0,0,0,0,139,0.033333333,0,0,0,0,0,0,0,0,0,0,1,1,0
182677,829,188602,6,8,3,2,0,1,1,1,1,96,0.033333333,0,0,0,0,0,0,0,0,0,0,5,8,0
182679,5,502584,2,4,4,0,0,0,0,0,0,143,0.033333333,0,0,0,0,0,0,0,0,0,0,2,4,0
182698,7,399092,1,7,7,0,0,0,0,0,0,101,0.066666667,0,0,0,0,0,0,0,0,0,0,2,5,0
182700,466,346877,2,1,1,0,0,0,0,0,0,9,0.033333333,0,0,0,0,0,0,0,0,0,0,1,1,0
182708,61,42723,4,47,3,22,0,13,0,15,9,6,0.066666667,0,0,0,0,0,0,0,0,0,0,17,20,0
182720,140,502584,2,26,2,2,0,1,0,15,1,143,0.033333333,0,0,0,0,0,0,0,0,0,0,5,26,0
182729,8,346877,1,8,4,2,0,0,0,3,0,9,0.033333333,0,0,0,0,0,0,0,0,0,0,4,8,0
182731,15,261579,2,1,1,0,0,0,0,0,0,5,0.033333333,0,0,0,0,0,0,0,0,0,0,1,1,0
182739,2,110497,2,1,1,0,0,0,0,0,0,24,0.033333333,0,0,0,0,0,0,0,0,0,0,1,1,0
182758,55,85576,2,28,5,7,0,4,10,2,2,54,0.033333333,0,0,0,0,0,0,0,0,0,0,6,28,0
182759,9,110497,2,1,1,0,0,0,0,0,0,24,0.033333333,0,0,0,0,0,0,0,0,0,0,1,1,0
182767,34,346877,2,14,2,5,0,3,3,2,1,9,0.033333333,0,0,0,0,0,0,0,0,0,0,5,14,0
182776,366,110497,4,2,2,0,0,0,0,0,0,24,0.033333333,0,0,0,0,0,0,0,0,0,0,2,2,0
182784,47,85168,1,47,23,9,0,3,6,10,2,139,0.033333333,0,0,0,0,0,0,0,0,0,0,12,47,0
182791,7,110497,2,5,1,2,0,1,0,1,1,24,0.033333333,0,0,0,0,0,0,0,0,0,0,4,5,0
182793,1,502584,1,1,1,0,0,0,0,0,0,143,0.033333333,0,0,0,0,0,0,0,0,0,0,1,1,0
182799,43,110497,3,17,7,3,0,2,2,2,2,24,0.033333333,0,0,0,0,0,0,0,0,0,0,10,17,0
182810,1,346877,1,1,1,0,0,0,0,0,0,9,0.033333333,0,0,0,0,0,0,0,0,0,0,1,1,0
182819,5,85168,1,5,3,2,0,0,0,2,0,139,0.033333333,0,0,0,0,0,0,0,0,0,0,5,5,0
182823,43,346877,3,9,2,3,0,2,0,2,2,9,0.033333333,0,0,0,0,0,0,0,0,0,0,7,9,0
182832,26,247683,1,26,4,15,4,1,0,14,0,23,0.033333333,0,0,0,0,0,0,0,0,0,0,15,26,0
182837,39,110497,2,23,7,10,0,4,0,5,2,24,0.1,0,0,0,0,0,0,0,0,0,0,9,3,2
182855,6,85168,1,6,1,3,0,1,0,2,1,139,0.033333333,0,0,0,0,0,0,0,0,0,0,5,6,0
182861,70,261579,6,16,2,8,0,3,0,7,3,5,0.033333333,0,0,0,0,0,0,0,0,0,0,7,16,0
182866,5,247683,1,5,5,0,0,0,0,0,0,23,0.033333333,0,0,0,0,0,0,0,0,0,0,4,5,0
182870,1,261579,1,1,1,0,0,0,0,0,0,5,0.033333333,0,0,0,0,0,0,0,0,0,0,1,1,0
182874,18,346877,1,18,2,8,0,5,0,5,3,9,0.033333333,0,0,0,0,0,0,0,0,0,0,10,18,0
182880,86,399092,2,1,1,0,0,0,0,0,0,101,0.033333333,0,0,0,0,0,0,0,0,0,0,1,1,0
182889,16,261579,1,16,4,6,0,3,0,3,3,5,0.033333333,0,0,0,0,0,0,0,0,0,0,8,16,0
182890,5,247683,1,5,1,2,0,1,0,1,1,23,0.033333333,0,0,0,0,0,0,0,0,0,0,4,5,0
182895,137,247683,2,22,2,11,0,5,0,10,4,23,0.033333333,0,0,0,0,0,0,0,0,0,0,9,22,0
182897,209,110497,6,1,1,0,0,0,0,0,0,24,0.033333333,0,0,0,0,0,0,0,0,0,0,1,1,0
182906,8,86829,1,8,2,4,0,1,0,3,1,63,0.033333333,0,0,0,0,0,0,0,0,0,0,5,8,0
182913,34,24979,3,1,1,0,0,0,0,0,0,25,0.033333333,0,0,0,0,0,0,0,0,0,0,1,1,0
182918,33,86829,2,12,1,5,0,4,0,4,2,63,0.033333333,0,0,0,0,0,0,0,0,0,0,6,12,0
182936,29,110497,4,8,1,3,0,2,0,2,2,24,0.033333333,0,0,0,0,0,0,0,0,0,0,6,8,0
182943,8,247683,1,8,1,3,0,2,0,2,2,23,0.033333333,0,0,0,0,0,0,0,0,0,0,6,8,0
182950,7,110497,1,7,4,2,0,1,0,1,0,24,0.033333333,0,0,0,0,0,0,0,0,0,0,4,7,0
182951,22,247683,3,3,1,2,0,0,0,1,0,23,0.033333333,0,0,0,0,0,0,0,0,0,0,3,3,0
182954,4,346877,1,4,2,2,0,0,0,1,0,9,0.033333333,0,0,0,0,0,0,0,0,0,0,3,4,0
182963,189,42723,5,56,7,20,0,16,2,13,11,6,0.033333333,0,0,0,0,0,0,0,0,0,0,19,56,0
182966,555,261579,4,9,1,5,0,2,0,4,1,5,0.033333333,0,0,0,0,0,0,0,0,0,0,5,9,0
182973,4,247683,2,1,1,0,0,0,0,0,0,23,0.033333333,0,0,0,0,0,0,0,0,0,0,1,1,0
182974,44,42723,3,2,2,0,0,0,0,0,0,6,0.033333333,0,0,0,0,0,0,0,0,0,0,2,2,0
182983,2,502584,1,2,2,0,0,0,0,0,0,143,0.033333333,0,0,0,0,0,0,0,0,0,0,2,2,0
182986,12,247683,2,11,1,9,0,0,1,7,0,23,0.033333333,0,0,0,0,0,0,0,0,0,0,6,11,0
183007,17,346877,3,6,1,3,0,1,0,2,1,9,0.033333333,0,0,0,0,0,0,0,0,0,0,4,6,0
183016,13,85576,2,4,3,1,0,0,0,1,0,54,0.033333333,0,0,0,0,0,0,0,0,0,0,3,4,0
183036,32,42723,3,9,5,2,0,1,0,1,1,6,0.033333333,0,0,0,0,0,0,0,0,0,0,5,9,0
183040,8,346877,1,8,4,2,0,0,1,1,0,9,0.033333333,0,0,0,0,0,0,0,0,0,0,4,8,0
183042,12,346877,2,1,1,0,0,0,0,0,0,9,0.033333333,0,0,0,0,0,0,0,0,0,0,1,1,0
183056,666,85576,7,6,2,2,0,1,0,1,1,54,0.033333333,0,0,0,0,0,0,0,0,0,0,4,6,0
183084,49,110497,3,12,6,5,0,0,0,2,0,24,0.033333333,0,0,0,0,0,0,0,0,0,0,9,12,0
183098,586,85576,10,4,2,2,0,0,0,1,0,54,0.066666667,0,0,0,0,0,0,0,0,0,0,3,3,0
183105,2007,85576,9,1,1,0,0,0,0,0,0,54,0.033333333,0,0,0,0,0,0,0,0,0,0,1,1,0
183107,3,188602,2,1,1,0,0,0,0,0,0,96,0.033333333,0,0,0,0,0,0,0,0,0,0,1,1,0
183118,2,346877,1,2,2,0,0,0,0,0,0,9,0.033333333,0,0,0,0,0,0,0,0,0,0,1,2,0
183137,23,85168,1,23,3,10,0,4,1,8,2,139,0.033333333,0,0,0,0,0,0,0,0,0,0,8,23,0
183138,2,110497,1,2,2,0,0,0,0,0,0,24,0.033333333,0,0,0,0,0,0,0,0,0,0,2,2,0
183140,7,261579,2,1,1,0,0,0,0,0,0,5,0.033333333,0,0,0,0,0,0,0,0,0,0,1,1,0
183142,7,85168,2,6,2,2,0,1,0,1,1,139,0.033333333,0,0,0,0,0,0,0,0,0,0,5,6,0
183145,118,85168,1,118,1,11,48,8,0,30,7,139,0.033333333,0,0,0,0,0,0,0,0,0,0,37,118,0
183157,94,346877,1,94,9,15,19,11,17,21,7,9,0.033333333,0,0,0,0,0,0,0,0,0,0,17,94,0
183159,234,346877,6,1,1,0,0,0,0,0,0,9,0.033333333,0,0,0,0,0,0,0,0,0,0,1,1,0
183164,122,86829,9,14,2,5,0,3,4,2,0,63,0.033333333,0,0,0,0,0,0,0,0,0,0,6,14,0
183172,55,85168,1,55,1,12,16,10,0,17,5,139,0.033333333,0,0,0,0,0,0,0,0,0,0,12,55,0
183190,28,261579,1,28,2,6,0,5,5,8,5,5,0.033333333,0,0,0,0,0,0,0,0,0,0,13,28,0
183219,95,42723,3,1,1,0,0,0,0,0,0,6,0.033333333,0,0,0,0,0,0,0,0,0,0,1,1,0
183220,42,346877,2,19,1,7,0,6,0,8,3,9,0.033333333,0,0,0,0,0,0,0,0,0,0,9,19,0
183226,2,261579,2,1,1,0,0,0,0,0,0,5,0.033333333,0,0,0,0,0,0,0,0,0,0,1,1,0
183245,203,110497,3,1,1,0,0,0,0,0,0,24,0.033333333,0,0,0,0,0,0,0,0,0,0,1,1,0
183256,20,85168,1,20,14,5,0,0,0,4,0,139,0.033333333,0,0,0,0,0,0,0,0,0,0,8,20,0
183263,126,85168,6,19,6,8,0,4,1,1,0,139,0.033333333,0,0,0,0,0,0,0,0,0,0,7,19,0
183270,1033,346877,8,62,8,8,14,7,4,19,5,9,0.033333333,0,0,0,0,0,0,0,0,0,0,15,62,0
183271,3,188602,1,3,1,2,0,0,0,1,0,96,0.033333333,0,0,0,0,0,0,0,0,0,0,3,3,0
183279,1,502584,1,1,1,0,0,0,0,0,0,143,0.033333333,0,0,0,0,0,0,0,0,0,0,1,1,0
183284,38,42723,2,33,8,8,0,5,8,5,4,6,0.033333333,0,0,0,0,0,0,0,0,0,0,12,33,0
183292,6,502584,1,6,2,2,0,1,0,1,1,143,0.033333333,0,0,0,0,0,0,0,0,0,0,5,6,0
183295,18,346877,2,9,1,6,0,1,0,5,1,9,0.033333333,0,0,0,0,0,0,0,0,0,0,6,9,0
183301,9,188602,1,9,2,3,0,2,0,2,2,96,0.033333333,0,0,0,0,0,0,0,0,0,0,7,9,0
183304,3,85168,1,3,2,1,0,0,0,1,0,139,0.033333333,0,0,0,0,0,0,0,0,0,0,3,3,0
183322,70,85576,3,6,2,2,0,1,0,1,1,54,0.033333333,0,0,0,0,0,0,0,0,0,0,4,6,0
183324,34,261579,2,33,3,10,0,9,0,11,8,5,0.033333333,0,0,0,0,0,0,0,0,0,0,13,33,0
183330,1,399092,1,1,1,0,0,0,0,0,0,101,0.033333333,0,0,0,0,0,0,0,0,0,0,1,1,0
183336,99,346877,2,92,12,15,19,12,16,21,0,9,0.033333333,0,0,0,0,0,0,0,0,0,0,14,92,0
183355,14,346877,1,14,6,2,0,2,1,2,2,9,0.033333333,0,0,0,0,0,0,0,0,0,0,10,14,0
183359,2,346877,1,2,2,0,0,0,0,0,0,9,0.033333333,0,0,0,0,0,0,0,0,0,0,2,2,0
183373,5,86829,1,5,1,2,0,1,0,1,1,63,0.033333333,0,0,0,0,0,0,0,0,0,0,4,5,0
183377,177,346877,6,10,1,3,0,2,0,5,1,9,0.033333333,0,0,0,0,0,0,0,0,0,0,5,10,0
183381,3,85576,1,3,2,0,0,0,0,0,0,54,0.033333333,0,0,0,0,0,0,0,0,0,0,3,3,0
183382,367,110497,5,14,3,4,0,3,0,5,2,24,0.033333333,0,0,0,0,0,0,0,0,0,0,8,14,0
183385,108,399092,3,1,1,0,0,0,0,0,0,101,0.033333333,0,0,0,0,0,0,0,0,0,0,1,1,0
183391,55,247683,2,6,2,2,0,1,0,1,1,23,0.033333333,0,0,0,0,0,0,0,0,0,0,5,6,0
183394,31,85576,2,20,5,2,0,1,8,3,1,54,0.033333333,0,0,0,0,0,0,0,0,0,0,6,20,0
183395,9,85168,1,9,3,5,0,0,0,5,0,139,0.033333333,0,0,0,0,0,0,0,0,0,0,6,9,0
183396,3,110497,1,3,3,0,0,0,0,0,0,24,0.033333333,0,0,0,0,0,0,0,0,0,0,2,3,0
183425,49,502584,3,6,2,2,0,1,0,1,1,143,0.033333333,0,0,0,0,0,0,0,0,0,0,5,6,0
183435,6,86829,1,6,2,4,0,0,0,3,0,63,0.033333333,0,0,0,0,0,0,0,0,0,0,6,6,0
183452,13,85576,1,13,3,4,0,2,2,1,1,54,0.033333333,0,0,0,0,0,0,0,0,0,0,7,13,0
183456,121,86829,3,114,7,18,30,16,1,27,10,63,0.033333333,0,0,0,0,0,0,0,0,0,0,20,114,0
183462,3,247683,1,3,3,0,0,0,0,0,0,23,0.033333333,0,0,0,0,0,0,0,0,0,0,2,3,0
183466,14,346877,1,14,4,6,0,2,1,2,1,9,0.033333333,0,0,0,0,0,0,0,0,0,0,6,14,0
183473,855,188602,4,61,5,16,8,13,5,14,7,96,0.066666667,0,0,0,0,0,0,0,0,0,0,18,15,0
183498,104,85168,3,17,3,6,0,3,3,3,2,139,0.033333333,0,0,0,0,0,0,0,0,0,0,7,17,0
183501,20,110497,1,20,6,6,0,4,0,3,3,24,0.033333333,0,0,0,0,0,0,0,0,0,0,12,20,0
183503,19,502584,2,9,2,5,0,1,0,4,1,143,0.033333333,0,0,0,0,0,0,0,0,0,0,8,9,0
183508,209,188602,4,8,1,3,0,2,0,2,2,96,0.033333333,0,0,0,0,0,0,0,0,0,0,6,8,0
183512,44,85576,3,8,2,6,0,0,0,5,0,54,0.033333333,0,0,0,0,0,0,0,0,0,0,5,8,0
183516,2,85576,1,2,2,0,0,0,0,0,0,54,0.033333333,0,0,0,0,0,0,0,0,0,0,2,2,0
183539,394,24979,3,1,1,0,0,0,0,0,0,25,0.033333333,0,0,0,0,0,0,0,0,0,0,1,1,0
183555,12,42723,1,12,7,3,0,0,1,2,0,6,0.033333333,0,0,0,0,0,0,0,0,0,0,7,12,0
183557,12,502584,1,12,5,4,0,2,0,1,1,143,0.033333333,0,0,0,0,0,0,0,0,0,0,6,12,0
183576,1,188602,1,1,1,0,0,0,0,0,0,96,0.033333333,0,0,0,0,0,0,0,0,0,0,1,1,0
183587,433,110497,6,2,2,0,0,0,0,0,0,24,0.033333333,0,0,0,0,0,0,0,0,0,0,2,2,0
183595,368,261579,3,38,4,15,0,10,0,12,9,5,0.033333333,0,0,0,0,0,0,0,0,0,0,25,38,0
183611,2,247683,1,2,2,0,0,0,0,0,0,23,0.033333333,0,0,0,0,0,0,0,0,0,0,2,2,0
183616,38,247683,1,38,9,5,0,3,18,2,1,23,0.033333333,0,0,0,0,0,0,0,0,0,0,9,38,0
183617,391,346877,5,29,4,7,6,6,0,10,0,9,0.066666667,0,0,0,0,0,0,0,0,0,0,9,27,0
183629,108,24979,5,6,2,2,0,1,0,1,1,25,0.033333333,0,0,0,0,0,0,0,0,0,0,5,6,0
183638,36,502584,2,24,5,8,0,6,0,5,5,143,0.066666667,0,0,0,0,0,0,0,0,0,0,13,13,0
183662,5,42723,1,5,3,2,0,0,0,1,0,6,0.033333333,0,0,0,0,0,0,0,0,0,0,5,5,0
183667,2,346877,2,1,1,0,0,0,0,0,0,9,0.033333333,0,0,0,0,0,0,0,0,0,0,1,1,0
183669,152,110497,9,14,3,6,0,3,0,3,2,24,0.066666667,0,0,0,0,0,0,0,0,0,0,8,4,0
183701,886,247683,6,6,2,2,0,1,0,1,1,23,0.033333333,0,0,0,0,0,0,0,0,0,0,5,6,0
183708,2,247683,1,2,2,0,0,0,0,0,0,23,0.033333333,0,0,0,0,0,0,0,0,0,0,2,2,0
183722,7,24979,1,7,3,1,0,1,0,1,1,25,0.033333333,0,0,0,0,0,0,0,0,0,0,6,7,0
183727,24,247683,2,16,3,7,0,4,0,4,2,23,0.033333333,0,0,0,0,0,0,0,0,0,0,9,16,0
183729,4,110497,1,4,1,2,0,1,0,1,0,24,0.033333333,0,0,0,0,0,0,0,0,0,0,3,4,0
183739,5,188602,1,5,2,2,0,0,0,1,1,96,0.033333333,0,0,0,0,0,0,0,0,0,0,5,5,0
183745,47,346877,3,1,1,0,0,0,0,0,0,9,0.033333333,0,0,0,0,0,0,0,0,0,0,1,1,0
183751,2,85576,2,1,1,0,0,0,0,0,0,54,0.033333333,0,0,0,0,0,0,0,0,0,0,1,1,0
183752,277,346877,6,6,1,3,0,1,0,2,1,9,0.033333333,0,0,0,0,0,0,0,0,0,0,4,6,0
183776,2,346877,1,2,2,0,0,0,0,0,0,9,0.033333333,0,0,0,0,0,0,0,0,0,0,2,2,0
183782,26,346877,4,1,1,0,0,0,0,0,0,9,0.033333333,0,0,0,0,0,0,0,0,0,0,1,1,0
183786,273,110497,6,4,2,2,0,0,0,1,0,24,0.033333333,0,0,0,0,0,0,0,0,0,0,4,4,0
183807,11,85168,1,11,2,5,0,3,0,4,1,139,0.033333333,0,0,0,0,0,0,0,0,0,0,6,11,0
183810,14,42723,1,14,2,6,0,2,1,3,2,6,0.033333333,0,0,0,0,0,0,0,0,0,0,6,14,0
183823,81,110497,2,23,6,10,0,5,0,3,2,24,0.066666667,0,0,0,0,0,0,0,0,0,0,9,22,0
183827,8,110497,1,8,5,1,0,1,0,2,0,24,0.033333333,0,0,0,0,0,0,0,0,0,0,5,8,0
183828,75,346877,1,75,8,9,15,7,22,12,3,9,0.033333333,0,0,0,0,0,0,0,0,0,0,16,75,0
183837,57,346877,2,48,5,7,13,3,8,13,0,9,0.033333333,0,0,0,0,0,0,0,0,0,0,11,48,0
183841,1538,85576,5,14,2,10,0,1,0,3,1,54,0.033333333,0,0,0,0,0,0,0,0,0,0,5,14,0
183862,1,399092,1,1,1,0,0,0,0,0,0,101,0.033333333,0,0,0,0,0,0,0,0,0,0,1,1,0
183868,9,24979,5,1,1,0,0,0,0,0,0,25,0.033333333,0,0,0,0,0,0,0,0,0,0,1,1,0
183879,41,346877,4,5,1,2,0,1,0,1,1,9,0.033333333,0,0,0,0,0,0,0,0,0,0,4,5,0
183903,46,85168,2,39,2,19,13,2,0,16,2,139,0.066666667,0,0,0,0,0,0,0,0,0,0,15,6,0
183924,553,247683,12,46,7,24,9,2,2,15,1,23,0.066666667,0,0,0,0,0,0,0,0,0,0,23,7,0
183929,95,85576,7,1,1,0,0,0,0,0,0,54,0.033333333,0,0,0,0,0,0,0,0,0,0,1,1,0
183945,46,346877,1,46,11,7,15,0,6,11,0,9,0.033333333,0,0,0,0,0,0,0,0,0,0,11,46,0
183948,8,346877,1,8,2,4,0,1,0,3,1,9,0.033333333,0,0,0,0,0,0,0,0,0,0,6,8,0
183954,44,42723,1,44,8,18,0,11,1,11,5,6,0.033333333,0,0,0,0,0,0,0,0,0,0,17,44,0
183968,15,502584,1,15,4,5,0,3,0,4,3,143,0.033333333,0,0,0,0,0,0,0,0,0,0,11,15,0
183975,38,86829,1,38,2,8,14,7,0,10,4,63,0.033333333,0,0,0,0,0,0,0,0,0,0,19,38,0
183984,121,188602,3,70,4,17,19,11,0,22,8,96,0.1,0,0,0,0,0,0,0,0,0,0,17,17,2
183989,10,346877,2,5,1,2,0,1,0,1,1,9,0.033333333,0,0,0,0,0,0,0,0,0,0,4,5,0
183993,55,85576,5,1,1,0,0,0,0,0,0,54,0.033333333,0,0,0,0,0,0,0,0,0,0,1,1,0
184002,64,188602,1,64,13,22,0,15,1,13,11,96,0.1,0,0,0,32,11,0,0,0,0,0,30,21,0
184007,30,247683,3,9,2,3,0,2,0,2,2,23,0.033333333,0,0,0,0,0,0,0,0,0,0,7,9,0
184037,40,399092,2,26,5,4,0,3,10,4,3,101,0.033333333,0,0,0,0,0,0,0,0,0,0,11,26,0
184042,11,188602,1,11,4,4,0,2,0,1,1,96,0.033333333,0,0,0,0,0,0,0,0,0,0,6,11,0
184051,117,247683,4,28,1,9,3,8,0,8,7,23,0.033333333,0,0,0,0,0,0,0,0,0,0,14,28,0
184068,5,85576,3,1,1,0,0,0,0,0,0,54,0.033333333,0,0,0,0,0,0,0,0,0,0,1,1,0
184071,437,346877,3,16,5,6,0,3,0,4,1,9,0.066666667,0,0,0,0,0,0,0,0,0,0,8,8,0
184086,9,399092,1,9,9,0,0,0,0,0,0,101,0.033333333,0,0,0,0,0,0,0,0,0,0,2,9,0
184095,117,346877,2,7,3,4,0,0,0,3,0,9,0.033333333,0,0,0,0,0,0,0,0,0,0,5,7,0
184103,6,247683,1,6,6,0,0,0,0,0,0,23,0.033333333,0,0,0,0,0,0,0,0,0,0,2,6,0
184106,991,502584,8,1,1,0,0,0,0,0,0,143,0.033333333,0,0,0,0,0,0,0,0,0,0,1,1,0
184107,5,85576,1,5,2,1,0,1,0,1,1,54,0.033333333,0,0,0,0,0,0,0,0,0,0,5,5,0
184110,17,346877,1,17,4,5,0,3,2,2,2,9,0.033333333,0,0,0,0,0,0,0,0,0,0,7,17,0
184116,991,24979,8,9,3,3,0,2,1,2,0,25,0.033333333,0,0,0,0,0,0,0,0,0,0,5,9,0
184142,29,346877,2,14,1,6,0,4,0,5,3,9,0.033333333,0,0,0,0,0,0,0,0,0,0,7,14,0
184166,401,261579,3,18,2,8,0,3,0,8,3,5,0.033333333,0,0,0,0,0,0,0,0,0,0,9,18,0
184170,655,85576,7,4,2,2,0,0,0,1,0,54,0.033333333,0,0,0,0,0,0,0,0,0,0,3,4,0
184195,72,85576,2,7,1,3,0,1,0,3,1,54,0.033333333,0,0,0,0,0,0,0,0,0,0,4,7,0
184203,533,85576,7,8,4,2,0,1,0,1,1,54,0.033333333,0,0,0,0,0,0,0,0,0,0,5,8,0
184209,56,85576,2,1,1,0,0,0,0,0,0,54,0.033333333,0,0,0,0,0,0,0,0,0,0,1,1,0
184217,4,652701,1,4,2,2,0,0,0,1,0,3,0.033333333,0,0,0,4,0,0,0,0,0,0,4,4,0
184238,2,652701,1,2,2,0,0,0,0,0,0,3,0.033333333,0,0,0,2,0,0,0,0,0,0,2,2,0
184242,73,652701,1,73,11,23,9,14,0,22,10,3,0.033333333,0,0,0,73,0,0,0,0,0,0,27,73,0
184254,23,41550,2,1,1,0,0,0,0,0,0,21,0.033333333,0,1,0,0,0,0,0,0,0,0,1,1,0
184258,1,652701,1,1,1,0,0,0,0,0,0,3,0.033333333,0,0,0,1,0,0,0,0,0,0,1,1,0
184261,65,148039,1,65,14,24,5,2,1,29,1,18,0.033333333,0,0,0,0,65,0,0,0,0,0,14,65,0
184265,4,652701,1,4,2,2,0,0,0,1,0,3,0.033333333,0,0,0,4,0,0,0,0,0,0,4,4,0
184269,10,652701,1,10,5,2,0,1,0,1,1,3,0.033333333,0,0,0,10,0,0,0,0,0,0,8,10,0
184286,7,221833,2,6,2,2,0,1,0,1,1,58,0.033333333,0,0,0,6,0,0,0,0,0,0,5,6,0
184292,1,652701,1,1,1,0,0,0,0,0,0,3,0.033333333,0,0,0,1,0,0,0,0,0,0,1,1,0
184302,75,652701,2,19,3,8,0,4,1,5,3,3,0.033333333,0,0,0,19,0,0,0,0,0,0,10,19,0
184308,110,652701,1,110,21,32,6,22,8,18,12,3,0.1,0,0,0,61,46,3,0,0,0,0,27,61,46
184309,43,652701,1,43,9,11,2,11,0,11,9,3,0.066666667,0,0,0,35,0,0,0,0,0,0,22,8,0
184322,7,652701,1,7,2,3,0,1,0,2,1,3,0.033333333,0,0,0,7,0,0,0,0,0,0,5,7,0
184323,3,652701,1,3,3,0,0,0,0,0,0,3,0.033333333,0,0,0,3,0,0,0,0,0,0,2,3,0
184324,59,652701,2,38,5,13,0,11,0,10,9,3,0.033333333,0,0,0,38,0,0,0,0,0,0,23,38,0
184328,41,221833,2,6,2,3,0,1,0,2,0,58,0.033333333,0,0,0,6,0,0,0,0,0,0,4,6,0
184346,1,148039,1,1,1,0,0,0,0,0,0,18,0.033333333,0,0,0,0,1,0,0,0,0,0,1,1,0
184353,20,652701,1,20,8,6,0,3,0,2,1,3,0.066666667,0,0,0,16,4,0,0,0,0,0,9,16,4
184362,17,41550,2,1,1,0,0,0,0,0,0,21,0.033333333,0,1,0,0,0,0,0,0,0,0,1,1,0
184363,45,148039,2,1,1,0,0,0,0,0,0,18,0.033333333,0,0,0,0,1,0,0,0,0,0,1,1,0
184366,45,148039,2,32,7,9,1,6,0,8,3,18,0.033333333,0,0,0,0,32,0,0,0,0,0,13,32,0
184386,16,652701,1,16,2,7,0,4,0,4,3,3,0.033333333,0,0,0,16,0,0,0,0,0,0,10,16,0
184401,36,41550,3,3,3,0,0,0,0,0,0,21,0.033333333,0,3,0,0,0,0,0,0,0,0,2,3,0
184403,1,652701,1,1,1,0,0,0,0,0,0,3,0.033333333,0,0,0,1,0,0,0,0,0,0,1,1,0
184413,2,155579,1,2,2,0,0,0,0,0,0,17,0.033333333,0,0,0,0,0,0,0,0,0,0,1,2,0
184422,10,907118,1,10,3,2,0,1,0,4,0,19,0.033333333,0,0,0,0,0,0,0,0,0,0,5,10,0
184435,15,907118,1,15,1,8,0,6,0,7,0,19,0.033333333,0,0,0,0,0,0,0,0,0,0,8,15,0
184438,115,91935,2,10,3,4,0,2,0,1,1,26,0.066666667,0,0,0,0,0,0,0,0,0,0,5,5,0
184441,7,907118,1,7,1,3,0,2,0,2,1,19,0.033333333,0,0,0,0,0,0,0,0,0,0,5,7,0
184453,6,907118,1,6,1,3,0,2,0,2,0,19,0.033333333,0,0,0,0,0,0,0,0,0,0,4,6,0
184459,38,907118,1,38,8,12,0,7,1,15,1,19,0.033333333,0,0,0,0,0,0,0,0,0,0,13,38,0
184487,34,907118,4,26,8,6,0,4,7,3,0,19,0.033333333,0,0,0,0,0,0,0,0,0,0,10,26,0
184493,29,907118,1,29,5,13,0,7,0,8,4,19,0.033333333,0,0,0,0,0,0,0,0,0,0,13,29,0
184494,10,907118,1,10,3,3,0,2,0,2,1,19,0.033333333,0,0,0,0,0,0,0,0,0,0,7,10,0
184499,62,907118,1,62,21,36,0,3,0,29,0,19,0.1,0,0,0,0,0,0,0,0,0,0,18,54,8
184500,32,907118,1,32,5,11,3,9,0,8,3,19,0.066666667,0,0,0,0,0,0,0,0,0,0,14,9,0
184510,14,907118,3,4,1,2,0,1,0,1,0,19,0.033333333,0,0,0,0,0,0,0,0,0,0,3,4,0
184514,122,907118,3,19,5,6,0,5,1,5,2,19,0.033333333,0,0,0,0,0,0,0,0,0,0,10,19,0
184520,273,907118,2,33,5,16,0,9,0,11,2,19,0.033333333,0,0,0,0,0,0,0,0,0,0,14,33,0
184524,11,907118,1,11,1,5,0,4,0,4,1,19,0.033333333,0,0,0,0,0,0,0,0,0,0,6,11,0
184526,8,907118,1,8,2,3,0,2,0,2,1,19,0.033333333,0,0,0,0,0,0,0,0,0,0,6,8,0
184535,578,91935,8,1,1,0,0,0,0,0,0,26,0.033333333,0,0,0,0,0,0,0,0,0,0,1,1,0
184536,146,907118,2,23,4,9,0,7,0,6,3,19,0.033333333,0,0,0,0,0,0,0,0,0,0,12,23,0
184541,15,907118,1,15,6,5,0,3,0,2,0,19,0.033333333,0,0,0,0,0,0,0,0,0,0,9,15,0
184546,6,91935,1,6,3,2,0,0,0,2,0,26,0.033333333,0,0,0,0,0,0,0,0,0,0,4,6,0
184561,2,155579,1,2,2,0,0,0,0,0,0,17,0.033333333,0,0,0,0,0,0,0,0,0,0,1,2,0
184562,10,907118,1,10,1,4,0,3,0,3,2,19,0.033333333,0,0,0,0,0,0,0,0,0,0,7,10,0
184563,7,907118,1,7,2,3,0,2,0,2,0,19,0.033333333,0,0,0,0,0,0,0,0,0,0,5,7,0
184579,22,907118,1,22,9,8,0,4,0,7,0,19,0.033333333,0,0,0,0,0,0,0,0,0,0,9,22,0
184602,3,155579,3,1,1,0,0,0,0,0,0,17,0.033333333,0,0,0,0,0,0,0,0,0,0,1,1,0
184616,15,907118,1,15,3,6,0,5,0,5,1,19,0.033333333,0,0,0,0,0,0,0,0,0,0,8,15,0
184621,15,907118,1,15,3,6,0,3,2,3,1,19,0.033333333,0,0,0,0,0,0,0,0,0,0,8,15,0
184629,322,907118,2,53,9,17,5,13,0,14,7,19,0.066666667,0,0,0,0,0,0,0,0,0,0,23,53,0
184631,418,155579,3,1,1,0,0,0,0,0,0,17,0.033333333,0,0,0,0,0,0,0,0,0,0,1,1,0
184636,685,907118,12,5,2,1,0,1,0,1,1,19,0.033333333,0,0,0,0,0,0,0,0,0,0,5,5,0
184638,3,907118,1,3,3,0,0,0,0,0,0,19,0.033333333,0,0,0,0,0,0,0,0,0,0,2,3,0
184641,14,907118,1,14,2,6,0,2,3,6,1,19,0.033333333,0,0,0,0,0,0,0,0,0,0,6,14,0
184645,409,907118,4,11,1,7,0,3,0,6,0,19,0.033333333,0,0,0,0,0,0,0,0,0,0,5,11,0
184653,7,907118,1,7,4,0,0,0,2,0,0,19,0.033333333,0,0,0,0,0,0,0,0,0,0,5,7,0
184673,1,89830,1,1,1,0,0,0,0,0,0,108,0.033333333,0,0,0,0,0,0,0,0,0,0,1,1,0
184675,4,907118,1,4,1,2,0,1,0,1,0,19,0.033333333,0,0,0,0,0,0,0,0,0,0,3,4,0
184678,218,907118,1,218,45,82,8,53,9,55,14,19,0.066666667,0,0,0,0,0,0,0,0,0,0,36,118,0
184696,234,155579,3,1,1,0,0,0,0,0,0,17,0.033333333,0,0,0,0,0,0,0,0,0,0,1,1,0
184697,234,91935,3,4,2,0,0,0,2,0,0,26,0.033333333,0,0,0,0,0,0,0,0,0,0,3,4,0
184700,1,89830,1,1,1,0,0,0,0,0,0,108,0.033333333,0,0,0,0,0,0,0,0,0,0,1,1,0
184709,90,907118,1,90,14,29,7,19,8,24,5,19,0.033333333,0,0,0,0,0,0,0,0,0,0,20,90,0
184713,34,907118,2,23,6,9,0,7,0,6,1,19,0.033333333,0,0,0,0,0,0,0,0,0,0,10,23,0
184717,4,907118,1,4,3,0,0,0,0,0,0,19,0.033333333,0,0,0,0,0,0,0,0,0,0,4,4,0
184718,31,907118,1,31,10,8,0,6,2,5,4,19,0.066666667,0,0,0,0,0,0,0,0,0,0,15,5,0
184735,8,907118,1,8,7,0,0,0,1,0,0,19,0.033333333,0,0,0,0,0,0,0,0,0,0,6,8,0
184737,125,907118,1,125,75,23,7,12,1,22,5,19,0.033333333,0,0,0,0,0,0,0,0,0,0,20,125,0
184746,13,907118,1,13,3,7,0,2,0,5,0,19,0.033333333,0,0,0,0,0,0,0,0,0,0,4,13,0
184748,15,907118,1,15,2,6,0,5,0,6,1,19,0.033333333,0,0,0,0,0,0,0,0,0,0,9,15,0
184749,33,907118,1,33,15,8,0,5,1,5,1,19,0.033333333,0,0,0,0,0,0,0,0,0,0,11,33,0
184750,12,907118,1,12,4,7,0,0,1,2,0,19,0.033333333,0,0,0,0,0,0,0,0,0,0,7,12,0
184755,4,907118,1,4,4,0,0,0,0,0,0,19,0.033333333,0,0,0,0,0,0,0,0,0,0,3,4,0
184757,48,907118,1,48,6,19,0,10,5,16,7,19,0.033333333,0,0,0,0,0,0,0,0,0,0,15,48,0
184760,18,155579,1,18,7,6,0,3,0,2,2,17,0.033333333,0,0,0,0,0,0,0,0,0,0,8,18,0
184770,24,907118,1,24,11,6,0,4,0,4,2,19,0.033333333,0,0,0,0,0,0,0,0,0,0,12,24,0
184780,11,907118,1,11,3,6,0,2,0,5,0,19,0.033333333,0,0,0,0,0,0,0,0,0,0,7,11,0
184781,11,89830,1,11,3,5,0,1,0,2,2,108,0.066666667,0,0,0,0,0,0,0,0,0,0,8,6,0
184823,39,907118,1,39,13,12,0,9,1,10,3,19,0.033333333,0,0,0,0,0,0,0,0,0,0,13,39,0
184834,86,907118,5,17,5,7,0,2,0,7,3,19,0.033333333,0,0,0,0,0,0,17,0,0,0,9,17,0
184840,13,907118,1,13,3,5,0,3,0,4,2,19,0.033333333,0,0,0,0,0,0,13,0,0,0,10,13,0
184846,18,208752,1,18,3,5,0,3,0,6,5,24,0.033333333,0,0,0,0,0,0,0,0,0,0,11,18,0
184854,11,195289,2,5,2,2,0,1,0,1,0,105,0.033333333,0,0,0,0,0,0,0,0,0,0,4,5,0
184871,113,907118,3,78,9,26,1,18,0,26,12,19,0.1,0,0,0,0,0,0,0,36,34,0,24,8,0
184877,234,907118,5,123,22,48,0,32,7,29,13,19,0.033333333,0,0,0,0,0,0,0,123,0,0,24,123,0
184884,30,38356,2,7,3,2,0,1,0,1,1,65,0.033333333,0,0,0,0,0,0,0,0,0,0,5,7,0
184888,125,907118,2,38,10,10,1,7,2,10,1,19,0.033333333,0,0,0,0,0,0,0,38,0,0,15,38,0
184914,12,156596,1,12,3,2,0,1,1,4,2,224,0.033333333,0,0,0,0,0,0,0,0,0,0,6,12,0
184916,3,907118,1,3,1,2,0,0,0,1,0,19,0.033333333,0,0,0,0,0,0,0,3,0,0,3,3,0
184931,2,907118,1,2,2,0,0,0,0,0,0,19,0.033333333,0,0,0,0,0,0,0,2,0,0,2,2,0
184933,149,195289,3,57,12,18,0,13,1,22,0,105,0.1,0,0,0,0,0,0,0,0,0,18,11,1,38
184940,3,195289,1,3,3,0,0,0,0,0,0,105,0.033333333,0,0,0,0,0,0,0,0,0,0,1,3,0
184961,38,156596,1,38,8,9,2,5,1,11,5,224,0.033333333,0,0,0,0,0,0,0,0,0,0,13,38,0
184966,41,907118,1,41,11,14,0,10,0,7,5,19,0.066666667,0,0,0,0,0,0,0,21,0,0,18,20,0
184973,17,38356,2,16,2,6,0,1,0,9,3,65,0.033333333,0,0,0,0,0,0,0,0,0,0,6,16,0
184977,19,156596,1,19,3,4,0,3,1,8,3,224,0.033333333,0,0,0,0,0,0,0,0,0,0,9,19,0
184990,9,156596,1,9,3,2,0,2,0,2,2,224,0.033333333,0,0,0,0,0,0,0,0,0,0,7,9,0
185010,33,156596,1,33,2,7,4,6,0,11,8,224,0.033333333,0,0,0,0,0,0,0,0,0,0,10,33,0
185015,51,907118,1,51,6,17,2,13,3,14,6,19,0.066666667,0,0,0,0,0,0,0,48,3,0,21,48,3
185024,34,907118,1,34,5,15,0,8,0,9,5,19,0.1,0,0,0,0,0,0,0,7,0,0,10,21,0
185028,27,156596,1,27,2,5,2,5,2,11,3,224,0.066666667,0,0,0,0,0,0,0,0,0,0,12,3,24
185044,52,208752,2,1,1,0,0,0,0,0,0,24,0.033333333,0,0,0,0,0,0,0,0,0,0,1,1,0
185056,2041,208752,7,1,1,0,0,0,0,0,0,24,0.033333333,0,0,0,0,0,0,0,0,0,0,1,1,0
185064,234,208752,5,1,1,0,0,0,0,0,0,24,0.033333333,0,0,0,0,0,0,0,0,0,0,1,1,0
185079,30,156596,3,28,2,4,2,3,0,12,8,224,0.033333333,0,0,0,0,0,0,0,0,0,0,10,28,0
185087,52,156596,3,11,4,2,0,1,0,2,2,224,0.033333333,0,0,0,0,0,0,0,0,0,0,7,11,0
185100,625,38356,3,1,1,0,0,0,0,0,0,65,0.033333333,0,0,0,0,0,0,0,0,0,0,1,1,0
185114,90,907118,1,90,11,25,8,22,10,22,7,19,0.066666667,0,0,0,0,0,0,0,15,0,0,25,75,0
185145,39,907118,2,32,6,10,1,8,1,7,5,19,0.033333333,0,0,0,0,0,0,0,32,0,0,14,32,0
185154,10,907118,1,10,2,8,0,0,0,5,0,19,0.066666667,0,0,0,0,0,0,0,5,5,0,5,5,5
185155,5,195289,1,5,3,2,0,0,0,1,0,105,0.033333333,0,0,0,0,0,0,0,0,0,0,4,5,0
185156,16,907118,1,16,7,5,0,2,0,4,1,19,0.066666667,0,0,0,0,0,0,0,7,9,0,8,7,9
185172,16,907118,1,16,4,7,0,4,0,2,1,19,0.033333333,0,0,0,0,0,0,0,16,0,0,7,16,0
185181,313,156596,2,1,1,0,0,0,0,0,0,224,0.033333333,0,0,0,0,0,0,0,0,0,0,1,1,0
185182,433,208752,4,11,2,5,0,0,0,6,2,24,0.033333333,0,0,0,0,0,0,0,0,0,0,6,11,0
185184,2,907118,1,2,2,0,0,0,0,0,0,19,0.033333333,0,0,0,0,0,0,0,2,0,0,1,2,0
185192,465,156596,3,1,1,0,0,0,0,0,0,224,0.033333333,0,0,0,0,0,0,0,0,0,0,1,1,0
185228,26,208752,2,1,1,0,0,0,0,0,0,24,0.033333333,0,0,0,0,0,0,0,0,0,0,1,1,0
185290,13,907118,1,13,3,4,0,3,0,3,2,19,0.033333333,0,0,0,0,0,0,0,0,13,0,8,13,0
185292,4,156596,1,4,2,1,0,1,0,1,0,224,0.033333333,0,0,0,0,0,0,0,0,0,0,4,4,0
185297,13,156596,1,13,1,5,0,4,0,4,3,224,0.033333333,0,0,0,0,0,0,0,0,0,0,7,13,0
185298,434,195289,2,1,1,0,0,0,0,0,0,105,0.033333333,0,0,0,0,0,0,0,0,0,0,1,1,0
185304,23,907118,1,23,7,9,0,5,0,7,1,19,0.033333333,0,0,0,0,0,0,0,0,23,0,9,23,0
185314,429,195289,5,1,1,0,0,0,0,0,0,105,0.033333333,0,0,0,0,0,0,0,0,0,0,1,1,0
185316,429,156596,5,1,1,0,0,0,0,0,0,224,0.033333333,0,0,0,0,0,0,0,0,0,0,1,1,0
185326,918,38356,11,51,3,16,4,10,0,19,10,65,0.033333333,0,0,0,0,0,0,0,0,0,0,19,51,0
185342,5,907118,1,5,2,2,0,1,0,1,0,19,0.033333333,0,0,0,0,0,0,0,0,5,0,4,5,0
185353,21,907118,3,6,2,3,0,1,0,2,0,19,0.033333333,0,0,0,0,0,0,0,0,6,0,5,6,0
185371,36,907118,1,36,1,15,0,10,0,19,5,19,0.033333333,0,0,0,0,0,0,0,0,36,0,13,36,0
185373,25,156596,1,25,8,4,2,3,2,4,3,224,0.033333333,0,0,0,0,0,0,0,0,0,0,11,25,0
185378,60,156596,1,60,10,6,12,4,9,10,6,224,0.033333333,0,0,0,0,0,0,0,0,0,0,18,60,0
185382,12,907118,2,6,2,2,0,1,0,2,0,19,0.033333333,0,0,0,0,0,0,0,0,6,0,4,6,0
185385,4,208752,3,1,1,0,0,0,0,0,0,24,0.033333333,0,0,0,0,0,0,0,0,0,0,1,1,0
185396,1,195289,1,1,1,0,0,0,0,0,0,105,0.033333333,0,0,0,0,0,0,0,0,0,0,1,1,0
185398,5,907118,1,5,2,3,0,0,0,2,0,19,0.033333333,0,0,0,0,0,0,0,0,5,0,5,5,0
185399,15,156596,1,15,1,8,0,2,0,11,0,224,0.033333333,0,0,0,0,0,0,0,0,0,0,4,15,0
185403,63,156596,3,31,5,10,2,7,0,6,5,224,0.033333333,0,0,0,0,0,0,0,0,0,0,12,31,0
185409,13,907118,1,13,2,6,0,4,0,5,1,19,0.033333333,0,0,0,0,0,0,0,0,13,0,7,13,0
185410,30,907118,1,30,1,12,0,10,0,11,7,19,0.033333333,0,0,0,0,0,0,0,0,30,0,15,30,0
185414,12,907118,1,12,3,5,0,3,0,2,1,19,0.033333333,0,0,0,0,0,0,0,0,12,0,7,12,0
185421,5,208752,1,5,2,1,0,1,0,1,1,24,0.033333333,0,0,0,0,0,0,0,0,0,0,5,5,0
185427,11,195289,1,11,2,3,0,2,3,2,1,105,0.033333333,0,0,0,0,0,0,0,0,0,0,6,11,0
185431,10,907118,1,10,4,3,0,1,0,2,1,19,0.033333333,0,0,0,0,0,0,0,0,10,0,7,10,0
185435,3,156596,2,1,1,0,0,0,0,0,0,224,0.033333333,0,0,0,0,0,0,0,0,0,0,1,1,0
185438,162,907118,2,1,1,0,0,0,0,0,0,19,0.033333333,0,0,0,0,0,0,0,0,1,0,1,1,0
185442,497,195289,3,1,1,0,0,0,0,0,0,105,0.033333333,0,0,0,0,0,0,0,0,0,0,1,1,0
185469,1254,195289,8,21,2,13,0,6,0,12,0,105,0.033333333,0,0,0,0,0,0,0,0,0,0,5,21,0
185475,8,38356,2,1,1,0,0,0,0,0,0,65,0.033333333,0,0,0,0,0,0,0,0,0,0,1,1,0
185494,38,195289,2,9,2,3,0,2,0,2,2,105,0.033333333,0,0,0,0,0,0,0,0,0,0,7,9,0
185500,3,208752,1,3,3,0,0,0,0,0,0,24,0.033333333,0,0,0,0,0,0,0,0,0,0,3,3,0
185542,77,38356,2,1,1,0,0,0,0,0,0,65,0.033333333,0,0,0,0,0,0,0,0,0,0,1,1,0
185557,20,38356,1,20,1,8,0,5,0,8,5,65,0.033333333,0,0,0,0,0,0,0,0,0,0,10,20,0
185565,46,208752,1,46,6,8,5,7,1,14,11,24,0.033333333,0,0,0,0,0,0,0,0,0,0,22,46,0
185569,97,907118,1,97,7,25,22,21,3,28,0,19,0.033333333,0,0,0,0,0,0,0,0,97,0,23,97,0
185571,1,907118,1,1,1,0,0,0,0,0,0,19,0.033333333,0,0,0,0,0,0,0,0,1,0,1,1,0
185577,12,195289,1,12,5,7,0,0,0,4,0,105,0.033333333,0,0,0,0,0,0,0,0,0,0,5,12,0
185583,1,907118,1,1,1,0,0,0,0,0,0,19,0.033333333,0,0,0,0,0,0,0,0,1,0,1,1,0
185584,13,156596,3,1,1,0,0,0,0,0,0,224,0.033333333,0,0,0,0,0,0,0,0,0,0,1,1,0
185585,25,907118,1,25,6,8,0,7,0,7,2,19,0.033333333,0,0,0,0,0,0,0,0,25,0,9,25,0
185590,11,156596,1,11,5,2,0,0,1,2,1,224,0.033333333,0,0,0,0,0,0,0,0,0,0,7,11,0
185595,2,907118,1,2,2,0,0,0,0,0,0,19,0.033333333,0,0,0,0,0,0,0,0,2,0,2,2,0
185597,2,907118,1,2,2,0,0,0,0,0,0,19,0.033333333,0,0,0,0,0,0,0,0,2,0,2,2,0
185601,26,156596,4,13,4,3,0,2,0,3,2,224,0.033333333,0,0,0,0,0,0,0,0,0,0,8,13,0
185604,64,195289,3,9,6,1,0,1,0,1,1,105,0.033333333,0,0,0,0,0,0,0,0,0,0,6,9,0
185609,18,907118,1,18,7,3,0,3,0,3,3,19,0.033333333,0,0,0,0,0,0,0,0,18,0,9,18,0
185617,1,195289,1,1,1,0,0,0,0,0,0,105,0.033333333,0,0,0,0,0,0,0,0,0,0,1,1,0
185635,99,907118,3,18,3,7,0,5,0,6,3,19,0.033333333,0,0,0,0,0,0,0,0,18,0,9,18,0
185646,1,156596,1,1,1,0,0,0,0,0,0,224,0.033333333,0,0,0,0,0,0,0,0,0,0,1,1,0
185652,17,156596,1,17,1,6,0,4,0,7,4,224,0.033333333,0,0,0,0,0,0,0,0,0,0,7,17,0
185654,12,195289,1,12,2,4,0,3,0,3,3,105,0.033333333,0,0,0,0,0,0,0,0,0,0,9,12,0
185657,18,907118,1,18,5,5,0,5,0,6,2,19,0.033333333,0,0,0,0,0,0,0,0,18,0,11,18,0
185661,11,907118,1,11,2,4,0,3,0,3,2,19,0.033333333,0,0,0,0,0,0,0,0,11,0,6,11,0
185669,82,907118,3,75,14,23,0,19,4,23,6,19,0.033333333,0,0,0,0,0,0,0,0,75,0,22,75,0
185675,7,195289,1,7,2,2,0,1,0,1,1,105,0.033333333,0,0,0,0,0,0,0,0,0,0,5,7,0
185683,35,208752,2,1,1,0,0,0,0,0,0,24,0.033333333,0,0,0,0,0,0,0,0,0,0,1,1,0
185684,569,907118,5,11,6,2,0,1,1,1,0,19,0.033333333,0,0,0,0,0,0,0,0,11,0,6,11,0
185700,33,260769,5,4,2,2,0,0,0,1,0,0,0.033333333,0,0,0,0,0,0,0,0,0,0,4,4,0
185712,47,127749,2,24,4,10,9,0,0,9,0,102,0.033333333,0,0,0,0,0,0,0,0,0,0,12,24,0
185718,17,110497,4,3,3,0,0,0,0,0,0,24,0.033333333,0,0,0,0,0,0,0,0,0,0,3,3,0
185720,17,85576,4,1,1,0,0,0,0,0,0,54,0.033333333,0,0,0,0,0,0,0,0,0,0,1,1,0
185721,152,346877,4,61,6,16,18,8,0,17,5,9,0.133333333,0,0,0,0,0,0,0,0,0,0,13,58,1
185723,2,261579,1,2,2,0,0,0,0,0,0,5,0.033333333,2,0,0,0,0,0,0,0,0,0,2,2,0
185724,10,399092,1,10,2,4,0,3,0,3,1,101,0.033333333,0,0,0,0,0,0,0,0,0,0,6,10,0
185768,8,457932,1,8,7,0,0,0,0,0,0,21,0.033333333,0,0,0,0,0,0,0,0,0,0,7,8,0
185776,32,502584,6,2,2,0,0,0,0,0,0,143,0.033333333,0,0,0,0,0,0,0,0,0,0,2,2,0
185778,583,127749,4,109,10,24,50,13,0,25,11,102,0.033333333,0,0,0,0,0,0,0,0,0,0,40,109,0
185780,10,457932,3,5,5,0,0,0,0,0,0,21,0.033333333,0,0,0,0,0,0,0,0,0,0,2,5,0
185792,66,457932,1,66,9,13,16,12,0,12,10,21,0.033333333,0,0,0,0,0,0,0,0,0,0,30,66,0
185800,14,85168,1,14,4,5,0,2,0,2,2,139,0.033333333,0,0,0,0,0,0,0,0,0,0,9,14,0
185801,20,250865,2,16,7,4,0,3,0,4,2,34,0.033333333,0,0,0,0,0,0,0,0,0,0,9,16,0
185808,17,86829,10,1,1,0,0,0,0,0,0,63,0.033333333,0,0,0,0,0,0,0,0,0,0,1,1,0
185816,13,346877,1,13,4,5,0,2,0,2,2,9,0.033333333,0,0,0,0,0,0,0,0,0,0,8,13,0
185822,81,127749,2,31,8,19,2,1,0,14,1,102,0.1,0,0,0,0,0,0,0,0,0,0,17,26,0
185827,20,346877,2,4,2,2,0,0,0,1,0,9,0.033333333,0,0,0,0,0,0,0,0,0,0,4,4,0
185834,19,42723,1,19,4,13,0,1,0,13,0,6,0.033333333,0,0,0,0,0,0,0,0,0,0,10,19,0
185846,22,250865,3,7,1,2,0,1,0,2,1,34,0.033333333,0,0,0,0,0,0,0,0,0,0,4,7,0
185857,797,250865,7,1,1,0,0,0,0,0,0,34,0.033333333,0,0,0,0,0,0,0,0,0,0,1,1,0
185858,25,502584,2,21,8,5,0,3,2,2,1,143,0.033333333,0,0,0,0,0,0,0,0,0,0,9,21,0
185860,92,502584,7,1,1,0,0,0,0,0,0,143,0.033333333,0,0,0,0,0,0,0,0,0,0,1,1,0
185866,178,188602,4,11,3,5,0,1,1,4,0,96,0.033333333,0,0,0,0,0,0,0,0,0,0,4,11,0
185887,6,110497,1,6,2,2,0,1,0,1,1,24,0.033333333,0,0,0,0,0,0,0,0,0,0,5,6,0
185893,40,457932,1,40,2,13,5,11,0,10,8,21,0.033333333,0,0,0,0,0,0,0,0,0,0,23,40,0
185903,655,46603,12,6,1,3,0,1,0,2,1,5,0.033333333,0,0,0,0,0,0,0,0,0,0,4,6,0
185908,23,110497,1,23,4,11,0,4,0,12,2,24,0.033333333,0,0,0,0,0,0,0,0,0,0,10,23,0
185914,8,188602,1,8,3,3,0,1,0,2,1,96,0.033333333,0,0,0,0,0,0,0,0,0,0,6,8,0
185927,6,250865,1,6,2,2,0,1,0,1,1,34,0.033333333,0,0,0,0,0,0,0,0,0,0,5,6,0
185928,17,457932,4,1,1,0,0,0,0,0,0,21,0.033333333,0,0,0,0,0,0,0,0,0,0,1,1,0
185933,87,261579,3,1,1,0,0,0,0,0,0,5,0.033333333,0,1,0,0,0,0,0,0,0,0,1,1,0
185938,35,110497,2,1,1,0,0,0,0,0,0,24,0.033333333,0,0,0,0,0,0,0,0,0,0,1,1,0
185945,9,250865,1,9,2,3,0,2,0,2,2,34,0.033333333,0,0,0,0,0,0,0,0,0,0,7,9,0
185946,587,260769,6,49,2,25,0,11,0,24,11,0,0.033333333,0,0,0,0,0,0,0,0,0,0,26,49,0
185948,41,250865,1,41,2,15,3,12,0,18,5,34,0.033333333,0,0,0,0,0,0,0,0,0,0,8,41,0
185949,211,250865,6,3,3,0,0,0,0,0,0,34,0.033333333,0,0,0,0,0,0,0,0,0,0,1,3,0
185960,828,46603,8,10,3,4,0,2,0,1,1,5,0.033333333,0,0,0,0,0,0,0,0,0,0,5,10,0
185961,35,457932,2,2,2,0,0,0,0,0,0,21,0.033333333,0,0,0,0,0,0,0,0,0,0,1,2,0
185967,4,127749,1,4,2,2,0,0,0,1,0,102,0.033333333,0,0,0,0,0,0,0,0,0,0,4,4,0
185970,110,399092,2,36,9,13,0,6,0,17,2,101,0.033333333,0,0,0,0,0,0,0,0,0,0,8,36,0
185971,38,110497,2,37,3,12,3,9,0,14,3,24,0.033333333,0,0,0,0,0,0,0,0,0,0,14,37,0
185972,409,457932,3,22,3,11,3,3,0,7,1,21,0.066666667,0,0,0,0,0,0,0,0,0,0,9,13,0
185976,75,247683,3,4,4,0,0,0,0,0,0,23,0.033333333,0,0,0,0,0,0,0,0,0,0,2,4,0
185980,47,457932,3,45,6,14,11,1,4,14,1,21,0.066666667,0,0,0,0,0,0,0,0,0,0,17,25,0
185985,54,457932,1,54,5,14,11,10,0,11,9,21,0.033333333,0,0,0,0,0,0,0,0,0,0,23,54,0
185989,18,85576,2,5,1,2,0,1,0,1,1,54,0.033333333,0,0,0,0,0,0,0,0,0,0,4,5,0
185991,10,457932,5,1,1,0,0,0,0,0,0,21,0.033333333,0,0,0,0,0,0,0,0,0,0,1,1,0
186004,173,457932,15,54,5,12,5,11,10,12,9,21,0.033333333,0,0,0,0,0,0,0,0,0,0,21,54,0
186006,41,457932,3,13,1,4,4,0,0,5,1,21,0.033333333,0,0,0,0,0,0,0,0,0,0,7,13,0
186009,58,140022,1,58,2,4,26,3,0,13,3,232,0.033333333,0,0,0,0,0,0,0,0,0,0,17,58,0
186023,53,457932,3,17,2,5,5,3,0,2,1,21,0.033333333,0,0,0,0,0,0,0,0,0,0,8,17,0
186024,82,85576,2,14,5,6,0,2,0,1,1,54,0.033333333,0,0,0,0,0,0,0,0,0,0,7,14,0
186039,173,110497,15,1,1,0,0,0,0,0,0,24,0.033333333,0,0,0,0,0,0,0,0,0,0,1,1,0
186044,173,247683,15,1,1,0,0,0,0,0,0,23,0.033333333,0,0,0,0,0,0,0,0,0,0,1,1,0
186060,19,457932,2,18,5,4,5,2,0,3,1,21,0.033333333,0,0,0,0,0,0,0,0,0,0,7,18,0
186064,4,250865,1,4,2,2,0,0,0,1,0,34,0.033333333,0,0,0,0,0,0,0,0,0,0,3,4,0
186066,1,27035,1,1,1,0,0,0,0,0,0,60,0.033333333,0,0,0,0,0,0,0,0,0,0,1,1,0
186070,47,346877,3,23,3,11,0,5,0,8,4,9,0.033333333,0,0,0,0,0,0,0,0,0,0,11,23,0
186073,1,457932,1,1,1,0,0,0,0,0,0,21,0.033333333,0,0,0,0,0,0,0,0,0,0,1,1,0
186084,6,247683,1,6,4,2,0,0,0,1,0,23,0.033333333,0,0,0,0,0,0,0,0,0,0,4,6,0
186087,29,457932,4,13,1,5,0,4,0,4,3,21,0.033333333,0,0,0,0,0,0,0,0,0,0,9,13,0
186090,141,346877,6,30,2,6,0,4,1,19,0,9,0.033333333,0,0,0,0,0,0,0,0,0,0,7,30,0
186096,1,457932,1,1,1,0,0,0,0,0,0,21,0.033333333,0,0,0,0,0,0,0,0,0,0,1,1,0
186104,31,457932,2,19,4,6,3,0,0,11,0,21,0.033333333,0,0,0,0,0,0,0,0,0,0,8,19,0
186117,44,46603,3,34,11,11,0,7,0,6,5,5,0.033333333,0,0,0,0,0,0,0,0,0,0,14,34,0
186120,13,261579,2,12,6,5,0,1,0,2,0,5,0.033333333,0,12,0,0,0,0,0,0,0,0,7,12,0
186123,50,247683,3,34,2,9,3,7,0,18,1,23,0.033333333,0,0,0,0,0,0,0,0,0,0,11,34,0
186124,2,502584,1,2,2,0,0,0,0,0,0,143,0.033333333,0,0,0,0,0,0,0,0,0,0,1,2,0
186134,26,457932,1,26,4,3,0,2,15,3,2,21,0.033333333,0,0,0,0,0,0,0,0,0,0,9,26,0
186136,49,260769,2,4,1,2,0,1,0,1,0,0,0.033333333,0,0,0,0,0,0,0,0,0,0,3,4,0
186145,4,188602,2,3,3,0,0,0,0,0,0,96,0.066666667,0,0,0,0,0,0,0,0,0,0,2,2,0
186146,41,261579,4,5,1,2,0,1,0,1,1,5,0.033333333,0,5,0,0,0,0,0,0,0,0,4,5,0
186181,8,46603,1,8,2,4,0,1,0,3,1,5,0.033333333,0,0,0,0,0,0,0,0,0,0,6,8,0
186205,1,457932,1,1,1,0,0,0,0,0,0,21,0.033333333,0,0,0,0,0,0,0,0,0,0,1,1,0
186218,17,261579,2,1,1,0,0,0,0,0,0,5,0.033333333,0,1,0,0,0,0,0,0,0,0,1,1,0
186219,96,85576,5,7,1,3,0,2,0,2,1,54,0.033333333,0,0,0,0,0,0,0,0,0,0,5,7,0
186231,5,188602,2,2,2,0,0,0,0,0,0,96,0.033333333,0,0,0,0,0,0,0,0,0,0,1,2,0
186243,6,250865,1,6,2,2,0,0,0,2,0,34,0.033333333,0,0,0,0,0,0,0,0,0,0,4,6,0
186251,856,27035,11,13,2,6,0,3,0,5,2,60,0.1,0,0,0,0,0,0,0,0,0,0,7,5,2
186258,45,399092,2,11,4,5,0,1,0,2,1,101,0.033333333,0,0,0,0,0,0,0,0,0,0,7,11,0
186265,15,85576,1,15,1,4,0,3,0,6,3,54,0.033333333,0,0,0,0,0,0,0,0,0,0,8,15,0
186273,1,502584,1,1,1,0,0,0,0,0,0,143,0.033333333,0,0,0,0,0,0,0,0,0,0,1,1,0
186274,1,86829,1,1,1,0,0,0,0,0,0,63,0.033333333,0,0,0,0,0,0,0,0,0,0,1,1,0
186285,206,399092,3,1,1,0,0,0,0,0,0,101,0.033333333,0,0,0,0,0,0,0,0,0,0,1,1,0
186305,85,399092,3,26,6,8,0,7,0,11,0,101,0.033333333,0,0,0,0,0,0,0,0,0,0,11,26,0
186313,27,457932,1,27,4,9,4,5,3,4,1,21,0.066666667,0,0,0,0,0,0,0,0,0,0,11,18,9
186320,19,110497,1,19,4,5,0,3,0,7,2,24,0.033333333,0,0,0,0,0,0,0,0,0,0,10,19,0
186328,856,457932,9,17,2,7,2,4,0,6,2,21,0.033333333,0,0,0,0,0,0,0,0,0,0,9,17,0
186335,856,261579,9,8,3,3,0,1,0,2,1,5,0.033333333,0,8,0,0,0,0,0,0,0,0,6,8,0
186337,424,260769,6,1,1,0,0,0,0,0,0,0,0.033333333,0,0,0,0,0,0,0,0,0,0,1,1,0
186345,1,457932,1,1,1,0,0,0,0,0,0,21,0.033333333,0,0,0,0,0,0,0,0,0,0,1,1,0
186352,140,261579,3,9,1,2,0,1,0,6,0,5,0.033333333,0,9,0,0,0,0,0,0,0,0,3,9,0
186355,302,110497,5,1,1,0,0,0,0,0,0,24,0.033333333,0,0,0,0,0,0,0,0,0,0,1,1,0
186368,4,127749,1,4,4,0,0,0,0,0,0,102,0.033333333,0,0,0,0,0,0,0,0,0,0,2,4,0
186369,21,86829,3,9,2,3,0,2,0,2,2,63,0.033333333,0,0,0,0,0,0,0,0,0,0,7,9,0
186370,588,110497,8,1,1,0,0,0,0,0,0,24,0.033333333,0,0,0,0,0,0,0,0,0,0,1,1,0
186381,16,457932,1,16,2,4,4,3,0,3,2,21,0.033333333,0,0,0,0,0,0,0,0,0,0,9,16,0
186383,21,42723,3,6,2,2,0,1,0,1,1,6,0.033333333,0,0,0,0,0,0,0,0,0,0,5,6,0
186386,87,457932,1,87,6,17,25,15,8,15,11,21,0.033333333,0,0,0,0,0,0,0,0,0,0,31,87,0
186390,854,85168,12,107,3,12,48,6,0,25,4,139,0.033333333,0,0,0,0,0,0,0,0,0,0,26,107,0
186410,973,247683,4,10,1,5,0,2,0,4,2,23,0.033333333,0,0,0,0,0,0,0,0,0,0,5,10,0
186424,136,457932,4,63,5,15,16,13,0,14,11,21,0.033333333,0,0,0,0,0,0,0,0,0,0,29,63,0
186440,97,110497,5,2,2,0,0,0,0,0,0,24,0.033333333,0,0,0,0,0,0,0,0,0,0,1,2,0
186441,236,457932,2,1,1,0,0,0,0,0,0,21,0.033333333,0,0,0,0,0,0,0,0,0,0,1,1,0
186447,2075,110497,5,1,1,0,0,0,0,0,0,24,0.033333333,0,0,0,0,0,0,0,0,0,0,1,1,0
186451,829,457932,7,19,1,5,7,4,0,4,1,21,0.033333333,0,0,0,0,0,0,0,0,0,0,8,19,0
186481,39,457932,2,37,5,12,5,8,0,7,5,21,0.033333333,0,0,0,0,0,0,0,0,0,0,15,37,0
186482,10,85576,2,1,1,0,0,0,0,0,0,54,0.033333333,0,0,0,0,0,0,0,0,0,0,1,1,0
186494,1423,457932,10,18,1,8,1,6,0,7,2,21,0.033333333,0,0,0,0,0,0,0,0,0,0,10,18,0
186501,14,457932,1,14,3,9,2,0,0,8,0,21,0.033333333,0,0,0,0,0,0,0,0,0,0,9,14,0
186520,269,261579,4,3,3,0,0,0,0,0,0,5,0.033333333,0,3,0,0,0,0,0,0,0,0,1,3,0
186531,3,110497,1,3,3,0,0,0,0,0,0,24,0.066666667,0,0,0,0,0,0,0,0,0,0,2,2,0
186536,31,457932,1,31,7,14,3,0,6,9,0,21,0.033333333,0,0,0,0,0,0,0,0,0,0,10,31,0
186552,9,346877,1,9,3,2,0,2,0,2,2,9,0.033333333,0,0,0,0,0,0,0,0,0,0,8,9,0
186558,1,250865,1,1,1,0,0,0,0,0,0,34,0.033333333,0,0,0,0,0,0,0,0,0,0,1,1,0
186561,32,260769,3,1,1,0,0,0,0,0,0,0,0.033333333,0,0,0,0,0,0,0,0,0,0,1,1,0
186574,177,346877,3,8,2,3,0,2,0,2,1,9,0.066666667,0,0,0,0,0,0,0,0,0,0,5,1,7
186587,28,346877,1,28,3,9,10,0,0,12,1,9,0.033333333,0,0,0,0,0,0,0,0,0,0,12,28,0
186601,44,260769,3,18,4,6,0,4,1,2,2,0,0.066666667,0,0,0,0,0,0,0,0,0,0,7,17,0
186612,38,42723,1,38,5,12,8,8,0,5,2,6,0.033333333,0,0,0,0,0,0,0,0,0,0,12,38,0
186631,18,188602,1,18,6,9,0,3,0,6,0,96,0.033333333,0,0,0,0,0,0,0,0,0,0,7,18,0
186637,44,250865,3,9,1,5,0,2,0,2,1,34,0.033333333,0,0,0,0,0,0,0,0,0,0,5,9,0
186642,11,457932,1,11,1,7,2,0,1,6,0,21,0.033333333,0,0,0,0,0,0,0,0,0,0,6,11,0
186643,106,85576,5,1,1,0,0,0,0,0,0,54,0.033333333,0,0,0,0,0,0,0,0,0,0,1,1,0
186649,122,457932,3,33,2,9,9,8,0,8,5,21,0.033333333,0,0,0,0,0,0,0,0,0,0,19,33,0
186666,35,260769,1,35,8,8,1,6,3,9,2,0,0.066666667,0,0,0,0,0,0,0,0,0,0,11,13,0
186668,25,85576,3,6,2,2,0,1,0,1,1,54,0.033333333,0,0,0,0,0,0,0,0,0,0,5,6,0
186677,324,42723,8,1,1,0,0,0,0,0,0,6,0.033333333,0,0,0,0,0,0,0,0,0,0,1,1,0
186686,2,399092,1,2,2,0,0,0,0,0,0,101,0.033333333,0,0,0,0,0,0,0,0,0,0,2,2,0
186690,70,346877,2,64,13,16,9,10,0,18,4,9,0.066666667,0,0,0,0,0,0,0,0,0,0,18,6,58
186696,6,127749,1,6,4,0,0,0,1,0,0,102,0.033333333,0,0,0,0,0,0,0,0,0,0,5,6,0
186701,22,260769,2,9,4,2,0,0,0,2,1,0,0.033333333,0,0,0,0,0,0,0,0,0,0,5,9,0
186704,19,250865,1,19,5,5,0,2,1,7,1,34,0.033333333,0,0,0,0,0,0,0,0,0,0,8,19,0
186711,8,346877,2,7,3,2,0,1,0,1,1,9,0.033333333,0,0,0,0,0,0,0,0,0,0,5,7,0
186729,3,260769,1,3,3,0,0,0,0,0,0,0,0.033333333,0,0,0,0,0,0,0,0,0,0,2,3,0
186734,4,399092,1,4,4,0,0,0,0,0,0,101,0.033333333,0,0,0,0,0,0,0,0,0,0,1,4,0
186736,38,457932,1,38,1,14,5,7,3,11,7,21,0.033333333,0,0,0,0,0,0,0,0,0,0,16,38,0
186741,31,250865,3,12,2,4,0,1,1,7,0,34,0.033333333,0,0,0,0,0,0,0,0,0,0,5,12,0
186745,8,502584,1,8,3,2,0,1,0,2,1,143,0.033333333,0,0,0,0,0,0,0,0,0,0,5,8,0
186749,569,127749,2,10,2,5,0,1,0,4,1,102,0.033333333,0,0,0,0,0,0,0,0,0,0,7,10,0
186751,56,140022,2,11,2,3,0,3,0,3,3,232,0.033333333,0,0,0,0,0,0,0,0,0,0,9,11,0
186766,336,46603,2,1,1,0,0,0,0,0,0,5,0.033333333,0,0,0,0,0,0,0,0,0,0,1,1,0
186767,1817,457932,8,1,1,0,0,0,0,0,0,21,0.033333333,0,0,0,0,0,0,0,0,0,0,1,1,0
186771,107,346877,5,97,7,35,6,30,2,33,8,9,0.066666667,0,0,0,78,0,0,0,0,0,0,16,19,0
186772,103,346877,4,58,7,6,16,6,1,21,3,9,0.033333333,0,0,0,0,0,0,0,0,0,0,16,58,0
186778,245,127749,2,49,7,15,0,13,2,15,10,102,0.033333333,0,0,0,0,0,0,0,0,0,0,26,49,0
186799,26,457932,3,24,2,9,3,5,0,8,4,21,0.033333333,0,0,0,0,0,0,0,0,0,0,13,24,0
186801,826,24979,8,1,1,0,0,0,0,0,0,25,0.033333333,0,0,0,0,0,0,0,0,0,0,1,1,0
186804,13,140022,2,12,3,8,0,1,0,5,0,232,0.033333333,0,0,0,0,0,0,0,0,0,0,7,12,0
186805,103,42723,4,5,3,1,0,1,0,1,0,6,0.033333333,0,0,0,0,0,0,0,0,0,0,5,5,0
186811,3,188602,3,1,1,0,0,0,0,0,0,96,0.033333333,0,0,0,0,0,0,0,0,0,0,1,1,0
186812,26,250865,3,1,1,0,0,0,0,0,0,34,0.033333333,0,0,0,0,0,0,0,0,0,0,1,1,0
186813,3,85168,3,1,1,0,0,0,0,0,0,139,0.033333333,0,0,0,0,0,0,0,0,0,0,1,1,0
186814,26,346877,3,1,1,0,0,0,0,0,0,9,0.033333333,0,0,0,0,0,0,0,0,0,0,1,1,0
186822,85,110497,4,1,1,0,0,0,0,0,0,24,0.033333333,0,0,0,0,0,0,0,0,0,0,1,1,0
186826,760,260769,5,17,3,6,0,4,0,4,2,0,0.066666667,0,0,0,0,0,0,0,0,0,0,8,5,12
186827,823,250865,3,89,6,20,18,15,3,25,7,34,0.033333333,0,0,0,0,0,0,0,0,0,0,17,89,0
186829,25,247683,3,1,1,0,0,0,0,0,0,23,0.033333333,0,0,0,0,0,0,0,0,0,0,1,1,0
186831,25,140022,3,12,8,2,0,0,2,1,0,232,0.033333333,0,0,0,0,0,0,0,0,0,0,7,12,0
186850,25,346877,1,25,5,10,0,6,0,4,4,9,0.066666667,0,0,0,0,0,0,0,0,0,0,8,17,8
186857,3,502584,1,3,1,2,0,0,0,1,0,143,0.033333333,0,0,0,0,0,0,0,0,0,0,3,3,0
186858,29,457932,1,29,4,7,7,5,0,8,2,21,0.033333333,0,0,0,0,0,0,0,0,0,0,12,29,0
186888,314,260769,5,1,1,0,0,0,0,0,0,0,0.033333333,0,0,0,0,0,0,0,0,0,0,1,1,0
186890,229,127749,3,88,2,12,45,11,6,12,10,102,0.066666667,0,0,0,0,0,0,0,0,0,0,39,87,0
186896,6,21216,1,6,2,2,0,1,0,1,1,19,0.033333333,0,0,0,0,0,6,0,0,0,0,5,6,0
186897,395,21216,3,1,1,0,0,0,0,0,0,19,0.033333333,0,0,0,0,0,1,0,0,0,0,1,1,0
186898,12,21216,2,5,5,0,0,0,0,0,0,19,0.033333333,0,0,0,0,0,5,0,0,0,0,1,5,0
186901,1,21216,1,1,1,0,0,0,0,0,0,19,0.033333333,0,0,0,0,0,1,0,0,0,0,1,1,0
186906,17,21216,2,1,1,0,0,0,0,0,0,19,0.033333333,0,0,0,0,0,1,0,0,0,0,1,1,0
186907,61,21216,2,1,1,0,0,0,0,0,0,19,0.033333333,0,0,0,0,0,1,0,0,0,0,1,1,0
186920,977,91935,6,1,1,0,0,0,0,0,0,26,0.033333333,0,0,0,0,0,0,0,0,0,0,1,1,0
186944,1,155579,1,1,1,0,0,0,0,0,0,17,0.033333333,0,0,0,0,0,0,0,0,0,0,1,1,0
186969,21,907118,1,21,2,9,0,6,0,8,4,19,0.033333333,0,0,0,0,0,0,0,0,0,0,13,21,0
186975,14,155579,1,14,7,2,0,1,1,1,1,17,0.033333333,0,0,0,0,0,0,0,0,0,0,8,14,0
186980,8,907118,1,8,1,4,0,2,0,3,1,19,0.033333333,0,0,0,0,0,0,0,0,0,0,6,8,0
186982,49,907118,4,1,1,0,0,0,0,0,0,19,0.033333333,0,0,0,0,0,0,0,0,0,0,1,1,0
186988,19,907118,2,1,1,0,0,0,0,0,0,19,0.033333333,0,0,0,0,0,0,0,0,0,0,1,1,0
186995,5,91935,1,5,2,2,0,1,0,1,0,26,0.033333333,0,0,0,0,0,0,0,0,0,0,4,5,0
187000,11,907118,1,11,2,4,0,3,0,3,2,19,0.033333333,0,0,0,0,0,0,0,0,0,0,8,11,0
187003,48,907118,1,48,7,20,0,11,0,13,4,19,0.1,0,0,0,0,0,0,0,0,0,0,10,20,0
187004,48,91935,2,1,1,0,0,0,0,0,0,26,0.033333333,0,0,0,0,0,0,0,0,0,0,1,1,0
187008,10,907118,1,10,9,0,0,0,0,0,0,19,0.033333333,0,0,0,0,0,0,0,0,0,0,7,10,0
187009,52,907118,1,52,9,29,0,8,1,22,4,19,0.066666667,0,0,0,0,0,0,0,0,0,0,14,31,0
187022,1,907118,1,1,1,0,0,0,0,0,0,19,0.033333333,0,0,0,0,0,0,0,0,0,0,1,1,0
187026,23,907118,1,23,3,11,0,7,0,8,2,19,0.033333333,0,0,0,0,0,0,0,0,0,0,10,23,0
187043,30,907118,1,30,19,8,0,2,0,1,0,19,0.033333333,0,0,0,0,0,0,0,0,0,0,9,30,0
187045,9,155579,1,9,5,2,0,0,0,2,1,17,0.066666667,0,0,0,0,0,0,0,0,0,0,4,6,0
187046,44,907118,1,44,22,8,0,4,5,3,1,19,0.033333333,0,0,0,0,0,0,0,0,0,0,11,44,0
187052,2,89830,1,2,2,0,0,0,0,0,0,108,0.033333333,0,2,0,0,0,0,0,0,0,0,2,2,0
187065,38,907118,1,38,1,19,0,10,0,18,6,19,0.033333333,0,0,0,0,0,0,0,0,0,0,12,38,0
187077,31,907118,1,31,11,19,0,1,0,18,0,19,0.033333333,0,0,0,0,0,0,0,0,0,0,11,31,0
187081,6,907118,1,6,2,3,0,1,0,2,0,19,0.033333333,0,0,0,0,0,0,0,0,0,0,5,6,0
187095,152,74042,7,8,2,3,0,2,0,2,1,27,0.033333333,0,0,0,0,0,0,0,0,8,0,6,8,0
187119,92,261579,4,55,1,30,0,13,0,30,10,5,0.066666667,0,0,0,0,0,0,0,0,0,0,21,17,38
187121,16,261579,1,16,6,6,0,2,0,6,1,5,0.066666667,0,0,0,0,0,0,0,0,0,0,7,8,8
187127,14,261579,1,14,1,6,0,4,0,5,3,5,0.033333333,0,0,0,0,0,0,0,0,0,0,6,14,0
187129,1,261579,1,1,1,0,0,0,0,0,0,5,0.033333333,0,0,0,0,0,0,0,0,0,0,1,1,0
187143,12,261579,1,12,5,4,0,2,0,1,1,5,0.1,0,0,0,0,0,0,0,0,0,0,6,6,0
187146,13,261579,1,13,6,2,0,1,3,1,1,5,0.033333333,0,0,0,0,0,0,0,0,0,0,8,13,0
187175,303,261579,8,10,2,4,0,1,0,4,1,5,0.033333333,0,0,0,0,0,0,0,0,0,0,5,10,0
187192,12,261579,1,12,4,2,0,1,0,5,0,5,0.033333333,0,0,0,0,0,0,0,0,0,0,4,12,0
187231,259,148039,5,26,1,15,0,5,0,14,5,18,0.033333333,0,0,0,0,0,0,0,0,0,0,6,26,0
187234,1,652701,1,1,1,0,0,0,0,0,0,3,0.033333333,0,0,0,0,0,0,0,0,0,0,1,1,0
187244,38,652701,1,38,8,7,7,4,2,0,0,3,0.033333333,0,0,0,0,0,0,0,0,0,0,10,38,0
187247,929,156596,5,85,3,13,39,6,0,23,4,224,0.033333333,0,0,0,0,0,0,0,0,0,0,29,85,0
187254,22,652701,1,22,5,9,0,5,0,0,0,3,0.033333333,0,0,0,0,0,0,0,0,0,0,8,22,0
187266,25,652701,1,25,2,6,6,2,0,0,0,3,0.033333333,0,0,0,0,0,0,0,0,0,0,5,25,0
187273,3,652701,1,3,3,0,0,0,0,0,0,3,0.033333333,0,0,0,0,0,0,0,0,0,0,2,3,0
187280,13,652701,1,13,4,4,0,2,1,0,0,3,0.033333333,0,0,0,0,0,0,0,0,0,0,7,13,0
187302,1,652701,1,1,1,0,0,0,0,0,0,3,0.033333333,0,0,0,0,0,0,0,0,0,0,1,1,0
187303,1,195289,1,1,1,0,0,0,0,0,0,105,0.033333333,0,0,0,0,0,0,0,0,0,0,1,1,0
187307,7,652701,1,7,2,5,0,0,0,0,0,3,0.033333333,0,0,0,0,0,0,0,0,0,0,5,7,0
187311,15,652701,1,15,5,4,0,2,0,0,0,3,0.033333333,0,0,0,0,0,0,0,0,0,0,6,15,0
187322,26,208752,2,10,5,5,0,0,0,2,0,24,0.033333333,0,0,0,0,0,0,0,0,0,0,5,10,0
187323,5,652701,1,5,1,2,0,1,0,0,0,3,0.033333333,0,0,0,0,0,0,0,0,0,0,4,5,0
187326,9,652701,1,9,4,4,0,0,1,0,0,3,0.033333333,0,0,0,0,0,0,0,0,0,0,6,9,0
187331,38,195289,1,38,6,18,0,1,0,17,7,105,0.033333333,0,0,0,0,0,0,0,0,0,0,12,38,0
187332,23,652701,1,23,4,5,8,3,0,0,0,3,0.033333333,0,0,0,0,0,0,0,0,0,0,8,23,0
187334,4,652701,1,4,4,0,0,0,0,0,0,3,0.066666667,0,0,0,0,0,0,0,0,0,0,3,2,0
187339,475,652701,4,10,3,4,0,2,0,0,0,3,0.033333333,0,0,0,0,0,0,0,0,0,0,5,10,0
187357,9,652701,1,9,3,2,0,1,2,0,0,3,0.033333333,0,0,0,0,0,0,0,0,0,0,5,9,0
187372,1,652701,1,1,1,0,0,0,0,0,0,3,0.033333333,0,0,0,0,0,0,0,0,0,0,1,1,0
187378,45,652701,1,45,14,7,0,4,17,0,0,3,0.033333333,0,0,0,0,0,0,0,0,0,0,7,45,0
187390,139,148039,4,12,2,5,0,3,0,4,2,18,0.033333333,0,0,0,0,0,0,0,0,0,0,8,12,0
187403,262,652701,2,16,2,8,0,3,0,0,0,3,0.033333333,0,0,0,0,0,0,0,0,0,0,6,16,0
187407,10,652701,1,10,4,2,0,1,3,0,0,3,0.033333333,0,0,0,0,0,0,0,0,0,0,5,10,0
187414,6,652701,1,6,2,2,0,1,0,0,0,3,0.033333333,0,0,0,0,0,0,0,0,0,0,4,6,0
187418,4,652701,1,4,2,2,0,0,0,0,0,3,0.033333333,0,0,0,0,0,0,0,0,0,0,4,4,0
187421,5,148039,1,5,2,2,0,1,0,1,0,18,0.033333333,0,0,0,0,0,0,0,0,0,0,4,5,0
187435,222,652701,3,16,5,3,0,2,0,0,0,3,0.033333333,0,0,0,0,0,0,0,0,0,0,6,16,0
187439,78,652701,1,78,3,8,51,2,5,0,0,3,0.033333333,0,0,0,0,0,0,0,0,0,0,6,78,0
187457,17,652701,1,17,6,5,0,3,0,0,0,3,0.033333333,0,0,0,0,0,0,0,0,0,0,9,17,0
187468,2,221833,2,1,1,0,0,0,0,0,0,58,0.033333333,0,0,0,0,0,0,0,0,0,0,1,1,0
187474,11,652701,1,11,7,2,0,1,0,0,0,3,0.066666667,0,0,0,0,0,0,0,0,0,0,6,3,0
187480,11,652701,1,11,3,2,0,0,1,0,0,3,0.033333333,0,0,0,0,0,0,0,0,0,0,6,11,0
187487,5,652701,1,5,1,3,0,1,0,0,0,3,0.033333333,0,0,0,0,0,0,0,0,0,0,3,5,0
187499,662,195289,2,80,1,11,19,9,0,29,13,105,0.033333333,0,0,0,0,0,0,0,0,0,0,25,80,0
187500,15,652701,1,15,4,5,0,3,0,0,0,3,0.033333333,0,0,0,0,0,0,0,0,0,0,8,15,0
187517,34,652701,1,34,3,5,2,3,9,0,0,3,0.033333333,0,0,0,0,0,0,0,0,0,0,8,34,0
187522,7,652701,1,7,2,2,0,1,1,0,0,3,0.033333333,0,0,0,0,0,0,0,0,0,0,4,7,0
187530,6,652701,1,6,2,2,0,0,0,0,0,3,0.033333333,0,0,0,0,0,0,0,0,0,0,5,6,0
187554,1,652701,1,1,1,0,0,0,0,0,0,3,0.033333333,0,0,0,0,0,0,0,0,0,0,1,1,0
187555,7,652701,1,7,3,2,0,1,0,0,0,3,0.033333333,0,0,0,0,0,0,0,0,0,0,5,7,0
187564,19,652701,1,19,5,5,0,3,3,0,0,3,0.033333333,0,0,0,0,0,0,0,0,0,0,8,19,0
187572,421,195289,3,1,1,0,0,0,0,0,0,105,0.033333333,0,0,0,0,0,0,0,0,0,0,1,1,0
187582,22,221833,1,22,5,5,2,1,0,8,5,58,0.033333333,0,0,0,0,0,0,0,0,0,0,13,22,0
187589,4,652701,1,4,1,2,0,1,0,0,0,3,0.033333333,0,0,0,0,0,0,0,0,0,0,3,4,0
187597,9,148039,1,9,3,4,0,1,0,3,1,18,0.033333333,0,0,0,0,0,0,0,0,0,0,6,9,0
187598,1,652701,1,1,1,0,0,0,0,0,0,3,0.033333333,0,0,0,0,0,0,0,0,0,0,1,1,0
187613,12,652701,1,12,5,4,0,2,0,0,0,3,0.033333333,0,0,0,0,0,0,0,0,0,0,7,12,0
187620,265,652701,3,1,1,0,0,0,0,0,0,3,0.033333333,0,0,0,0,0,0,0,0,0,0,1,1,0
187640,73,652701,2,72,19,18,0,11,2,0,0,3,0.1,0,0,0,0,0,0,0,0,0,0,9,23,43
187643,9,38356,3,1,1,0,0,0,0,0,0,65,0.033333333,0,1,0,0,0,0,0,0,0,0,1,1,0
187645,3,652701,1,3,3,0,0,0,0,0,0,3,0.033333333,0,0,0,0,0,0,0,0,0,0,3,3,0
187651,25,652701,1,25,5,4,4,2,6,0,0,3,0.033333333,0,0,0,0,0,0,0,0,0,0,8,25,0
187657,11,652701,1,11,3,3,0,2,0,0,0,3,0.033333333,0,0,0,0,0,0,0,0,0,0,5,11,0
187658,9,652701,1,9,2,2,0,1,0,0,0,3,0.033333333,0,0,0,0,0,0,0,0,0,0,5,9,0
187659,416,221833,4,45,1,7,6,6,0,19,9,58,0.033333333,0,0,0,0,0,0,0,0,0,0,13,45,0
187660,6,652701,1,6,3,2,0,1,0,0,0,3,0.033333333,0,0,0,0,0,0,0,0,0,0,4,6,0
187662,8,652701,1,8,2,2,0,0,0,0,0,3,0.033333333,0,0,0,0,0,0,0,0,0,0,4,8,0
187679,14,652701,1,14,3,6,2,2,0,0,0,3,0.033333333,0,0,0,0,0,0,0,0,0,0,6,14,0
187680,37,652701,1,37,5,5,7,3,3,0,0,3,0.033333333,0,0,0,0,0,0,0,0,0,0,9,37,0
187681,17,652701,1,17,6,2,0,1,7,0,0,3,0.033333333,0,0,0,0,0,0,0,0,0,0,5,17,0
187700,9,652701,1,9,1,2,0,1,1,0,0,3,0.033333333,0,0,0,0,0,0,0,0,0,0,4,9,0
187701,55,652701,2,53,10,13,10,1,10,0,0,3,0.033333333,0,0,0,0,0,0,0,0,0,0,8,53,0
187703,36,652701,1,36,12,11,0,2,7,0,0,3,0.033333333,0,0,0,0,0,0,0,0,0,0,8,36,0
187706,10,652701,1,10,3,3,0,2,0,0,0,3,0.033333333,0,0,0,0,0,0,0,0,0,0,6,10,0
187725,13,652701,1,13,3,5,0,3,0,0,0,3,0.033333333,0,0,0,0,0,0,0,0,0,0,6,13,0
187727,6,652701,1,6,2,2,0,1,0,0,0,3,0.033333333,0,0,0,0,0,0,0,0,0,0,4,6,0
187732,20,652701,1,20,5,7,0,4,0,0,0,3,0.033333333,0,0,0,0,0,0,0,0,0,0,6,20,0
187737,9,652701,1,9,2,4,0,1,0,0,0,3,0.033333333,0,0,0,0,0,0,0,0,0,0,4,9,0
187744,35,652701,2,23,6,4,2,2,2,0,0,3,0.033333333,0,0,0,0,0,0,0,0,0,0,10,23,0
187749,19,652701,2,18,3,5,1,3,0,0,0,3,0.033333333,0,0,0,0,0,0,0,0,0,0,7,18,0
187761,325,208752,3,1,1,0,0,0,0,0,0,24,0.033333333,0,0,0,0,0,0,0,0,0,0,1,1,0
187767,162,221833,5,18,1,6,0,5,0,7,3,58,0.033333333,0,0,0,0,0,0,0,0,0,0,11,18,0
187769,30,652701,1,30,4,9,2,5,2,0,0,3,0.033333333,0,0,0,0,0,0,0,0,0,0,7,30,0
187780,36,652701,1,36,5,2,3,1,7,0,0,3,0.033333333,0,0,0,0,0,0,0,0,0,0,7,36,0
187793,10,652701,1,10,3,2,0,1,0,0,0,3,0.033333333,0,0,0,0,0,0,0,0,0,0,6,10,0
187806,8,652701,1,8,1,3,0,2,0,0,0,3,0.033333333,0,0,0,0,0,0,0,0,0,0,4,8,0
187809,39,652701,1,39,3,2,29,1,2,0,0,3,0.033333333,0,0,0,0,0,0,0,0,0,0,5,39,0
187828,45,652701,2,6,2,2,0,1,0,0,0,3,0.033333333,0,0,0,0,0,0,0,0,0,0,5,6,0
187835,40,148039,2,7,2,3,0,1,0,2,1,18,0.033333333,0,0,0,0,0,0,0,0,0,0,5,7,0
187843,57,148039,3,20,2,8,0,5,0,7,3,18,0.066666667,0,0,0,0,0,0,0,0,0,0,8,13,0
187853,56,652701,2,8,3,2,0,1,0,0,0,3,0.033333333,0,0,0,0,0,0,0,0,0,0,6,8,0
187854,8,652701,1,8,6,1,0,0,0,0,0,3,0.033333333,0,0,0,0,0,0,0,0,0,0,5,8,0
187870,178,652701,2,5,1,2,0,1,0,0,0,3,0.033333333,0,0,0,0,0,0,0,0,0,0,4,5,0
187883,19,652701,2,10,3,1,0,1,0,0,0,3,0.033333333,0,0,0,0,0,0,0,0,0,0,6,10,0
187896,218,208752,3,8,4,2,0,1,0,1,1,24,0.033333333,0,0,0,0,0,0,0,0,0,0,7,8,0
187897,226,652701,3,6,1,2,0,1,1,0,0,3,0.033333333,0,0,0,0,0,0,0,0,0,0,4,6,0
187901,1,652701,1,1,1,0,0,0,0,0,0,3,0.033333333,0,0,0,0,0,0,0,0,0,0,1,1,0
187905,5,652701,1,5,2,2,0,1,0,0,0,3,0.033333333,0,0,0,0,0,0,0,0,0,0,4,5,0
187913,25,148039,3,18,5,5,0,4,3,4,0,18,0.033333333,0,0,0,0,0,0,0,0,0,0,8,18,0
187930,39,208752,1,39,4,6,4,4,0,15,11,24,0.033333333,0,0,0,0,0,0,0,0,0,0,16,39,0
187936,33,652701,1,33,9,11,0,0,11,0,0,3,0.033333333,0,0,0,0,0,0,0,0,0,0,8,33,0
187940,6,652701,3,3,3,0,0,0,0,0,0,3,0.033333333,0,0,0,0,0,0,0,0,0,0,2,3,0
187952,2,652701,2,1,1,0,0,0,0,0,0,3,0.033333333,0,0,0,0,0,0,0,0,0,0,1,1,0
187966,16,652701,2,8,3,3,0,0,0,0,0,3,0.033333333,0,0,0,0,0,0,0,0,0,0,5,8,0
187973,7,652701,1,7,2,2,0,1,0,0,0,3,0.033333333,0,0,0,0,0,0,0,0,0,0,5,7,0
187983,25,221833,3,9,1,5,0,2,0,4,1,58,0.033333333,0,0,0,0,0,0,0,0,0,0,5,9,0
187994,12,652701,1,12,7,0,0,0,3,0,0,3,0.033333333,0,0,0,0,0,0,0,0,0,0,5,12,0
188000,106,148039,4,13,1,4,2,3,0,4,2,18,0.033333333,0,0,0,0,0,0,0,0,0,0,7,13,0
188001,22,652701,1,22,7,5,4,3,0,0,0,3,0.033333333,0,0,0,0,0,0,0,0,0,0,8,22,0
188005,15,148039,1,15,2,6,0,4,0,3,3,18,0.033333333,0,0,0,0,0,0,0,0,0,0,8,15,0
188033,6,652701,1,6,2,2,0,1,0,0,0,3,0.033333333,0,0,0,0,0,0,0,0,0,0,4,6,0
188046,1,652701,1,1,1,0,0,0,0,0,0,3,0.033333333,0,0,0,0,0,0,0,0,0,0,1,1,0
188055,15,652701,1,15,1,3,3,2,0,0,0,3,0.033333333,0,0,0,0,0,0,0,0,0,0,5,15,0
188071,1,208752,1,1,1,0,0,0,0,0,0,24,0.033333333,0,0,0,0,0,0,0,0,0,0,1,1,0
188085,6,346877,1,6,2,2,0,1,0,1,1,9,0.033333333,0,0,0,0,0,0,0,0,0,0,5,6,0
188093,38,247683,2,7,1,4,0,1,0,3,1,23,0.033333333,0,0,0,0,0,0,0,0,0,0,6,7,0
188095,19,334927,2,13,6,4,0,2,0,1,1,7,0.066666667,0,0,0,0,0,0,0,0,0,0,8,12,1
188104,901,250865,5,19,5,4,0,2,4,6,1,34,0.033333333,0,0,0,0,0,0,0,0,0,0,8,19,0
188109,9,346877,1,9,2,3,0,2,0,2,2,9,0.033333333,0,0,0,0,0,0,0,0,0,0,7,9,0
188115,2,261579,2,1,1,0,0,0,0,0,0,5,0.033333333,0,0,0,0,1,0,0,0,0,0,1,1,0
188119,3,334927,1,3,2,0,0,0,1,0,0,7,0.033333333,0,0,0,0,0,0,0,0,0,0,3,3,0
188123,320,334927,3,34,1,12,0,10,2,11,9,7,0.033333333,0,0,0,0,0,0,0,0,0,0,17,34,0
188124,137,399092,3,1,1,0,0,0,0,0,0,101,0.033333333,1,0,0,0,0,0,0,0,0,0,1,1,0
188131,3,85576,2,1,1,0,0,0,0,0,0,54,0.033333333,0,0,0,0,0,0,0,0,0,0,1,1,0
188135,13,457932,3,4,3,0,0,0,0,0,0,21,0.033333333,0,0,0,0,0,0,0,0,0,0,4,4,0
188143,136,46603,4,10,3,3,0,2,0,2,2,5,0.033333333,0,0,0,0,0,0,0,0,0,0,7,10,0
188144,2,140022,1,2,2,0,0,0,0,0,0,232,0.033333333,0,0,0,0,0,0,0,0,0,0,2,2,0
188166,12,127749,3,2,2,0,0,0,0,0,0,102,0.033333333,0,0,0,0,0,0,0,0,0,0,2,2,0
188177,875,334927,2,16,5,5,0,3,0,4,3,7,0.033333333,0,0,0,0,0,0,0,0,0,0,10,16,0
188194,46,85576,10,1,1,0,0,0,0,0,0,54,0.033333333,0,0,0,0,0,0,0,0,0,0,1,1,0
188200,443,250865,5,76,8,14,15,10,7,20,5,34,0.033333333,0,0,0,0,0,0,0,0,0,0,19,76,0
188205,7,502584,1,7,2,3,0,1,0,2,1,143,0.033333333,0,7,0,0,0,0,0,0,0,0,5,7,0
188216,187,457932,2,25,2,8,3,6,0,9,4,21,0.033333333,0,0,0,0,0,0,0,0,0,0,11,25,0
188253,6,250865,1,6,2,2,0,1,0,1,1,34,0.033333333,0,0,0,0,0,0,0,0,0,0,5,6,0
188261,174,346877,3,25,1,13,0,6,0,10,5,9,0.033333333,0,0,0,0,0,0,0,0,0,0,7,25,0
188264,17,334927,3,2,2,0,0,0,0,0,0,7,0.033333333,0,0,0,0,0,0,0,0,0,0,2,2,0
188268,110,334927,2,4,1,2,0,1,0,1,0,7,0.033333333,0,0,0,0,0,0,0,0,0,0,3,4,0
188272,134,334927,1,134,56,38,0,19,11,35,8,7,0.066666667,0,0,0,0,0,0,0,0,0,0,24,100,0
188276,6,334927,1,6,3,1,0,1,0,1,1,7,0.033333333,0,0,0,0,0,0,0,0,0,0,6,6,0
188279,105,261579,5,1,1,0,0,0,0,0,0,5,0.033333333,0,0,0,0,1,0,0,0,0,0,1,1,0
188284,2,457932,2,1,1,0,0,0,0,0,0,21,0.033333333,0,0,0,0,0,0,0,0,0,0,1,1,0
188299,6,334927,1,6,2,2,0,1,0,1,1,7,0.033333333,0,0,0,0,0,0,0,0,0,0,5,6,0
188304,53,334927,2,8,3,2,0,1,1,2,1,7,0.033333333,0,0,0,0,0,0,0,0,0,0,5,8,0
188306,20,502584,2,18,5,7,0,2,0,8,2,143,0.033333333,0,18,0,0,0,0,0,0,0,0,10,18,0
188309,149,85168,4,5,2,2,0,0,0,1,0,139,0.033333333,0,0,0,0,0,0,0,0,0,0,4,5,0
188316,6,399092,1,6,5,0,0,0,0,0,0,101,0.033333333,6,0,0,0,0,0,0,0,0,0,4,6,0
188331,13,188602,1,13,8,2,0,1,0,1,1,96,0.033333333,0,0,0,0,0,0,0,0,0,0,6,13,0
188337,20,140022,2,3,1,2,0,0,0,1,0,232,0.033333333,0,0,0,0,0,0,0,0,0,0,3,3,0
188344,4,457932,2,2,2,0,0,0,0,0,0,21,0.033333333,0,0,0,0,0,0,0,0,0,0,2,2,0
188346,14,334927,1,14,2,5,0,4,0,4,3,7,0.033333333,0,0,0,0,0,0,0,0,0,0,8,14,0
188357,110,260769,4,4,1,3,0,0,0,2,0,0,0.033333333,0,0,0,0,0,0,0,0,0,0,4,4,0
188375,1014,188602,8,36,4,14,0,11,0,9,7,96,0.066666667,0,0,0,0,13,0,0,0,0,0,14,23,0
188395,40,127749,4,7,2,4,0,1,0,1,0,102,0.033333333,0,0,0,0,0,0,0,0,0,0,4,7,0
188396,17,260769,1,17,2,9,0,3,0,8,3,0,0.033333333,0,0,0,0,0,0,0,0,0,0,10,17,0
188406,241,188602,5,11,1,4,0,3,0,3,3,96,0.033333333,0,0,0,0,0,0,0,0,0,0,6,11,0
188412,15,140022,1,15,1,4,5,0,0,6,0,232,0.033333333,0,0,0,0,0,0,0,0,0,0,7,15,0
188418,45,110497,4,8,1,3,0,2,0,2,2,24,0.033333333,0,0,0,0,0,0,0,0,0,0,6,8,0
188426,1,250865,1,1,1,0,0,0,0,0,0,34,0.033333333,0,0,0,0,0,0,0,0,0,0,1,1,0
188435,114,334927,4,14,7,4,0,2,0,1,1,7,0.033333333,0,0,0,0,0,0,0,0,0,0,7,14,0
188437,581,346877,4,5,3,2,0,0,0,1,0,9,0.033333333,0,0,0,0,0,0,0,0,0,0,4,5,0
188439,27,457932,1,27,6,6,4,4,2,5,3,21,0.033333333,0,0,0,0,0,0,0,0,0,0,15,27,0
188444,319,457932,3,25,8,11,3,0,2,8,0,21,0.033333333,0,0,0,0,0,0,0,0,0,0,15,25,0
188445,133,334927,4,28,1,10,0,9,0,9,8,7,0.033333333,0,0,0,0,0,0,0,0,0,0,17,28,0
188452,32,250865,1,32,2,8,6,6,4,7,2,34,0.033333333,0,0,0,0,0,0,0,0,0,0,9,32,0
188455,5,334927,1,5,4,0,0,0,1,0,0,7,0.033333333,0,0,0,0,0,0,0,0,0,0,3,5,0
188464,119,334927,2,6,2,2,0,1,0,1,1,7,0.033333333,0,0,0,0,0,0,0,0,0,0,5,6,0
188466,1,399092,1,1,1,0,0,0,0,0,0,101,0.033333333,1,0,0,0,0,0,0,0,0,0,1,1,0
188478,69,502584,5,7,3,2,0,1,0,1,1,143,0.033333333,0,7,0,0,0,0,0,0,0,0,5,7,0
188480,1010,334927,5,1,1,0,0,0,0,0,0,7,0.033333333,0,0,0,0,0,0,0,0,0,0,1,1,0
188490,14,127749,1,14,1,5,0,4,0,4,4,102,0.033333333,0,0,0,0,0,0,0,0,0,0,10,14,0
188505,9,346877,1,9,2,3,0,2,0,2,2,9,0.033333333,0,0,0,0,0,0,0,0,0,0,7,9,0
188516,17,457932,2,6,4,2,0,0,0,1,0,21,0.033333333,0,0,0,0,0,0,0,0,0,0,6,6,0
188527,31,42723,2,21,4,16,0,1,0,9,0,6,0.033333333,0,0,0,0,0,0,0,0,0,0,11,21,0
188537,25,260769,3,9,9,0,0,0,0,0,0,0,0.033333333,0,0,0,0,0,0,0,0,0,0,3,9,0
188548,47,261579,3,2,2,0,0,0,0,0,0,5,0.033333333,0,0,0,0,2,0,0,0,0,0,2,2,0
188554,25,250865,3,7,7,0,0,0,0,0,0,34,0.033333333,0,0,0,0,0,0,0,0,0,0,4,7,0
188559,142,127749,4,19,3,7,0,5,0,4,4,102,0.066666667,0,0,0,0,0,0,0,0,0,0,9,9,10
188564,10,502584,2,9,2,4,0,2,0,1,1,143,0.033333333,0,9,0,0,0,0,0,0,0,0,6,9,0
188565,175,188602,2,151,9,37,44,27,5,30,18,96,0.066666667,0,0,0,0,132,0,0,0,0,0,39,19,0
188582,9,140022,1,9,5,2,0,0,1,1,0,232,0.033333333,0,0,0,0,0,0,0,0,0,0,6,9,0
188607,7,260769,1,7,2,3,0,1,0,2,1,0,0.033333333,0,0,0,0,0,0,0,0,0,0,6,7,0
188618,2,346877,2,1,1,0,0,0,0,0,0,9,0.033333333,0,0,0,0,0,0,0,0,0,0,1,1,0
188625,63,457932,3,18,3,6,1,5,0,5,3,21,0.033333333,0,0,0,0,0,0,0,0,0,0,11,18,0
188638,9,27035,2,1,1,0,0,0,0,0,0,60,0.033333333,0,0,0,0,0,0,0,0,0,0,1,1,0
188644,23,334927,1,23,2,6,5,5,0,5,4,7,0.033333333,0,0,0,0,0,0,0,0,0,0,13,23,0
188658,458,155579,16,1,1,0,0,0,0,0,0,17,0.033333333,0,0,0,0,0,0,0,0,0,0,1,1,0
188660,10,89830,1,10,2,2,0,1,0,4,2,108,0.033333333,0,0,0,0,0,0,0,0,0,0,5,10,0
188662,1,155579,1,1,1,0,0,0,0,0,0,17,0.033333333,0,0,0,0,0,0,0,0,0,0,1,1,0
188670,1,155579,1,1,1,0,0,0,0,0,0,17,0.033333333,0,0,0,0,0,0,0,0,0,0,1,1,0
188685,13,91935,1,13,4,3,0,2,1,2,1,26,0.033333333,0,0,0,0,0,0,0,0,0,0,7,13,0
188688,9,89830,1,9,5,2,0,1,0,1,1,108,0.033333333,0,0,0,0,0,0,0,0,0,0,6,9,0
188696,1,91935,1,1,1,0,0,0,0,0,0,26,0.033333333,0,0,0,0,0,0,0,0,0,0,1,1,0
188697,357,155579,2,1,1,0,0,0,0,0,0,17,0.033333333,0,0,0,0,0,0,0,0,0,0,1,1,0
188717,37,155579,1,37,3,25,0,8,0,20,1,17,0.033333333,0,0,0,0,0,0,0,0,0,0,12,37,0
188724,4,91935,1,4,3,0,0,0,1,0,0,26,0.033333333,0,0,0,0,0,0,0,0,0,0,3,4,0
188728,10,89830,1,10,4,2,0,0,0,1,0,108,0.033333333,0,0,0,0,0,0,0,0,0,0,5,10,0
188730,60,89830,3,15,3,1,0,1,9,1,1,108,0.033333333,0,0,0,0,0,0,0,0,0,0,5,15,0
188736,10,155579,1,10,3,2,0,1,2,1,1,17,0.033333333,0,0,0,0,0,0,0,0,0,0,5,10,0
188765,11,91935,2,1,1,0,0,0,0,0,0,26,0.033333333,0,0,0,0,0,0,0,0,0,0,1,1,0
188769,37,91935,3,1,1,0,0,0,0,0,0,26,0.033333333,0,0,0,0,0,0,0,0,0,0,1,1,0
188776,21,155579,2,16,2,10,0,1,0,6,3,17,0.033333333,0,0,0,0,0,0,0,0,0,0,7,16,0
188789,2,155579,2,1,1,0,0,0,0,0,0,17,0.033333333,0,0,0,0,0,0,0,0,0,0,1,1,0
188790,18,91935,2,1,1,0,0,0,0,0,0,26,0.033333333,0,0,0,0,0,0,0,0,0,0,1,1,0
188826,1673,21216,5,1,1,0,0,0,0,0,0,19,0.033333333,0,0,0,0,0,0,0,0,0,0,1,1,0
188842,13,91935,1,13,3,6,0,3,0,3,1,26,0.033333333,0,0,0,0,0,0,0,0,0,0,6,13,0
188849,10,91935,1,10,3,3,0,2,0,2,2,26,0.033333333,0,0,0,0,0,0,0,0,0,0,7,10,0
188863,62,89830,2,14,2,5,0,3,1,4,1,108,0.033333333,0,0,0,0,0,0,0,0,0,0,6,14,0
188864,6,155579,1,6,2,2,0,1,0,1,1,17,0.033333333,0,0,0,0,0,0,0,0,0,0,5,6,0
188878,1492,155579,5,1,1,0,0,0,0,0,0,17,0.033333333,0,0,0,0,0,0,0,0,0,0,1,1,0
188890,24,155579,1,24,3,6,0,4,8,4,2,17,0.033333333,0,0,0,0,0,0,0,0,0,0,9,24,0
188916,5,27035,4,2,2,0,0,0,0,0,0,60,0.033333333,0,0,0,0,0,0,0,0,0,0,2,2,0
188940,6,250865,1,6,4,1,0,1,0,1,0,34,0.033333333,0,0,0,0,0,0,0,0,0,0,5,6,0
188949,23,46603,2,9,2,3,0,2,0,2,2,5,0.033333333,0,0,0,0,0,0,0,0,0,0,7,9,0
188960,3,346877,2,2,2,0,0,0,0,0,0,9,0.033333333,0,0,0,0,2,0,0,0,0,0,2,2,0
188968,141,43183,15,1,1,0,0,0,0,0,0,24,0.033333333,0,0,0,0,0,0,0,0,0,0,1,1,0
188974,17,148500,4,1,1,0,0,0,0,0,0,29,0.033333333,0,0,0,0,0,0,0,0,0,0,1,1,0
188976,7,148500,2,1,1,0,0,0,0,0,0,29,0.033333333,0,0,0,0,0,0,0,0,0,0,1,1,0
188977,134,457932,3,131,8,36,18,34,2,35,28,21,0.166666667,0,0,2,0,0,0,0,0,0,0,34,125,6
188985,7,878119,2,1,1,0,0,0,0,0,0,20,0.033333333,0,0,0,0,0,0,0,0,0,0,1,1,0
188990,247,247683,1,247,41,100,25,44,9,77,18,23,0.1,0,0,0,39,0,0,0,0,0,0,65,247,0
188992,3,346877,1,3,3,0,0,0,0,0,0,9,0.033333333,0,0,0,0,3,0,0,0,0,0,3,3,0
188996,81,457932,2,63,10,25,15,3,0,16,2,21,0.033333333,0,0,63,0,0,0,0,0,0,0,18,63,0
189000,411,457932,5,128,4,45,24,1,48,38,0,21,0.066666667,0,0,73,0,0,0,0,0,0,0,28,128,0
189012,67,140022,8,6,2,2,0,1,0,1,1,232,0.033333333,0,0,0,0,0,0,0,0,0,0,5,6,0
189018,64,110497,2,24,3,12,0,5,1,9,2,24,0.033333333,0,0,0,0,24,0,0,0,0,0,8,24,0
189022,1,34988,1,1,1,0,0,0,0,0,0,108,0.033333333,0,0,0,0,0,0,0,0,0,0,1,1,0
189030,67,86829,8,1,1,0,0,0,0,0,0,63,0.033333333,0,0,0,0,1,0,0,0,0,0,1,1,0
189063,1,457932,1,1,1,0,0,0,0,0,0,21,0.033333333,0,0,1,0,0,0,0,0,0,0,1,1,0
189067,8,457932,1,8,2,3,0,2,0,2,1,21,0.033333333,0,0,8,0,0,0,0,0,0,0,6,8,0
189085,10,250865,1,10,5,3,0,1,0,2,1,34,0.033333333,0,0,0,0,0,0,0,0,0,0,6,10,0
189105,3,334927,1,3,3,0,0,0,0,0,0,7,0.033333333,0,0,0,0,0,0,0,0,0,0,3,3,0
189112,1,878119,1,1,1,0,0,0,0,0,0,20,0.033333333,0,0,0,0,0,0,0,0,0,0,1,1,0
189113,120,334927,3,1,1,0,0,0,0,0,0,7,0.033333333,0,0,0,0,0,0,0,0,0,0,1,1,0
189116,27,457932,3,13,4,5,2,1,0,4,1,21,0.033333333,0,0,13,0,0,0,0,0,0,0,9,13,0
189123,2,148500,1,2,2,0,0,0,0,0,0,29,0.033333333,0,0,0,0,0,0,0,0,0,0,2,2,0
189127,22,334927,3,1,1,0,0,0,0,0,0,7,0.033333333,0,0,0,0,0,0,0,0,0,0,1,1,0
189137,6,86829,1,6,4,0,0,0,1,0,0,63,0.033333333,0,0,0,0,6,0,0,0,0,0,5,6,0
189157,37,148500,2,2,2,0,0,0,0,0,0,29,0.033333333,0,0,0,0,0,0,0,0,0,0,2,2,0
189167,3,346877,2,1,1,0,0,0,0,0,0,9,0.033333333,0,0,0,0,1,0,0,0,0,0,1,1,0
189172,47,110497,2,1,1,0,0,0,0,0,0,24,0.033333333,0,0,0,0,1,0,0,0,0,0,1,1,0
189173,28,46603,3,1,1,0,0,0,0,0,0,5,0.033333333,0,0,0,0,0,0,0,0,0,0,1,1,0
189178,11,148500,1,11,4,2,0,1,0,3,1,29,0.033333333,0,0,0,0,0,0,0,0,0,0,7,11,0
189179,8,85168,1,8,2,4,0,1,0,2,1,139,0.033333333,0,0,0,0,8,0,0,0,0,0,6,8,0
189182,35,457932,1,35,3,10,4,9,0,9,8,21,0.033333333,0,0,35,0,0,0,0,0,0,0,16,35,0
189183,11,85168,2,7,3,2,0,1,0,1,1,139,0.033333333,0,0,0,0,7,0,0,0,0,0,5,7,0
189196,10,878119,2,9,4,1,0,1,1,1,1,20,0.033333333,0,0,0,0,0,0,0,0,0,0,7,9,0
189200,5,148500,1,5,5,0,0,0,0,0,0,29,0.033333333,0,0,0,0,0,0,0,0,0,0,2,5,0
189201,10,260769,2,1,1,0,0,0,0,0,0,0,0.033333333,0,0,0,0,0,0,0,0,0,0,1,1,0
189226,21,110497,3,1,1,0,0,0,0,0,0,24,0.033333333,0,0,0,0,1,0,0,0,0,0,1,1,0
189227,262,878119,4,8,3,2,0,1,2,1,0,20,0.033333333,0,0,0,0,0,0,0,0,0,0,4,8,0
189235,14,457932,1,14,2,5,0,4,0,4,3,21,0.033333333,0,0,14,0,0,0,0,0,0,0,10,14,0
189251,15,148500,2,14,4,1,0,1,5,1,0,29,0.033333333,0,0,0,0,0,0,0,0,0,0,6,14,0
189256,116,85576,4,59,1,4,45,1,0,8,1,54,0.033333333,0,0,0,0,59,0,0,0,0,0,6,59,0
189258,68,148500,2,2,2,0,0,0,0,0,0,29,0.033333333,0,0,0,0,0,0,0,0,0,0,2,2,0
189265,32,457932,1,32,7,21,0,0,0,19,0,21,0.066666667,0,0,10,0,0,0,0,0,0,0,15,22,10
189282,5,346877,1,5,1,2,0,1,0,1,1,9,0.033333333,0,0,0,0,5,0,0,0,0,0,4,5,0
189289,106,250865,7,2,2,0,0,0,0,0,0,34,0.033333333,0,0,0,0,0,0,0,0,0,0,1,2,0
189301,537,85576,5,19,1,11,0,0,0,17,0,54,0.033333333,0,0,0,0,19,0,0,0,0,0,8,19,0
189305,11,250865,1,11,7,2,0,1,0,1,1,34,0.066666667,0,0,0,0,0,0,0,0,0,0,7,10,1
189328,1,457932,1,1,1,0,0,0,0,0,0,21,0.033333333,0,0,1,0,0,0,0,0,0,0,1,1,0
189329,34,148500,3,3,1,2,0,0,0,1,0,29,0.033333333,0,0,0,0,0,0,0,0,0,0,3,3,0
189331,90,127749,6,25,2,7,4,6,0,6,4,102,0.033333333,0,0,0,0,0,0,0,0,0,0,13,25,0
189332,1,148500,1,1,1,0,0,0,0,0,0,29,0.033333333,0,0,0,0,0,0,0,0,0,0,1,1,0
189340,5,334927,3,1,1,0,0,0,0,0,0,7,0.033333333,0,0,0,0,0,0,0,0,0,0,1,1,0
189350,4,334927,2,2,2,0,0,0,0,0,0,7,0.033333333,0,0,0,0,0,0,0,0,0,0,2,2,0
189358,90,457932,6,14,2,5,1,4,0,4,2,21,0.033333333,0,0,14,0,0,0,0,0,0,0,9,14,0
189360,33,110497,1,33,12,11,0,6,1,4,3,24,0.066666667,0,0,0,9,24,0,0,0,0,0,9,9,24
189376,663,42723,3,1,1,0,0,0,0,0,0,6,0.033333333,0,0,0,0,1,0,0,0,0,0,1,1,0
189378,153,43183,6,9,2,3,0,2,0,2,2,24,0.033333333,0,0,0,0,0,0,0,0,0,0,7,9,0
189390,385,46603,5,6,2,2,0,1,0,1,1,5,0.066666667,0,0,0,0,0,0,0,0,0,0,5,5,0
189409,95,260769,3,1,1,0,0,0,0,0,0,0,0.033333333,0,0,0,0,0,0,0,0,0,0,1,1,0
189419,23,42723,4,12,8,2,0,1,0,1,1,6,0.1,10,0,0,1,1,0,0,0,0,0,5,11,0
189424,95,247683,4,1,1,0,0,0,0,0,0,23,0.033333333,0,0,0,0,1,0,0,0,0,0,1,1,0
189427,64,334927,2,14,2,5,0,4,0,4,3,7,0.033333333,0,0,0,0,0,0,0,0,0,0,8,14,0
189443,34,878119,2,27,11,15,1,0,0,10,0,20,0.033333333,0,0,0,0,0,0,0,0,0,0,16,27,0
189449,1,457932,1,1,1,0,0,0,0,0,0,21,0.033333333,0,0,1,0,0,0,0,0,0,0,1,1,0
189458,43,457932,2,19,3,8,0,5,0,5,3,21,0.033333333,0,0,19,0,0,0,0,0,0,0,12,19,0
189466,1,334927,1,1,1,0,0,0,0,0,0,7,0.033333333,0,0,0,0,0,0,0,0,0,0,1,1,0
189479,211,127749,3,2,2,0,0,0,0,0,0,102,0.033333333,0,0,0,0,0,0,0,0,0,0,2,2,0
189489,8,250865,1,8,2,4,0,1,0,3,1,34,0.033333333,0,0,0,0,0,0,0,0,0,0,7,8,0
189500,4,34988,1,4,1,2,0,1,0,1,0,108,0.033333333,0,0,0,0,0,0,0,0,0,0,3,4,0
189502,15,334927,1,15,2,5,0,4,0,4,4,7,0.033333333,0,0,0,0,0,0,0,0,0,0,11,15,0
189506,12,457932,1,12,2,3,4,1,0,2,1,21,0.033333333,0,0,12,0,0,0,0,0,0,0,7,12,0
189525,17,457932,1,17,2,6,3,3,0,5,2,21,0.033333333,0,0,17,0,0,0,0,0,0,0,9,17,0
189533,74,188602,3,12,2,8,0,0,0,1,1,96,0.033333333,0,0,0,0,12,0,0,0,0,0,5,12,0
189534,23,334927,2,1,1,0,0,0,0,0,0,7,0.033333333,0,0,0,0,0,0,0,0,0,0,1,1,0
189538,1202,250865,10,1,1,0,0,0,0,0,0,34,0.033333333,0,0,0,0,0,0,0,0,0,0,1,1,0
189539,6,260769,1,6,2,2,0,1,0,1,1,0,0.033333333,0,0,0,0,0,0,0,0,0,0,5,6,0
189548,6,27035,1,6,2,2,0,1,0,1,1,60,0.033333333,0,0,6,0,0,0,0,0,0,0,5,6,0
189575,14,878119,1,14,8,4,0,0,1,3,0,20,0.033333333,0,0,0,0,0,0,0,0,0,0,10,14,0
189580,535,457932,3,1,1,0,0,0,0,0,0,21,0.033333333,0,0,1,0,0,0,0,0,0,0,1,1,0
189585,218,42723,7,1,1,0,0,0,0,0,0,6,0.033333333,0,0,0,0,1,0,0,0,0,0,1,1,0
189594,26,878119,1,26,8,12,0,4,2,7,0,20,0.066666667,0,0,0,0,0,0,0,0,0,0,11,25,1
189595,47,346877,2,2,2,0,0,0,0,0,0,9,0.033333333,0,0,0,0,2,0,0,0,0,0,2,2,0
189605,1,148500,1,1,1,0,0,0,0,0,0,29,0.033333333,0,0,0,0,0,0,0,0,0,0,1,1,0
189610,6,188602,1,6,4,2,0,0,0,1,0,96,0.066666667,0,0,0,0,1,5,0,0,0,0,4,1,5
189618,6,878119,1,6,5,1,0,0,0,1,0,20,0.033333333,0,0,0,0,0,0,0,0,0,0,6,6,0
189623,24,457932,3,1,1,0,0,0,0,0,0,21,0.033333333,0,0,1,0,0,0,0,0,0,0,1,1,0
189630,1,334927,1,1,1,0,0,0,0,0,0,7,0.033333333,0,0,0,0,0,0,0,0,0,0,1,1,0
189632,206,127749,2,6,2,2,0,1,0,1,1,102,0.033333333,0,0,6,0,0,0,0,0,0,0,5,6,0
189655,6,334927,1,6,2,2,0,1,0,1,1,7,0.033333333,0,0,0,0,0,0,0,0,0,0,5,6,0
189663,35,457932,2,26,6,10,4,3,0,5,1,21,0.033333333,0,0,0,0,0,0,0,0,26,0,10,26,0
189667,17,457932,4,14,2,5,0,4,0,4,3,21,0.033333333,0,0,0,0,0,0,0,0,14,0,10,14,0
189670,141,34988,15,1,1,0,0,0,0,0,0,108,0.033333333,0,0,0,0,0,0,0,0,0,0,1,1,0
189672,75,334927,2,43,6,21,0,10,0,14,6,7,0.033333333,0,0,0,0,0,0,0,0,0,0,11,43,0
189677,17,260769,4,1,1,0,0,0,0,0,0,0,0.033333333,0,0,0,0,0,0,0,1,0,0,1,1,0
189691,35,46603,2,9,2,3,0,2,0,2,2,5,0.033333333,0,0,0,0,0,0,9,0,0,0,7,9,0
189692,2,457932,1,2,2,0,0,0,0,0,0,21,0.033333333,0,0,0,0,0,0,0,0,2,0,1,2,0
189698,15,878119,1,15,2,5,0,4,0,5,3,20,0.033333333,0,0,0,0,0,0,0,0,0,0,10,15,0
189699,10,334927,1,10,3,3,0,1,0,4,1,7,0.033333333,0,0,0,0,0,0,0,0,0,0,6,10,0
189706,159,334927,2,33,15,11,0,7,0,4,0,7,0.033333333,0,0,0,0,0,0,0,0,0,0,9,33,0
189727,18,250865,2,6,2,2,0,1,0,1,1,34,0.033333333,0,0,0,0,0,0,0,6,0,0,5,6,0
189729,11,334927,1,11,3,3,0,2,0,4,1,7,0.033333333,0,0,0,0,0,0,0,0,0,0,5,11,0
189732,8,140022,1,8,2,2,0,1,2,1,1,232,0.033333333,0,0,0,0,0,0,0,8,0,0,5,8,0
189738,2,334927,2,1,1,0,0,0,0,0,0,7,0.033333333,0,0,0,0,0,0,0,0,0,0,1,1,0
189741,1,334927,1,1,1,0,0,0,0,0,0,7,0.033333333,0,0,0,0,0,0,0,0,0,0,1,1,0
189759,23,878119,1,23,4,10,0,7,0,4,2,20,0.033333333,0,0,0,0,0,0,0,0,0,0,12,23,0
189769,2,127749,1,2,2,0,0,0,0,0,0,102,0.033333333,0,0,0,0,0,0,0,2,0,0,2,2,0
189780,27,457932,1,27,1,16,8,0,0,15,0,21,0.033333333,0,0,0,0,0,0,0,0,27,0,12,27,0
189782,924,27035,8,5,2,2,0,1,0,1,0,60,0.033333333,0,0,0,0,0,0,0,0,5,0,4,5,0
189783,2,334927,1,2,2,0,0,0,0,0,0,7,0.033333333,0,0,0,0,0,0,0,0,0,0,2,2,0
189785,6,457932,1,6,2,3,0,1,0,2,0,21,0.033333333,0,0,0,0,0,0,0,0,6,0,5,6,0
189796,1,878119,1,1,1,0,0,0,0,0,0,20,0.033333333,0,0,0,0,0,0,0,0,0,0,1,1,0
189804,1,334927,1,1,1,0,0,0,0,0,0,7,0.033333333,0,0,0,0,0,0,0,0,0,0,1,1,0
189805,9,457932,1,9,2,5,0,1,0,4,1,21,0.033333333,0,0,0,0,0,0,0,0,9,0,8,9,0
189829,13,878119,3,1,1,0,0,0,0,0,0,20,0.033333333,0,0,0,0,0,0,0,0,0,0,1,1,0
189836,36,148500,2,17,1,6,0,5,0,5,5,29,0.033333333,0,0,0,0,0,0,0,0,0,0,12,17,0
189843,487,260769,3,256,6,47,40,44,0,87,58,0,0.066666667,0,0,0,0,0,0,0,249,0,0,88,7,0
189844,17,457932,1,17,3,6,0,4,2,3,1,21,0.033333333,0,0,0,0,0,0,0,0,17,0,9,17,0
189852,5,878119,1,5,2,2,0,1,0,1,0,20,0.033333333,0,0,0,0,0,0,0,0,0,0,4,5,0
189865,4,21560,2,3,3,0,0,0,0,0,0,9,0.033333333,0,0,0,0,0,0,0,0,0,0,2,3,0
189866,173,250865,4,2,2,0,0,0,0,0,0,34,0.033333333,0,0,0,0,0,0,0,2,0,0,1,2,0
189874,17,457932,2,1,1,0,0,0,0,0,0,21,0.033333333,0,0,0,0,0,0,0,0,1,0,1,1,0
189881,35,43183,2,13,2,2,0,1,0,5,4,24,0.033333333,0,0,0,0,0,0,0,0,0,0,7,13,0
189908,22,457932,1,22,4,5,3,4,1,4,2,21,0.033333333,0,0,0,0,0,0,0,0,22,0,11,22,0
189915,3,43183,1,3,3,0,0,0,0,0,0,24,0.033333333,0,0,0,0,0,0,0,0,0,0,1,3,0
189916,4,334927,2,2,2,0,0,0,0,0,0,7,0.033333333,0,0,0,0,0,0,0,0,0,0,2,2,0
189918,2,43183,1,2,2,0,0,0,0,0,0,24,0.033333333,0,0,0,0,0,0,0,0,0,0,2,2,0
189929,36,878119,1,36,9,12,0,9,0,7,6,20,0.033333333,0,0,0,0,0,0,0,0,0,0,17,36,0
189947,1,260769,1,1,1,0,0,0,0,0,0,0,0.033333333,0,0,0,0,0,0,0,1,0,0,1,1,0
189952,1,334927,1,1,1,0,0,0,0,0,0,7,0.033333333,0,0,0,0,0,0,0,0,0,0,1,1,0
189961,164,334927,2,1,1,0,0,0,0,0,0,7,0.033333333,0,0,0,0,0,0,0,0,0,0,1,1,0
189962,1,148500,1,1,1,0,0,0,0,0,0,29,0.033333333,0,0,0,0,0,0,0,0,0,0,1,1,0
189973,2,878119,1,2,2,0,0,0,0,0,0,20,0.033333333,0,0,0,0,0,0,0,0,0,0,2,2,0
189977,38,260769,1,38,3,15,0,0,1,24,9,0,0.033333333,0,0,0,0,0,0,0,38,0,0,24,38,0
189978,27,878119,2,18,3,13,2,0,0,10,0,20,0.033333333,0,0,0,0,0,0,0,0,0,0,14,18,0
189979,1,334927,1,1,1,0,0,0,0,0,0,7,0.033333333,0,0,0,0,0,0,0,0,0,0,1,1,0
189982,16,250865,1,16,10,5,0,1,0,2,0,34,0.033333333,0,0,0,0,0,0,0,16,0,0,5,16,0
189991,2056,27035,8,6,3,2,0,1,0,1,0,60,0.033333333,0,0,0,0,0,0,0,0,6,0,4,6,0
189995,12,334927,1,12,4,5,0,2,0,1,0,7,0.033333333,0,0,0,0,0,0,0,0,0,0,6,12,0
190023,8,260769,1,8,4,2,0,1,0,1,1,0,0.033333333,0,0,0,0,0,0,0,8,0,0,5,8,0
190046,13,43183,2,1,1,0,0,0,0,0,0,24,0.033333333,0,0,0,0,0,0,0,0,0,0,1,1,0
190051,22,457932,2,12,2,4,5,0,0,3,0,21,0.033333333,0,0,0,0,0,0,0,0,12,0,7,12,0
190056,1,140022,1,1,1,0,0,0,0,0,0,232,0.033333333,0,0,0,0,0,0,0,1,0,0,1,1,0
190068,1,334927,1,1,1,0,0,0,0,0,0,7,0.033333333,0,0,0,0,0,0,0,0,0,0,1,1,0
190077,6,250865,1,6,3,2,0,0,0,1,0,34,0.033333333,0,0,0,0,0,0,0,6,0,0,5,6,0
190092,350,334927,5,18,6,2,3,2,4,2,0,7,0.033333333,0,0,0,0,0,0,0,0,0,0,8,18,0
190100,36,878119,2,25,1,9,2,8,0,8,5,20,0.033333333,0,0,0,0,0,0,0,0,0,0,16,25,0
190113,2,127749,1,2,2,0,0,0,0,0,0,102,0.033333333,0,0,0,0,0,0,0,2,0,0,2,2,0
190116,274,457932,4,1,1,0,0,0,0,0,0,21,0.033333333,0,0,0,0,0,0,0,0,1,0,1,1,0
190123,2,457932,1,2,2,0,0,0,0,0,0,21,0.033333333,0,0,0,0,0,0,0,0,2,0,2,2,0
190125,2,260769,1,2,2,0,0,0,0,0,0,0,0.033333333,0,0,0,0,0,0,0,2,0,0,2,2,0
190138,51,260769,2,1,1,0,0,0,0,0,0,0,0.033333333,0,0,0,0,0,0,0,1,0,0,1,1,0
190147,15,43183,2,9,6,0,0,0,1,0,0,24,0.033333333,0,0,0,0,0,0,0,0,0,0,6,9,0
190170,7,878119,1,7,2,3,0,1,0,2,1,20,0.033333333,0,0,0,0,0,0,0,0,0,0,6,7,0
190177,1417,457932,10,7,2,5,0,0,0,2,0,21,0.033333333,0,0,0,0,0,0,0,0,7,0,6,7,0
190178,5,878119,1,5,3,0,0,0,0,0,0,20,0.033333333,0,0,0,0,0,0,0,0,0,0,4,5,0
190183,42,334927,1,42,6,11,5,9,1,9,7,7,0.033333333,0,0,0,0,0,0,0,0,0,0,23,42,0
190186,32,878119,2,19,2,7,0,6,0,6,4,20,0.033333333,0,0,0,0,0,0,0,0,0,0,10,19,0
190204,1,250865,1,1,1,0,0,0,0,0,0,34,0.033333333,0,0,0,0,0,0,0,1,0,0,1,1,0
190216,9,878119,2,8,2,4,0,2,0,1,0,20,0.033333333,0,0,0,0,0,0,0,0,0,0,5,8,0
190220,34,457932,1,34,3,8,9,7,0,8,5,21,0.033333333,0,0,0,0,0,0,0,0,34,0,16,34,0
190227,43,43183,1,43,3,7,20,0,1,15,3,24,0.033333333,0,0,0,0,0,0,0,0,0,0,23,43,0
190233,19,457932,3,16,2,4,4,3,0,3,2,21,0.033333333,0,0,0,0,0,0,0,0,16,0,9,16,0
190240,210,27035,6,1,1,0,0,0,0,0,0,60,0.033333333,0,0,0,0,0,0,0,0,1,0,1,1,0
190241,2,27035,1,2,2,0,0,0,0,0,0,60,0.033333333,0,0,0,0,0,0,0,0,2,0,2,2,0
190243,232,457932,2,2,2,0,0,0,0,0,0,21,0.033333333,0,0,0,0,0,0,0,0,2,0,2,2,0
190250,6,334927,1,6,2,2,0,1,0,1,1,7,0.033333333,0,0,0,0,0,0,0,0,0,0,5,6,0
190273,23,907118,1,23,6,5,0,3,2,4,0,19,0.033333333,0,0,0,0,0,0,0,0,0,0,6,23,0
190291,1,907118,1,1,1,0,0,0,0,0,0,19,0.033333333,0,0,0,0,0,0,0,0,0,0,1,1,0
190299,97,91935,3,15,1,6,0,4,0,5,4,26,0.033333333,0,0,0,0,0,15,0,0,0,0,10,15,0
190300,4,907118,1,4,1,2,0,1,0,1,0,19,0.033333333,0,0,0,0,0,0,0,0,0,0,3,4,0
190301,1,91935,1,1,1,0,0,0,0,0,0,26,0.033333333,0,0,0,0,0,1,0,0,0,0,1,1,0
190307,69,907118,1,69,6,19,9,18,4,18,10,19,0.033333333,0,0,0,0,0,0,0,0,0,0,33,69,0
190335,14,907118,1,14,4,4,0,2,0,6,1,19,0.033333333,0,0,0,0,0,0,0,0,0,0,6,14,0
190345,2,155579,1,2,2,0,0,0,0,0,0,17,0.033333333,0,0,0,2,0,0,0,0,0,0,2,2,0
190365,1,91935,1,1,1,0,0,0,0,0,0,26,0.033333333,0,0,0,0,0,1,0,0,0,0,1,1,0
190384,78,907118,1,78,18,28,0,18,1,24,6,19,0.066666667,0,0,0,0,0,0,0,0,0,0,19,43,0
190393,49,907118,2,33,2,11,5,9,5,8,1,19,0.033333333,0,0,0,0,0,0,0,0,0,0,12,33,0
190402,18,907118,1,18,2,5,3,2,6,2,0,19,0.033333333,0,0,0,0,0,0,0,0,0,0,7,18,0
190414,1,907118,1,1,1,0,0,0,0,0,0,19,0.033333333,0,0,0,0,0,0,0,0,0,0,1,1,0
190417,1,155579,1,1,1,0,0,0,0,0,0,17,0.033333333,0,0,0,1,0,0,0,0,0,0,1,1,0
190421,2,91935,1,2,2,0,0,0,0,0,0,26,0.033333333,0,0,0,0,0,2,0,0,0,0,2,2,0
190423,339,907118,7,14,3,7,0,1,0,6,3,19,0.033333333,0,0,0,0,0,0,0,0,0,0,12,14,0
190424,80,155579,2,1,1,0,0,0,0,0,0,17,0.033333333,0,0,0,1,0,0,0,0,0,0,1,1,0
190425,12,907118,1,12,8,2,0,0,0,2,0,19,0.033333333,0,0,0,0,0,0,0,0,0,0,7,12,0
190430,4,155579,1,4,3,1,0,0,0,1,0,17,0.033333333,0,4,0,0,0,0,0,0,0,0,4,4,0
190439,5,907118,1,5,5,0,0,0,0,0,0,19,0.066666667,0,0,0,0,0,0,0,0,0,0,3,2,3
190452,1,907118,1,1,1,0,0,0,0,0,0,19,0.033333333,0,0,0,0,0,0,0,0,0,0,1,1,0
190457,54,907118,1,54,7,22,0,14,0,17,11,19,0.033333333,0,0,0,0,0,0,0,0,0,0,24,54,0
190465,25,89830,1,25,3,4,5,0,0,15,0,108,0.033333333,0,0,0,25,0,0,0,0,0,0,8,25,0
190467,22,907118,1,22,9,5,0,3,1,2,0,19,0.033333333,0,0,0,0,0,0,0,0,0,0,10,22,0
190479,9,89830,1,9,9,0,0,0,0,0,0,108,0.033333333,0,0,0,9,0,0,0,0,0,0,2,9,0
190485,26,907118,1,26,9,8,0,6,0,5,3,19,0.033333333,0,0,0,0,0,0,0,0,0,0,13,26,0
190505,30,907118,1,30,11,8,0,6,0,7,5,19,0.1,0,0,0,0,0,0,0,0,0,0,14,14,14
190509,13,907118,2,1,1,0,0,0,0,0,0,19,0.033333333,0,0,0,0,0,0,0,0,0,0,1,1,0
190512,412,89830,6,6,2,2,0,1,0,1,1,108,0.033333333,0,0,0,6,0,0,0,0,0,0,5,6,0
190533,21,907118,1,21,7,7,0,5,0,4,1,19,0.033333333,0,0,0,0,0,0,0,0,0,0,9,21,0
190539,711,89830,9,19,6,0,0,0,12,0,0,108,0.033333333,0,0,0,19,0,0,0,0,0,0,6,19,0
190551,17,907118,1,17,10,2,0,1,2,2,0,19,0.033333333,0,0,0,0,0,0,0,0,0,0,8,17,0
190556,533,89830,5,1,1,0,0,0,0,0,0,108,0.033333333,0,0,0,1,0,0,0,0,0,0,1,1,0
190559,18,907118,1,18,13,3,0,2,0,2,0,19,0.033333333,0,0,0,0,0,0,0,0,0,0,7,18,0
190565,18,907118,3,1,1,0,0,0,0,0,0,19,0.033333333,0,0,0,0,0,0,0,0,0,0,1,1,0
190566,24,907118,3,7,1,3,0,2,0,2,1,19,0.033333333,0,0,0,0,0,0,0,0,0,0,5,7,0
190570,17,89830,3,3,3,0,0,0,0,0,0,108,0.033333333,0,0,0,3,0,0,0,0,0,0,1,3,0
190586,43,907118,1,43,4,19,0,12,0,16,8,19,0.066666667,0,0,0,0,0,0,0,0,0,0,18,13,0
190607,80,907118,1,80,19,29,6,17,0,27,7,19,0.066666667,0,0,0,0,0,0,0,0,0,0,25,55,25
190621,5,907118,1,5,3,2,0,0,0,1,0,19,0.033333333,0,0,0,0,0,0,0,0,0,0,4,5,0
190623,31,155579,1,31,6,11,0,5,0,10,4,17,0.033333333,0,0,0,0,0,0,0,0,0,0,10,31,0
190625,88,907118,1,88,5,37,5,22,2,30,13,19,0.066666667,0,0,0,0,0,0,0,0,0,0,26,75,13
190635,44,907118,1,44,14,16,0,7,0,11,7,19,0.033333333,0,0,0,0,0,0,0,0,0,0,17,44,0
190639,280,155579,2,9,2,2,0,1,0,4,1,17,0.033333333,0,0,0,0,0,0,0,0,0,0,4,9,0
190644,9,907118,1,9,6,2,0,1,0,1,0,19,0.066666667,0,0,0,0,0,0,0,0,0,0,5,4,0
190655,33,907118,1,33,6,21,2,4,0,18,0,19,0.066666667,0,0,0,0,0,0,0,0,0,0,17,22,11
190656,1,155579,1,1,1,0,0,0,0,0,0,17,0.033333333,0,0,0,0,0,0,0,0,0,0,1,1,0
190663,3,907118,2,1,1,0,0,0,0,0,0,19,0.033333333,0,0,0,0,0,0,0,0,0,0,1,1,0
190665,200,907118,2,1,1,0,0,0,0,0,0,19,0.033333333,0,0,0,0,0,0,0,0,0,0,1,1,0
190674,47,907118,2,1,1,0,0,0,0,0,0,19,0.033333333,0,0,0,0,0,0,0,0,0,0,1,1,0
190679,5,907118,1,5,4,0,0,0,0,0,0,19,0.033333333,0,0,0,0,0,0,0,0,0,0,4,5,0
190709,109,155579,3,6,2,2,0,1,0,1,1,17,0.033333333,0,0,0,0,0,0,0,0,0,0,5,6,0
190718,1,346877,1,1,1,0,0,0,0,0,0,9,0.033333333,0,0,0,0,0,0,0,0,0,0,1,1,0
190723,1,457932,1,1,1,0,0,0,0,0,0,21,0.033333333,0,0,0,0,0,0,0,0,0,0,1,1,0
190730,47,399092,2,5,2,2,0,1,0,1,0,101,0.033333333,0,0,0,0,0,0,0,0,0,0,4,5,0
190735,19,457932,2,1,1,0,0,0,0,0,0,21,0.033333333,0,0,0,0,0,0,0,0,0,0,1,1,0
190786,74,457932,1,74,33,20,0,11,0,18,10,21,0.066666667,0,0,0,0,0,0,0,0,0,0,14,16,0
190789,18,346877,2,8,5,1,0,1,0,1,1,9,0.033333333,0,0,0,0,0,0,0,0,0,0,6,8,0
190791,14,457932,1,14,2,6,4,0,0,7,0,21,0.033333333,0,0,0,0,0,0,0,0,0,0,8,14,0
190796,345,457932,3,71,10,16,3,11,21,9,6,21,0.066666667,0,0,0,0,0,0,0,0,0,0,13,64,7
190798,527,110497,3,1,1,0,0,0,0,0,0,24,0.033333333,0,0,0,0,0,0,0,0,0,0,1,1,0
190802,86,247683,2,10,3,4,0,1,0,4,1,23,0.033333333,0,0,0,0,0,0,0,0,0,0,6,10,0
190805,458,110497,2,3,3,0,0,0,0,0,0,24,0.033333333,0,0,0,0,0,0,0,0,0,0,2,3,0
190816,89,457932,2,58,9,18,16,1,5,18,0,21,0.033333333,0,0,0,0,0,0,0,0,0,0,23,58,0
190820,11,457932,1,11,6,2,0,1,1,1,0,21,0.033333333,0,0,0,0,0,0,0,0,0,0,8,11,0
190828,49,502584,3,7,2,4,0,0,1,1,0,143,0.033333333,0,0,0,0,0,0,0,0,0,0,5,7,0
190848,3,457932,1,3,1,2,0,0,0,1,0,21,0.033333333,0,0,0,0,0,0,0,0,0,0,3,3,0
190850,111,457932,1,111,14,30,13,20,10,15,10,21,0.066666667,0,0,0,0,0,0,0,0,0,0,22,18,0
190863,29,457932,1,29,3,11,3,8,0,6,4,21,0.066666667,0,0,0,0,0,0,0,0,0,0,13,15,14
190868,19,261579,3,1,1,0,0,0,0,0,0,5,0.033333333,0,0,0,0,0,0,0,0,0,0,1,1,0
190884,2,110497,2,1,1,0,0,0,0,0,0,24,0.033333333,0,0,0,0,0,0,0,0,0,0,1,1,0
190885,22,457932,2,17,1,5,4,4,0,4,3,21,0.033333333,0,0,0,0,0,0,0,0,0,0,10,17,0
190886,127,457932,2,73,11,49,7,2,0,40,2,21,0.033333333,0,0,0,0,0,0,0,0,0,0,22,73,0
190898,133,457932,1,133,18,52,0,44,7,35,0,21,0.033333333,0,0,0,0,0,0,0,0,0,0,17,133,0
190914,7,399092,5,1,1,0,0,0,0,0,0,101,0.033333333,0,0,0,0,0,0,0,0,0,0,1,1,0
190916,92,457932,3,11,1,3,3,2,0,2,1,21,0.033333333,0,0,0,0,0,0,0,0,0,0,6,11,0
190920,199,457932,4,21,1,8,1,6,0,7,5,21,0.033333333,0,0,0,0,0,0,0,0,0,0,14,21,0
190921,34,457932,3,31,2,23,4,1,0,16,1,21,0.033333333,0,0,0,0,0,0,0,0,0,0,13,31,0
190922,56,346877,2,19,3,8,0,5,0,3,3,9,0.033333333,0,0,0,0,0,0,0,0,0,0,7,19,0
190923,116,110497,3,42,7,12,3,10,0,19,0,24,0.033333333,0,0,0,0,0,0,0,0,0,0,16,42,0
190931,6,261579,2,1,1,0,0,0,0,0,0,5,0.033333333,0,0,0,0,0,0,0,0,0,0,1,1,0
190949,31,502584,1,31,4,9,0,7,0,10,6,143,0.066666667,0,0,0,0,0,0,0,0,0,0,9,13,18
190957,51,457932,1,51,9,21,16,1,0,14,0,21,0.033333333,0,0,0,0,0,0,0,0,0,0,24,51,0
190963,363,346877,2,4,4,0,0,0,0,0,0,9,0.033333333,0,0,0,0,0,0,0,0,0,0,2,4,0
190966,23,457932,1,23,6,4,3,4,1,4,3,21,0.033333333,0,0,0,0,0,0,0,0,0,0,12,23,0
190981,481,399092,4,14,1,7,0,6,0,6,0,101,0.033333333,0,0,0,0,0,0,0,0,0,0,7,14,0
190985,28,457932,2,27,3,8,6,6,0,5,3,21,0.033333333,0,0,0,0,0,0,0,0,0,0,12,27,0
191006,12,85168,1,12,2,4,0,1,1,4,1,139,0.033333333,0,0,0,0,0,0,0,0,0,0,5,12,0
191011,48,457932,2,16,1,6,0,5,0,5,4,21,0.033333333,0,0,0,0,0,0,0,0,0,0,11,16,0
191024,53,457932,2,1,1,0,0,0,0,0,0,21,0.033333333,0,0,0,0,0,0,0,0,0,0,1,1,0
191036,1,110497,1,1,1,0,0,0,0,0,0,24,0.033333333,0,0,0,0,0,0,0,0,0,0,1,1,0
191038,1,127749,1,1,1,0,0,0,0,0,0,102,0.033333333,0,0,0,0,0,0,0,0,0,0,1,1,0
191044,378,110497,5,1,1,0,0,0,0,0,0,24,0.033333333,0,0,0,0,0,0,0,0,0,0,1,1,0
191050,69,346877,2,54,6,5,16,5,7,13,3,9,0.033333333,0,0,0,0,0,0,0,0,0,0,15,54,0
191061,23,457932,1,23,6,4,4,3,0,5,2,21,0.033333333,0,0,0,0,0,0,0,0,0,0,13,23,0
191062,84,457932,1,84,16,20,9,15,4,14,10,21,0.033333333,0,0,0,0,0,0,0,0,0,0,24,84,0
191066,12,457932,1,12,3,3,0,3,0,3,3,21,0.033333333,0,0,0,0,0,0,0,0,0,0,10,12,0
191077,1,247683,1,1,1,0,0,0,0,0,0,23,0.033333333,0,0,0,0,0,0,0,0,0,0,1,1,0
191078,180,346877,2,1,1,0,0,0,0,0,0,9,0.033333333,0,0,0,0,0,0,0,0,0,0,1,1,0
191082,22,457932,1,22,4,6,4,4,0,3,2,21,0.066666667,0,0,0,0,0,0,0,0,0,0,11,21,1
191090,21,457932,1,21,3,5,3,5,1,5,4,21,0.033333333,0,0,0,0,0,0,0,0,0,0,13,21,0
191104,29,457932,2,27,3,12,4,5,1,7,2,21,0.033333333,0,0,0,0,0,0,0,0,0,0,11,27,0
191109,66,457932,1,66,17,27,13,0,6,18,0,21,0.033333333,0,0,0,0,0,0,0,0,0,0,24,66,0
191114,2,457932,1,2,2,0,0,0,0,0,0,21,0.033333333,0,0,0,0,0,0,0,0,0,0,2,2,0
191131,2,127749,1,2,2,0,0,0,0,0,0,102,0.033333333,0,0,0,0,0,0,0,0,0,0,1,2,0
191133,17,110497,1,17,4,8,0,2,1,5,2,24,0.066666667,0,0,0,7,0,0,0,0,0,0,10,17,0
191139,19,457932,2,11,5,2,1,1,0,1,0,21,0.033333333,0,0,0,0,0,0,0,0,0,0,8,11,0
191143,39,85576,2,6,2,2,0,1,0,1,1,54,0.033333333,0,0,0,0,0,0,0,0,0,0,5,6,0
191144,49,457932,2,27,3,9,2,7,0,7,5,21,0.033333333,0,0,0,0,0,0,0,0,0,0,12,27,0
191152,2,457932,1,2,2,0,0,0,0,0,0,21,0.033333333,0,0,0,0,0,0,0,0,0,0,2,2,0
191153,8,261579,2,6,3,1,0,1,0,1,1,5,0.033333333,0,0,0,0,0,0,0,0,0,0,6,6,0
191154,28,502584,1,28,3,7,0,4,2,8,2,143,0.033333333,0,0,0,0,0,0,0,0,0,0,6,28,0
191157,4,457932,1,4,1,3,0,0,0,2,0,21,0.033333333,0,0,0,0,0,0,0,0,0,0,3,4,0
191165,126,85576,4,2,2,0,0,0,0,0,0,54,0.033333333,0,0,0,0,0,0,0,0,0,0,2,2,0
191178,98,457932,2,8,1,3,1,1,0,4,0,21,0.033333333,0,0,0,0,0,0,0,0,0,0,4,8,0
191199,11,457932,1,11,1,3,5,1,0,2,0,21,0.033333333,0,0,0,0,0,0,0,0,0,0,5,11,0
191214,6,399092,1,6,3,3,0,0,0,2,0,101,0.066666667,0,0,0,0,0,0,0,0,0,0,4,6,0
191232,585,27035,18,1,1,0,0,0,0,0,0,60,0.033333333,0,0,0,0,0,0,0,0,0,0,1,1,0
191233,25,457932,1,25,4,7,3,5,0,6,3,21,0.066666667,0,0,0,0,0,0,0,0,0,0,10,11,14
191234,67,457932,1,67,4,17,15,15,0,17,13,21,0.033333333,0,0,0,0,0,0,0,0,0,0,28,67,0
191239,27,457932,1,27,6,6,5,4,0,7,1,21,0.033333333,0,0,0,0,0,0,0,0,0,0,10,27,0
191244,4,457932,1,4,3,0,0,0,0,0,0,21,0.033333333,0,0,0,0,0,0,0,0,0,0,4,4,0
191259,99,399092,2,23,2,9,0,8,0,8,4,101,0.033333333,0,0,0,0,0,0,0,0,0,0,15,23,0
191264,1,457932,1,1,1,0,0,0,0,0,0,21,0.033333333,0,0,0,0,0,0,0,0,0,0,1,1,0
191266,9,346877,1,9,2,5,0,1,0,5,1,9,0.033333333,0,0,0,0,0,0,0,0,0,0,8,9,0
191274,10,502584,3,6,2,2,0,1,0,1,1,143,0.033333333,0,0,0,0,0,0,0,0,0,0,5,6,0
191288,16,457932,1,16,2,6,3,3,0,5,2,21,0.033333333,0,0,0,0,0,0,0,0,0,0,9,16,0
191296,43,346877,6,1,1,0,0,0,0,0,0,9,0.033333333,0,0,0,0,0,0,0,0,0,0,1,1,0
191300,43,42723,6,1,1,0,0,0,0,0,0,6,0.033333333,0,0,0,0,0,0,0,0,0,0,1,1,0
191319,2,399092,1,2,2,0,0,0,0,0,0,101,0.033333333,0,0,0,0,0,0,0,0,0,0,1,2,0
191327,58,457932,2,16,2,5,3,3,0,5,1,21,0.033333333,0,0,0,0,0,0,0,0,0,0,7,16,0
191339,46,24979,2,6,3,1,0,1,0,1,1,25,0.033333333,0,0,0,0,0,0,0,0,0,0,6,6,0
191343,12,457932,1,12,1,3,4,2,0,2,1,21,0.033333333,0,0,0,0,0,0,0,0,0,0,6,12,0
191356,191,110497,5,6,2,4,0,0,0,3,0,24,0.033333333,0,0,0,0,0,0,0,0,0,0,5,6,0
191357,685,27035,12,1,1,0,0,0,0,0,0,60,0.033333333,0,0,0,0,0,0,0,0,0,0,1,1,0
191368,1,42723,1,1,1,0,0,0,0,0,0,6,0.033333333,0,0,0,0,0,0,0,0,0,0,1,1,0
191375,22,457932,4,2,2,0,0,0,0,0,0,21,0.033333333,0,0,0,0,0,0,0,0,0,0,2,2,0
191388,102,27035,4,12,2,4,0,3,0,3,3,60,0.033333333,0,0,0,0,0,0,0,0,0,0,9,12,0
191393,53,457932,2,48,2,13,15,10,0,10,7,21,0.066666667,0,0,0,0,0,0,0,0,0,0,19,18,30
191404,17,247683,2,10,3,3,0,3,0,2,1,23,0.033333333,0,0,0,0,0,0,0,0,0,0,5,10,0
191417,21,457932,1,21,6,5,2,4,0,4,3,21,0.033333333,0,0,0,0,0,0,0,0,0,0,13,21,0
191419,6,85576,1,6,3,1,0,1,0,1,1,54,0.033333333,0,0,0,0,0,0,0,0,0,0,6,6,0
191425,53,110497,3,9,2,3,0,2,0,2,2,24,0.033333333,0,0,0,0,0,0,0,0,0,0,7,9,0
191431,51,502584,1,51,2,6,6,3,0,31,3,143,0.033333333,0,0,0,0,0,0,0,0,0,0,8,51,0
191466,300,247683,3,1,1,0,0,0,0,0,0,23,0.033333333,0,0,0,0,0,0,0,0,0,0,1,1,0
191473,2,399092,1,2,2,0,0,0,0,0,0,101,0.033333333,0,0,0,0,0,0,0,0,0,0,2,2,0
191491,18,261579,3,8,2,4,0,1,0,3,1,5,0.033333333,0,0,0,0,0,0,0,0,0,0,7,8,0
191494,189,247683,4,1,1,0,0,0,0,0,0,23,0.033333333,0,0,0,0,0,0,0,0,0,0,1,1,0
191525,11,457932,1,11,3,3,3,1,0,2,1,21,0.033333333,0,0,0,0,0,0,0,0,0,0,7,11,0
191527,3,457932,2,2,2,0,0,0,0,0,0,21,0.033333333,0,0,0,0,0,0,0,0,0,0,2,2,0
191531,9,346877,1,9,2,3,0,2,0,2,2,9,0.033333333,0,0,0,0,0,0,0,0,0,0,7,9,0
191532,19,457932,1,19,4,9,3,1,0,6,1,21,0.033333333,0,0,0,0,0,0,0,0,0,0,13,19,0
191535,62,188602,5,6,1,3,0,1,0,2,1,96,0.033333333,0,0,0,0,0,0,0,0,0,0,4,6,0
191544,11,399092,1,11,7,2,0,1,0,1,0,101,0.066666667,0,0,0,0,0,0,0,0,0,0,6,10,1
191545,62,346877,5,11,2,5,0,2,0,4,2,9,0.033333333,0,0,0,0,0,0,0,0,0,0,7,11,0
191548,22,457932,1,22,6,13,0,2,0,9,0,21,0.033333333,0,0,0,0,0,0,0,0,0,0,14,22,0
191552,126,399092,2,18,7,3,0,2,0,4,1,101,0.066666667,0,0,0,0,0,0,0,0,0,0,7,4,14
191562,299,85576,4,95,16,17,42,7,0,20,7,54,0.066666667,0,0,0,0,0,0,0,0,0,0,10,27,68
191578,1,346877,1,1,1,0,0,0,0,0,0,9,0.033333333,0,0,0,0,0,0,0,0,0,0,1,1,0
191591,15,346877,2,14,4,7,0,2,0,4,1,9,0.033333333,0,0,0,0,0,0,0,0,0,0,8,14,0
191592,7,502584,3,1,1,0,0,0,0,0,0,143,0.033333333,0,0,0,0,0,0,0,0,0,0,1,1,0
191593,16,110497,1,16,8,4,0,1,1,5,0,24,0.033333333,0,0,0,0,0,0,0,0,0,0,9,16,0
191598,5,346877,1,5,4,1,0,0,0,1,0,9,0.033333333,0,0,0,0,0,0,0,0,0,0,4,5,0
191642,12,457932,1,12,2,6,2,1,0,5,1,21,0.033333333,0,0,0,0,0,0,0,0,0,0,10,12,0
191669,300,457932,3,8,4,2,0,1,0,2,1,21,0.033333333,0,0,0,0,0,0,0,0,0,0,7,8,0
191672,21,110497,2,1,1,0,0,0,0,0,0,24,0.033333333,0,0,0,0,0,0,0,0,0,0,1,1,0
191676,530,261579,5,1,1,0,0,0,0,0,0,5,0.033333333,0,0,0,0,0,0,0,0,0,0,1,1,0
191677,74,247683,3,46,4,16,5,13,1,12,7,23,0.033333333,0,0,0,0,0,0,0,0,0,0,24,46,0
191681,14,346877,2,5,1,2,0,1,0,1,1,9,0.033333333,0,0,0,0,0,0,0,0,0,0,4,5,0
191694,21,127749,2,1,1,0,0,0,0,0,0,102,0.033333333,0,0,0,0,0,0,0,0,0,0,1,1,0
191697,387,261579,2,34,2,17,0,9,0,11,6,5,0.033333333,0,0,0,0,0,0,0,0,0,0,15,34,0
191713,20,457932,1,20,1,6,3,5,0,6,4,21,0.033333333,0,0,0,0,0,0,0,0,0,0,12,20,0
191745,520,457932,7,18,3,4,4,3,1,3,2,21,0.033333333,0,0,0,0,0,0,0,0,0,0,9,18,0
191765,12,42723,1,12,4,3,0,2,0,2,2,6,0.033333333,0,0,0,0,0,0,0,0,0,0,7,12,0
191767,17,457932,1,17,7,6,0,1,1,5,1,21,0.033333333,0,0,0,0,0,0,0,0,0,0,11,17,0
191798,5,127749,3,1,1,0,0,0,0,0,0,102,0.033333333,0,0,0,0,0,0,0,0,0,0,1,1,0
191811,1062,27035,7,5,1,2,0,1,0,1,1,60,0.033333333,0,0,0,0,0,0,0,0,0,0,4,5,0
191812,1,346877,1,1,1,0,0,0,0,0,0,9,0.033333333,0,0,0,0,0,0,0,0,0,0,1,1,0
191821,4,86829,1,4,1,2,0,1,0,0,0,63,0.033333333,0,0,0,0,0,0,0,0,0,0,3,4,0
191824,316,247683,8,8,4,3,0,1,0,2,0,23,0.033333333,0,0,0,0,0,0,0,0,0,0,6,8,0
191841,22,399092,2,9,2,4,0,2,0,3,1,101,0.033333333,0,0,0,0,0,0,0,0,0,0,6,9,0
191871,1498,27035,5,82,5,19,0,18,0,34,10,60,0.033333333,0,0,0,0,0,0,0,0,0,0,18,82,0
191874,17,457932,1,17,2,5,0,5,0,5,5,21,0.033333333,0,0,0,0,0,0,0,0,0,0,11,17,0
191898,6,27035,2,4,2,2,0,0,0,1,0,60,0.033333333,0,0,0,0,0,0,0,0,0,0,4,4,0
191921,17,457932,1,17,1,4,5,3,0,3,2,21,0.033333333,0,0,0,0,0,0,0,0,0,0,8,17,0
191954,28,457932,1,28,3,7,5,6,0,6,5,21,0.033333333,0,0,0,0,0,0,0,0,0,0,15,28,0
191958,28,261579,5,1,1,0,0,0,0,0,0,5,0.033333333,0,0,0,0,0,0,0,0,0,0,1,1,0
191960,6,261579,1,6,3,1,0,1,0,1,1,5,0.033333333,0,0,0,0,0,0,0,0,0,0,6,6,0
191967,15,457932,1,15,2,4,4,3,0,3,1,21,0.033333333,0,0,0,0,0,0,0,0,0,0,8,15,0
191970,48,85576,2,13,3,3,0,2,0,4,2,54,0.033333333,0,0,0,0,0,0,0,0,0,0,7,13,0
191973,17,399092,2,1,1,0,0,0,0,0,0,101,0.033333333,0,0,0,0,0,0,0,0,0,0,1,1,0
191979,268,457932,3,67,2,26,6,19,0,23,14,21,0.033333333,0,0,0,0,0,0,0,0,0,0,20,67,0
191981,13,346877,1,13,3,5,0,3,0,2,2,9,0.066666667,0,0,0,0,0,0,0,0,0,0,6,6,0
191992,9,346877,1,9,3,6,0,0,0,2,0,9,0.033333333,0,0,0,0,0,0,0,0,0,0,4,9,0
191998,13,188602,1,13,5,4,0,2,0,3,2,96,0.033333333,0,0,0,0,0,0,0,0,0,0,9,13,0
192023,9,261579,1,9,2,5,0,1,0,4,1,5,0.033333333,0,0,0,0,0,0,0,0,0,0,8,9,0
192058,34,85576,2,28,5,19,0,0,0,11,0,54,0.033333333,0,0,0,0,0,0,0,0,0,0,6,28,0
192067,18,457932,1,18,7,6,3,1,0,2,0,21,0.033333333,0,0,0,0,0,0,0,0,0,0,8,18,0
192069,211,457932,6,2,2,0,0,0,0,0,0,21,0.033333333,0,0,0,0,0,0,0,0,0,0,2,2,0
192083,2,457932,1,2,2,0,0,0,0,0,0,21,0.033333333,0,0,0,0,0,0,0,0,0,0,1,2,0
192084,15,457932,3,1,1,0,0,0,0,0,0,21,0.033333333,0,0,0,0,0,0,0,0,0,0,1,1,0
192089,1385,188602,9,8,1,3,0,2,0,2,2,96,0.033333333,0,0,0,0,0,0,0,0,0,0,6,8,0
192090,15,457932,1,15,2,4,2,3,0,4,2,21,0.033333333,0,0,0,0,0,0,0,0,0,0,9,15,0
192102,31,42723,2,4,1,3,0,0,0,2,0,6,0.033333333,0,0,0,0,0,0,0,0,0,0,4,4,0
192152,25,247683,3,5,2,2,0,0,0,1,1,23,0.033333333,0,0,0,0,0,0,0,0,0,0,5,5,0
192165,2,457932,1,2,2,0,0,0,0,0,0,21,0.033333333,0,0,0,0,0,0,0,0,0,0,2,2,0
192172,4,502584,2,1,1,0,0,0,0,0,0,143,0.033333333,0,0,0,0,0,0,0,0,0,0,1,1,0
192186,4,346877,1,4,2,2,0,0,0,1,0,9,0.033333333,0,0,0,0,0,0,0,0,0,0,4,4,0
192188,59,457932,2,18,2,7,3,4,0,4,1,21,0.033333333,0,0,0,0,0,0,0,0,0,0,8,18,0
192199,22,457932,1,22,5,6,4,4,0,3,2,21,0.033333333,0,0,0,0,0,0,0,0,0,0,11,22,0
192200,36,457932,1,36,5,10,3,9,0,9,8,21,0.033333333,0,0,0,0,0,0,0,0,0,0,13,36,0
192205,2,110497,1,2,2,0,0,0,0,0,0,24,0.033333333,0,0,0,0,0,0,0,0,0,0,2,2,0
192209,14,346877,2,7,3,2,0,1,0,1,1,9,0.033333333,0,0,0,0,0,0,0,0,0,0,5,7,0
192216,6,346877,1,6,2,3,0,0,0,2,1,9,0.033333333,0,0,0,0,0,0,0,0,0,0,6,6,0
192220,238,247683,4,5,1,4,0,0,0,3,0,23,0.033333333,0,0,0,0,0,0,0,0,0,0,5,5,0
192233,260,346877,6,12,2,7,0,1,0,7,1,9,0.033333333,0,0,0,0,0,0,0,0,0,0,8,12,0
192237,20,457932,2,12,9,2,0,1,0,1,0,21,0.033333333,0,0,0,0,0,0,0,0,0,0,5,12,0
192248,170,85576,3,60,6,18,16,9,1,16,5,54,0.066666667,0,0,0,0,0,0,0,0,0,0,11,26,34
192253,1,86829,1,1,1,0,0,0,0,0,0,63,0.033333333,0,0,0,0,0,0,0,0,0,0,1,1,0
192268,1,247683,1,1,1,0,0,0,0,0,0,23,0.033333333,0,0,0,0,0,0,0,0,0,0,1,1,0
192290,1069,110497,4,13,4,5,0,3,0,1,1,24,0.066666667,0,0,0,0,0,0,0,0,0,0,6,10,3
192295,83,110497,3,11,5,2,0,1,0,2,1,24,0.033333333,0,0,0,0,0,0,0,0,0,0,8,11,0
192298,13,457932,1,13,2,3,4,2,0,2,1,21,0.033333333,0,0,0,0,0,0,0,0,0,0,7,13,0
192306,96,127749,7,1,1,0,0,0,0,0,0,102,0.033333333,0,0,0,0,0,0,0,0,0,0,1,1,0
192307,20,247683,1,20,8,3,2,3,1,3,2,23,0.033333333,0,0,0,0,0,0,0,0,0,0,12,20,0
192311,235,502584,3,12,8,1,0,1,0,1,1,143,0.033333333,0,0,0,0,0,0,0,0,0,0,8,12,0
192313,12,457932,1,12,1,4,3,2,0,3,1,21,0.033333333,0,0,0,0,0,0,0,0,0,0,7,12,0
192346,168,247683,3,1,1,0,0,0,0,0,0,23,0.033333333,0,0,0,0,0,0,0,0,0,0,1,1,0
192349,80,247683,3,1,1,0,0,0,0,0,0,23,0.033333333,0,0,0,0,0,0,0,0,0,0,1,1,0
192363,85,457932,2,74,8,18,8,15,8,16,9,21,0.066666667,0,0,0,0,0,0,0,0,0,0,28,73,1
192375,1,261579,1,1,1,0,0,0,0,0,0,5,0.033333333,0,0,0,0,0,0,0,0,0,0,1,1,0
192385,48,457932,1,48,13,16,5,1,7,12,1,21,0.033333333,0,0,0,0,0,0,0,0,0,0,16,48,0
192393,22,457932,1,22,2,10,2,5,0,7,3,21,0.033333333,0,0,0,0,0,0,0,0,0,0,11,22,0
192397,2,188602,2,1,1,0,0,0,0,0,0,96,0.033333333,0,0,0,0,0,0,0,0,0,0,1,1,0
192399,18,247683,1,18,8,4,0,3,0,3,2,23,0.033333333,0,0,0,0,0,0,0,0,0,0,10,18,0
192400,74,457932,2,54,7,16,4,13,1,10,9,21,0.066666667,0,0,0,0,0,0,0,0,0,0,25,46,8
192404,4,127749,3,2,2,0,0,0,0,0,0,102,0.033333333,0,0,0,0,0,0,0,0,0,0,1,2,0
192410,2,399092,2,1,1,0,0,0,0,0,0,101,0.033333333,0,0,0,0,0,0,0,0,0,0,1,1,0
192450,1,346877,1,1,1,0,0,0,0,0,0,9,0.033333333,0,0,0,0,0,0,0,0,0,0,1,1,0
192453,45,457932,2,31,1,10,5,9,0,9,6,21,0.033333333,0,0,0,0,0,0,0,0,0,0,18,31,0
192455,4,110497,2,2,2,0,0,0,0,0,0,24,0.033333333,0,0,0,0,0,0,0,0,0,0,2,2,0
192469,2,457932,1,2,2,0,0,0,0,0,0,21,0.033333333,0,0,0,0,0,0,0,0,0,0,2,2,0
192470,147,110497,12,1,1,0,0,0,0,0,0,24,0.033333333,0,0,0,0,0,0,0,0,0,0,1,1,0
192475,2,261579,2,1,1,0,0,0,0,0,0,5,0.033333333,0,0,0,0,0,0,0,0,0,0,1,1,0
192477,35,457932,3,16,2,4,4,3,0,3,2,21,0.033333333,0,0,0,0,0,0,0,0,0,0,9,16,0
192488,8,261579,1,8,4,3,0,1,0,2,0,5,0.033333333,0,0,0,0,0,0,0,0,0,0,4,8,0
192490,69,261579,2,1,1,0,0,0,0,0,0,5,0.033333333,0,0,0,0,0,0,0,0,0,0,1,1,0
192492,156,261579,2,1,1,0,0,0,0,0,0,5,0.033333333,0,0,0,0,0,0,0,0,0,0,1,1,0
192501,13,261579,4,1,1,0,0,0,0,0,0,5,0.033333333,0,0,0,0,0,0,0,0,0,0,1,1,0
192507,6,261579,1,6,2,2,0,1,0,1,1,5,0.033333333,0,0,0,0,0,0,0,0,0,0,5,6,0
192509,122,261579,2,24,4,8,0,6,0,8,6,5,0.033333333,0,0,0,0,0,0,0,0,0,0,15,24,0
192523,6,261579,1,6,2,2,0,1,0,1,1,5,0.033333333,0,0,0,0,0,0,0,0,0,0,5,6,0
192536,9,261579,1,9,4,2,0,0,0,3,0,5,0.033333333,0,0,0,0,0,0,0,0,0,0,6,9,0
192541,2,261579,1,2,2,0,0,0,0,0,0,5,0.033333333,0,0,0,0,0,0,0,0,0,0,2,2,0
192548,1212,261579,13,3,3,0,0,0,0,0,0,5,0.033333333,0,0,0,0,0,0,0,0,0,0,1,3,0
192552,23,261579,1,23,2,7,0,6,0,8,6,5,0.033333333,0,0,0,0,0,0,0,0,0,0,9,23,0
192562,895,261579,8,12,3,5,0,3,0,2,1,5,0.033333333,0,0,0,0,0,0,0,0,0,0,6,12,0
192566,6,261579,1,6,2,2,0,1,0,1,1,5,0.033333333,0,0,0,0,0,0,0,0,0,0,5,6,0
192572,381,261579,4,1,1,0,0,0,0,0,0,5,0.033333333,0,0,0,0,0,0,0,0,0,0,1,1,0
192579,130,261579,3,8,2,2,0,1,1,1,1,5,0.033333333,0,0,0,0,0,0,0,0,0,0,5,8,0
192586,74,261579,5,1,1,0,0,0,0,0,0,5,0.033333333,0,0,0,0,0,0,0,0,0,0,1,1,0
192588,3,261579,1,3,2,0,0,0,1,0,0,5,0.033333333,0,0,0,0,0,0,0,0,0,0,3,3,0
192599,1088,261579,12,2,2,0,0,0,0,0,0,5,0.066666667,0,0,0,0,0,0,0,0,0,0,1,1,0
192610,51,652701,3,27,2,12,0,7,0,11,6,3,0.033333333,0,0,0,0,27,0,0,0,0,0,12,27,0
192618,162,148039,2,30,9,8,0,5,3,5,4,18,0.033333333,0,0,0,0,0,30,0,0,0,0,15,30,0
192620,26,652701,3,16,3,6,0,4,0,2,2,3,0.066666667,0,0,0,0,10,0,0,0,0,0,10,6,0
192621,13,148039,1,13,5,3,0,2,0,2,2,18,0.033333333,0,0,0,0,0,13,0,0,0,0,8,13,0
192626,2172,41550,5,1,1,0,0,0,0,0,0,21,0.033333333,0,0,0,0,0,0,0,0,0,0,1,1,0
192627,2,652701,1,2,2,0,0,0,0,0,0,3,0.033333333,0,0,0,0,2,0,0,0,0,0,1,2,0
192628,10,652701,1,10,3,3,0,2,0,2,2,3,0.033333333,0,0,0,0,10,0,0,0,0,0,5,10,0
192632,1,652701,1,1,1,0,0,0,0,0,0,3,0.033333333,0,0,0,0,1,0,0,0,0,0,1,1,0
192657,7,652701,1,7,4,3,0,0,0,2,0,3,0.033333333,0,0,0,0,7,0,0,0,0,0,6,7,0
192660,120,652701,4,39,8,8,0,7,11,8,3,3,0.033333333,0,0,0,0,39,0,0,0,0,0,13,39,0
192675,12,652701,1,12,2,6,0,2,0,5,2,3,0.033333333,0,0,0,0,12,0,0,0,0,0,8,12,0
192677,14,41550,1,14,1,7,0,6,0,6,0,21,0.033333333,0,0,0,0,0,0,0,0,0,0,6,14,0
192685,84,148039,6,8,6,2,0,0,0,1,0,18,0.033333333,0,0,0,0,0,8,0,0,0,0,5,8,0
192686,96,652701,5,1,1,0,0,0,0,0,0,3,0.033333333,0,0,0,0,1,0,0,0,0,0,1,1,0
192688,14,652701,1,14,8,2,0,1,1,1,1,3,0.033333333,0,0,0,0,14,0,0,0,0,0,8,14,0
192708,31,41550,1,31,5,6,0,5,4,10,1,21,0.033333333,0,0,0,0,0,0,0,0,0,0,11,31,0
192739,507,148039,2,1,1,0,0,0,0,0,0,18,0.033333333,0,0,0,0,0,1,0,0,0,0,1,1,0
192755,324,41550,3,1,1,0,0,0,0,0,0,21,0.033333333,0,0,0,0,0,0,0,0,0,0,1,1,0
192760,12,148039,1,12,4,3,0,3,0,3,2,18,0.033333333,0,0,0,0,0,12,0,0,0,0,9,12,0
192767,15,148039,1,15,2,5,0,3,2,4,3,18,0.033333333,0,0,0,0,0,15,0,0,0,0,7,15,0
192773,1,148039,1,1,1,0,0,0,0,0,0,18,0.033333333,0,0,0,0,0,1,0,0,0,0,1,1,0
192785,25,652701,1,25,2,8,0,7,1,7,6,3,0.033333333,0,0,0,0,25,0,0,0,0,0,16,25,0
192797,17,652701,1,17,1,9,0,4,0,8,3,3,0.033333333,0,0,0,0,17,0,0,0,0,0,8,17,0
192814,6,652701,1,6,2,2,0,1,0,1,1,3,0.033333333,0,0,0,0,6,0,0,0,0,0,5,6,0
192826,15,221833,2,8,4,2,0,1,0,1,1,58,0.033333333,0,0,0,0,8,0,0,0,0,0,5,8,0
192837,2,652701,1,2,2,0,0,0,0,0,0,3,0.033333333,0,0,0,0,0,2,0,0,0,0,2,2,0
192852,33,652701,1,33,4,11,0,9,1,8,8,3,0.033333333,0,0,0,0,0,33,0,0,0,0,14,33,0
192889,14,652701,1,14,2,5,0,4,0,4,3,3,0.033333333,0,0,0,0,0,14,0,0,0,0,10,14,0
192953,5,148039,1,5,2,2,0,0,0,1,1,18,0.033333333,0,0,0,0,0,0,5,0,0,0,5,5,0
192954,230,221833,2,38,2,12,0,10,0,16,6,58,0.033333333,0,0,0,0,0,38,0,0,0,0,16,38,0
192960,1,41550,1,1,1,0,0,0,0,0,0,21,0.033333333,0,0,0,0,0,0,0,0,0,0,1,1,0
192965,10,652701,1,10,3,3,0,2,0,2,2,3,0.033333333,0,0,0,0,0,10,0,0,0,0,8,10,0
192976,2,652701,1,2,2,0,0,0,0,0,0,3,0.033333333,0,0,0,0,0,2,0,0,0,0,2,2,0
192982,26,652701,1,26,4,8,0,7,0,7,7,3,0.033333333,0,0,0,0,0,26,0,0,0,0,17,26,0
192993,490,41550,2,7,3,3,0,1,0,2,0,21,0.033333333,0,0,0,0,0,0,0,0,0,0,4,7,0
192997,42,652701,1,42,6,22,0,9,0,13,5,3,0.033333333,0,0,0,0,0,42,0,0,0,0,13,42,0
193024,4,221833,1,4,4,0,0,0,0,0,0,58,0.033333333,0,0,0,0,0,4,0,0,0,0,2,4,0
193026,5,652701,1,5,1,2,0,1,0,1,1,3,0.033333333,0,0,0,0,0,0,5,0,0,0,4,5,0
193032,7,502584,2,1,1,0,0,0,0,0,0,143,0.033333333,0,0,0,0,0,0,0,0,0,0,1,1,0
193034,1385,24979,9,22,1,3,0,1,16,2,1,25,0.033333333,0,0,0,0,0,0,0,0,0,0,5,22,0
193038,18,261579,1,18,8,7,0,1,0,2,0,5,0.033333333,0,0,0,0,0,0,0,0,0,0,8,18,0
193048,2,261579,1,2,2,0,0,0,0,0,0,5,0.033333333,0,0,0,0,0,0,0,0,0,0,2,2,0
193054,4,399092,1,4,4,0,0,0,0,0,0,101,0.033333333,0,0,0,0,0,0,0,0,0,0,2,4,0
193068,32,399092,2,18,5,7,0,5,0,5,0,101,0.033333333,0,0,0,0,0,0,0,0,0,0,7,18,0
193070,68,502584,1,68,5,13,15,11,1,20,9,143,0.033333333,0,0,0,0,0,0,0,0,0,0,18,68,0
193074,4,399092,1,4,4,0,0,0,0,0,0,101,0.033333333,0,0,0,0,0,0,0,0,0,0,2,4,0
193078,9,261579,1,9,2,3,0,2,0,2,2,5,0.033333333,0,0,0,0,0,0,0,0,0,0,7,9,0
193085,47,502584,1,47,2,12,13,1,1,23,1,143,0.033333333,0,0,0,0,0,0,0,0,0,0,10,47,0
193097,5,261579,1,5,1,2,0,1,0,1,1,5,0.033333333,0,0,0,0,0,0,0,0,0,0,4,5,0
193106,16,399092,1,16,3,5,0,4,0,5,2,101,0.033333333,0,0,0,0,0,0,0,0,0,0,7,16,0
193112,60,261579,3,1,1,0,0,0,0,0,0,5,0.033333333,0,0,0,0,0,0,0,0,0,0,1,1,0
193120,3,399092,1,3,3,0,0,0,0,0,0,101,0.033333333,0,0,0,0,0,0,0,0,0,0,2,3,0
193131,4,399092,1,4,3,1,0,0,0,1,0,101,0.033333333,0,0,0,0,0,0,0,0,0,0,4,4,0
193132,2,261579,1,2,2,0,0,0,0,0,0,5,0.033333333,0,0,0,0,0,0,0,0,0,0,2,2,0
193135,10,502584,1,10,5,2,0,1,0,1,1,143,0.033333333,0,0,0,0,0,0,0,0,0,0,7,10,0
193147,17,261579,1,17,4,5,0,2,0,4,2,5,0.033333333,0,0,0,0,0,0,0,0,0,0,7,17,0
193154,8,502584,1,8,1,3,0,2,0,2,2,143,0.033333333,0,0,0,0,0,0,0,0,0,0,4,8,0
193158,4,502584,2,3,2,0,0,0,1,0,0,143,0.033333333,0,0,0,0,0,0,0,0,0,0,3,3,0
193164,1,502584,1,1,1,0,0,0,0,0,0,143,0.033333333,0,0,0,0,0,0,0,0,0,0,1,1,0
193167,29,399092,4,5,2,2,0,1,0,1,0,101,0.033333333,0,0,0,0,0,0,0,0,0,0,4,5,0
193170,28,261579,1,28,7,19,0,0,0,17,0,5,0.033333333,0,0,0,0,0,0,0,0,0,0,17,28,0
193175,21,24979,3,11,7,2,0,0,1,1,0,25,0.033333333,0,0,0,0,0,0,0,0,0,0,9,11,0
193180,2,399092,2,1,1,0,0,0,0,0,0,101,0.033333333,0,0,0,0,0,0,0,0,0,0,1,1,0
193205,5,502584,1,5,2,1,0,1,0,1,1,143,0.033333333,0,0,0,0,0,0,0,0,0,0,5,5,0
193229,917,399092,5,2,2,0,0,0,0,0,0,101,0.033333333,0,0,0,0,0,0,0,0,0,0,1,2,0
193231,1,399092,1,1,1,0,0,0,0,0,0,101,0.033333333,0,0,0,0,0,0,0,0,0,0,1,1,0
193234,7,502584,1,7,6,0,0,0,0,0,0,143,0.033333333,0,0,0,0,0,0,0,0,0,0,5,7,0
193249,2,261579,1,2,2,0,0,0,0,0,0,5,0.033333333,0,0,0,0,0,0,0,0,0,0,2,2,0
193253,111,399092,2,1,1,0,0,0,0,0,0,101,0.033333333,0,0,0,0,0,0,0,0,0,0,1,1,0
193270,6,261579,2,1,1,0,0,0,0,0,0,5,0.033333333,0,0,0,0,0,0,0,0,0,0,1,1,0
193278,3,261579,1,3,3,0,0,0,0,0,0,5,0.033333333,0,0,0,0,0,0,0,0,0,0,2,3,0
193285,22,502584,1,22,5,1,0,0,1,13,0,143,0.033333333,0,0,0,0,0,0,0,0,0,0,5,22,0
193296,23,261579,1,23,5,11,0,1,5,8,1,5,0.033333333,0,0,0,0,0,0,0,0,0,0,12,23,0
193299,2,261579,1,2,2,0,0,0,0,0,0,5,0.033333333,0,0,0,0,0,0,0,0,0,0,1,2,0
193307,5,399092,1,5,5,0,0,0,0,0,0,101,0.033333333,0,0,0,0,0,0,0,0,0,0,1,5,0
193317,261,502584,2,1,1,0,0,0,0,0,0,143,0.033333333,0,0,0,0,0,0,0,0,0,0,1,1,0
193322,1,261579,1,1,1,0,0,0,0,0,0,5,0.033333333,0,0,0,0,0,0,0,0,0,0,1,1,0
193329,6,399092,1,6,6,0,0,0,0,0,0,101,0.033333333,0,0,0,0,0,0,0,0,0,0,2,6,0
193333,246,261579,5,6,2,2,0,1,0,1,1,5,0.033333333,0,0,0,0,0,0,0,0,0,0,5,6,0
193337,37,261579,1,37,8,14,0,2,2,16,0,5,0.033333333,0,0,0,0,0,0,0,0,0,0,12,37,0
193340,1082,399092,4,1,1,0,0,0,0,0,0,101,0.033333333,0,0,0,0,0,0,0,0,0,0,1,1,0
193350,1081,24979,12,1,1,0,0,0,0,0,0,25,0.033333333,0,0,0,0,0,0,0,0,0,0,1,1,0
193376,261,399092,5,19,2,6,0,5,0,7,2,101,0.033333333,0,0,0,0,0,0,0,0,0,0,10,19,0
193383,50,261579,2,1,1,0,0,0,0,0,0,5,0.033333333,0,0,0,0,0,0,0,0,0,0,1,1,0
193389,1,21216,1,1,1,0,0,0,0,0,0,19,0.033333333,0,0,0,0,0,0,0,0,0,0,1,1,0
193394,19,148500,2,7,2,4,0,1,0,1,0,29,0.033333333,0,0,0,7,0,0,0,0,0,0,4,7,0
193397,5,21216,1,5,2,2,0,1,0,1,0,19,0.033333333,0,0,0,0,0,0,0,0,0,0,4,5,0
193427,22,21216,1,22,2,11,0,1,5,10,0,19,0.033333333,0,0,0,0,0,0,0,0,0,0,8,22,0
193428,1,21216,1,1,1,0,0,0,0,0,0,19,0.033333333,0,0,0,0,0,0,0,0,0,0,1,1,0
193433,42,21216,3,22,4,10,0,5,0,9,1,19,0.033333333,0,0,0,0,0,0,0,0,0,0,8,22,0
193447,9,21560,1,9,2,3,0,1,0,3,2,9,0.033333333,0,0,0,0,0,0,9,0,0,0,6,9,0
193462,51,334927,5,1,1,0,0,0,0,0,0,7,0.033333333,0,0,0,0,0,0,0,0,0,0,1,1,0
193475,37,85576,1,37,5,13,0,9,0,10,7,54,0.066666667,30,0,0,0,0,0,0,0,0,0,14,7,30
193505,29,334927,3,9,2,2,0,1,2,2,1,7,0.033333333,0,0,0,0,0,0,0,0,0,0,5,9,0
193511,370,140022,2,1,1,0,0,0,0,0,0,232,0.033333333,0,0,0,0,0,0,0,0,0,0,1,1,0
193522,15,334927,1,15,3,7,0,3,0,3,2,7,0.1,0,0,0,0,0,0,0,0,0,0,7,6,0
193523,34,260769,1,34,7,6,0,4,9,5,3,0,0.033333333,0,0,0,0,0,0,0,0,0,0,12,34,0
193525,47,260769,2,46,7,13,0,10,1,13,6,0,0.033333333,0,0,0,0,0,0,0,0,0,0,13,46,0
193548,26,334927,1,26,6,18,0,0,0,13,0,7,0.033333333,0,0,0,0,0,0,0,0,0,0,11,26,0
193550,1,188602,1,1,1,0,0,0,0,0,0,96,0.033333333,1,0,0,0,0,0,0,0,0,0,1,1,0
193562,2,334927,1,2,2,0,0,0,0,0,0,7,0.033333333,0,0,0,0,0,0,0,0,0,0,2,2,0
193587,50,250865,2,6,2,2,0,1,0,1,1,34,0.033333333,0,0,0,0,0,0,0,0,0,0,5,6,0
193589,23,188602,1,23,14,4,0,3,0,3,2,96,0.033333333,23,0,0,0,0,0,0,0,0,0,8,23,0
193593,66,110497,5,1,1,0,0,0,0,0,0,24,0.033333333,1,0,0,0,0,0,0,0,0,0,1,1,0
193595,18,110497,5,1,1,0,0,0,0,0,0,24,0.033333333,1,0,0,0,0,0,0,0,0,0,1,1,0
193597,7,878119,7,1,1,0,0,0,0,0,0,20,0.033333333,0,0,0,0,0,0,0,0,0,0,1,1,0
193600,1,878119,1,1,1,0,0,0,0,0,0,20,0.033333333,0,0,0,0,0,0,0,0,0,0,1,1,0
193604,1,250865,1,1,1,0,0,0,0,0,0,34,0.033333333,0,0,0,0,0,0,0,0,0,0,1,1,0
193611,2,502584,2,1,1,0,0,0,0,0,0,143,0.033333333,0,0,0,0,1,0,0,0,0,0,1,1,0
193616,1,878119,1,1,1,0,0,0,0,0,0,20,0.033333333,0,0,0,0,0,0,0,0,0,0,1,1,0
193617,1,878119,1,1,1,0,0,0,0,0,0,20,0.033333333,0,0,0,0,0,0,0,0,0,0,1,1,0
193625,1,878119,1,1,1,0,0,0,0,0,0,20,0.033333333,0,0,0,0,0,0,0,0,0,0,1,1,0
193635,19,127749,1,19,4,7,0,5,0,4,3,102,0.033333333,0,0,0,0,0,0,0,0,0,0,11,19,0
193641,7,502584,7,1,1,0,0,0,0,0,0,143,0.033333333,0,0,0,0,1,0,0,0,0,0,1,1,0
193650,1,878119,1,1,1,0,0,0,0,0,0,20,0.033333333,0,0,0,0,0,0,0,0,0,0,1,1,0
193677,1,457932,1,1,1,0,0,0,0,0,0,21,0.033333333,0,0,0,0,0,0,0,0,0,0,1,1,0
193680,2,878119,1,2,2,0,0,0,0,0,0,20,0.033333333,0,0,0,0,0,0,0,0,0,0,1,2,0
193681,1,878119,1,1,1,0,0,0,0,0,0,20,0.033333333,0,0,0,0,0,0,0,0,0,0,1,1,0
193688,1,878119,1,1,1,0,0,0,0,0,0,20,0.033333333,0,0,0,0,0,0,0,0,0,0,1,1,0
193693,1,878119,1,1,1,0,0,0,0,0,0,20,0.033333333,0,0,0,0,0,0,0,0,0,0,1,1,0
193695,22,127749,1,22,3,9,0,6,0,8,4,102,0.066666667,0,0,0,0,0,0,0,0,0,0,10,1,21
193714,94,334927,2,93,8,29,3,18,17,33,10,7,0.033333333,0,0,0,0,0,0,0,0,0,0,26,93,0
193727,126,85168,5,5,1,2,0,1,0,1,1,139,0.033333333,5,0,0,0,0,0,0,0,0,0,4,5,0
193742,125,346877,2,6,4,0,0,0,1,0,0,9,0.033333333,6,0,0,0,0,0,0,0,0,0,5,6,0
193762,770,140022,2,1,1,0,0,0,0,0,0,232,0.033333333,0,0,0,0,0,0,0,0,0,0,1,1,0
193769,37,334927,4,2,2,0,0,0,0,0,0,7,0.033333333,0,0,0,0,0,0,0,0,0,0,2,2,0
193784,68,334927,2,11,9,0,0,0,1,0,0,7,0.033333333,0,0,0,0,0,0,0,0,0,0,6,11,0
193788,7,127749,1,7,3,2,0,1,0,1,1,102,0.033333333,0,0,0,0,0,0,0,0,0,0,5,7,0
193794,163,399092,1,163,23,62,2,36,9,60,8,101,0.033333333,0,0,0,163,0,0,0,0,0,0,22,163,0
193800,12,878119,2,1,1,0,0,0,0,0,0,20,0.033333333,0,0,0,0,0,0,0,0,0,0,1,1,0
193802,96,34988,2,19,10,2,0,1,1,1,1,108,0.033333333,0,0,0,0,0,0,0,0,0,0,8,19,0
193805,7,457932,2,1,1,0,0,0,0,0,0,21,0.033333333,0,0,0,0,0,0,0,0,0,0,1,1,0
193822,34,42723,10,2,2,0,0,0,0,0,0,6,0.033333333,2,0,0,0,0,0,0,0,0,0,2,2,0
193835,1,85576,1,1,1,0,0,0,0,0,0,54,0.033333333,1,0,0,0,0,0,0,0,0,0,1,1,0
193845,46,457932,5,1,1,0,0,0,0,0,0,21,0.033333333,0,0,0,0,0,0,0,0,0,0,1,1,0
193852,104,334927,4,1,1,0,0,0,0,0,0,7,0.033333333,0,0,0,0,0,0,0,0,0,0,1,1,0
193856,1,878119,1,1,1,0,0,0,0,0,0,20,0.033333333,0,0,0,0,0,0,0,0,0,0,1,1,0
193870,16,878119,3,1,1,0,0,0,0,0,0,20,0.033333333,0,0,0,0,0,0,0,0,0,0,1,1,0
193889,37,878119,3,27,8,16,0,0,0,13,0,20,0.066666667,0,0,0,0,0,0,0,0,0,0,11,1,0
193891,1,457932,1,1,1,0,0,0,0,0,0,21,0.033333333,0,0,0,0,0,0,0,0,0,0,1,1,0
193902,5,110497,1,5,2,2,0,0,0,1,1,24,0.033333333,5,0,0,0,0,0,0,0,0,0,5,5,0
193903,3,260769,3,1,1,0,0,0,0,0,0,0,0.033333333,0,0,0,0,0,0,0,0,0,0,1,1,0
193905,18,42723,1,18,7,6,0,1,0,8,1,6,0.033333333,18,0,0,0,0,0,0,0,0,0,8,18,0
193912,2,457932,1,2,2,0,0,0,0,0,0,21,0.033333333,0,0,0,0,0,0,0,0,0,0,2,2,0
193917,13,457932,1,13,1,4,2,3,0,4,2,21,0.033333333,0,0,0,0,0,0,0,0,0,0,8,13,0
193930,97,502584,1,97,8,19,36,5,1,28,0,143,0.033333333,0,0,0,0,97,0,0,0,0,0,16,97,0
193937,3,399092,3,1,1,0,0,0,0,0,0,101,0.033333333,0,0,0,1,0,0,0,0,0,0,1,1,0
193939,24,43183,2,2,2,0,0,0,0,0,0,24,0.033333333,0,0,0,0,0,0,0,0,0,0,2,2,0
193941,4,85576,2,2,2,0,0,0,0,0,0,54,0.033333333,2,0,0,0,0,0,0,0,0,0,1,2,0
193955,3,250865,3,1,1,0,0,0,0,0,0,34,0.033333333,0,0,0,0,0,0,0,0,0,0,1,1,0
193959,5,399092,3,1,1,0,0,0,0,0,0,101,0.033333333,0,0,0,1,0,0,0,0,0,0,1,1,0
193967,45,260769,3,1,1,0,0,0,0,0,0,0,0.033333333,0,0,0,0,0,0,0,0,0,0,1,1,0
193993,122,346877,3,16,7,5,0,0,2,2,0,9,0.033333333,16,0,0,0,0,0,0,0,0,0,7,16,0
194018,337,334927,3,28,7,7,0,6,6,6,1,7,0.033333333,0,0,0,0,0,0,0,0,0,0,11,28,0
194021,337,250865,3,9,3,3,0,2,0,2,1,34,0.033333333,0,0,0,0,0,0,0,0,0,0,6,9,0
194030,42,247683,8,2,2,0,0,0,0,0,0,23,0.066666667,1,0,0,0,0,0,0,0,0,0,1,1,0
194032,6,334927,1,6,3,2,0,1,0,2,0,7,0.033333333,0,0,0,0,0,0,0,0,0,0,6,6,0
194044,24,457932,3,21,2,4,4,3,0,7,2,21,0.033333333,0,0,0,0,0,0,0,0,0,0,9,21,0
194048,4,334927,1,4,4,0,0,0,0,0,0,7,0.033333333,0,0,0,0,0,0,0,0,0,0,3,4,0
194051,1,878119,1,1,1,0,0,0,0,0,0,20,0.033333333,0,0,0,0,0,0,0,0,0,0,1,1,0
194060,17,334927,1,17,6,4,0,2,4,2,1,7,0.033333333,0,0,0,0,0,0,0,0,0,0,6,17,0
194067,1,878119,1,1,1,0,0,0,0,0,0,20,0.033333333,0,0,0,0,0,0,0,0,0,0,1,1,0
194070,164,457932,2,11,1,4,3,2,0,3,1,21,0.033333333,0,0,0,0,0,0,0,0,0,0,7,11,0
194090,242,334927,5,1,1,0,0,0,0,0,0,7,0.033333333,0,0,0,0,0,0,0,0,0,0,1,1,0
194096,18,250865,1,18,3,6,0,4,0,5,1,34,0.033333333,0,0,0,0,0,0,0,0,0,0,7,18,0
194107,23,34988,2,16,4,3,0,2,5,2,2,108,0.033333333,0,0,0,0,0,0,0,0,0,0,8,16,0
194108,34,334927,2,21,3,8,0,6,0,6,3,7,0.033333333,0,0,0,0,0,0,0,0,0,0,10,21,0
194124,41,85576,5,1,1,0,0,0,0,0,0,54,0.033333333,1,0,0,0,0,0,0,0,0,0,1,1,0
194129,190,878119,3,1,1,0,0,0,0,0,0,20,0.033333333,0,0,0,0,0,0,0,0,0,0,1,1,0
194134,137,110497,3,3,3,0,0,0,0,0,0,24,0.033333333,3,0,0,0,0,0,0,0,0,0,2,3,0
194151,14,334927,2,1,1,0,0,0,0,0,0,7,0.033333333,0,0,0,0,0,0,0,0,0,0,1,1,0
194152,6,346877,1,6,3,1,0,1,1,1,0,9,0.033333333,6,0,0,0,0,0,0,0,0,0,5,6,0
194173,15,260769,1,15,2,5,1,4,0,4,3,0,0.033333333,0,0,0,0,0,0,0,0,0,0,9,15,0
194203,2,260769,2,1,1,0,0,0,0,0,0,0,0.033333333,0,0,0,0,0,0,0,0,0,0,1,1,0
194210,4,334927,1,4,4,0,0,0,0,0,0,7,0.033333333,0,0,0,0,0,0,0,0,0,0,3,4,0
194223,4,334927,1,4,4,0,0,0,0,0,0,7,0.033333333,0,0,0,0,0,0,0,0,0,0,4,4,0
194224,29,334927,2,4,2,0,0,0,2,0,0,7,0.033333333,0,0,0,0,0,0,0,0,0,0,3,4,0
194225,1,878119,1,1,1,0,0,0,0,0,0,20,0.033333333,0,0,0,0,0,0,0,0,0,0,1,1,0
194235,61,502584,3,6,2,2,0,1,0,1,1,143,0.033333333,0,0,0,0,6,0,0,0,0,0,5,6,0
194241,2034,43183,5,1,1,0,0,0,0,0,0,24,0.033333333,0,0,0,0,0,0,0,0,0,0,1,1,0
194243,8,250865,2,2,2,0,0,0,0,0,0,34,0.033333333,0,0,0,0,0,0,0,0,0,0,2,2,0
194251,2,878119,1,2,2,0,0,0,0,0,0,20,0.033333333,0,0,0,0,0,0,0,0,0,0,1,2,0
194252,41,43183,1,41,2,17,6,5,1,24,0,24,0.033333333,0,0,0,0,0,0,0,0,0,0,7,41,0
194261,40,878119,3,1,1,0,0,0,0,0,0,20,0.033333333,0,0,0,0,0,0,0,0,0,0,1,1,0
194265,65,247683,4,2,2,0,0,0,0,0,0,23,0.033333333,2,0,0,0,0,0,0,0,0,0,2,2,0
194279,23,334927,4,2,2,0,0,0,0,0,0,7,0.033333333,0,0,0,0,0,0,0,0,0,0,2,2,0
194286,64,346877,2,4,2,2,0,0,0,1,0,9,0.033333333,4,0,0,0,0,0,0,0,0,0,4,4,0
194292,1603,24979,7,9,2,4,0,2,0,1,1,25,0.033333333,0,0,0,0,9,0,0,0,0,0,5,9,0
194306,2,334927,2,1,1,0,0,0,0,0,0,7,0.033333333,0,0,0,0,0,0,0,0,0,0,1,1,0
194313,5,250865,1,5,3,2,0,0,0,1,0,34,0.033333333,0,0,0,0,0,0,0,0,0,0,4,5,0
194341,2,457932,1,2,2,0,0,0,0,0,0,21,0.033333333,0,0,0,0,0,0,0,0,0,0,2,2,0
194346,10,46603,1,10,3,6,0,1,0,6,0,5,0.033333333,0,0,0,0,0,0,0,0,0,0,10,10,0
194347,11,260769,1,11,1,5,0,4,0,4,1,0,0.033333333,0,0,0,0,0,0,0,0,0,0,5,11,0
194356,224,260769,5,1,1,0,0,0,0,0,0,0,0.033333333,0,0,0,0,0,0,0,0,0,0,1,1,0
194378,4,334927,1,4,1,2,0,1,0,1,0,7,0.033333333,0,0,0,0,0,0,0,0,0,0,3,4,0
194388,8,85576,3,1,1,0,0,0,0,0,0,54,0.033333333,1,0,0,0,0,0,0,0,0,0,1,1,0
194414,45,457932,1,45,3,23,15,1,0,17,1,21,0.033333333,0,0,0,0,0,0,0,0,0,0,20,45,0
194426,2,399092,1,2,2,0,0,0,0,0,0,101,0.033333333,0,0,0,2,0,0,0,0,0,0,1,2,0
194430,1012,260769,3,26,5,3,5,2,4,2,1,0,0.033333333,0,0,0,0,0,0,0,0,0,0,12,26,0
194438,82,334927,3,2,2,0,0,0,0,0,0,7,0.033333333,0,0,0,0,0,0,0,0,0,0,2,2,0
194450,9,247683,1,9,3,4,0,1,0,2,1,23,0.033333333,9,0,0,0,0,0,0,0,0,0,5,9,0
194459,9,457932,1,9,3,3,0,2,0,2,1,21,0.033333333,0,0,0,0,0,0,0,0,0,0,6,9,0
194461,14,457932,1,14,2,4,3,3,0,3,2,21,0.033333333,0,0,0,0,0,0,0,0,0,0,9,14,0
194504,19,346877,1,19,5,7,0,5,1,5,0,9,0.066666667,0,0,0,0,0,0,0,0,0,0,6,7,12
194507,35,86829,2,5,1,2,0,1,0,1,1,63,0.033333333,0,0,0,0,0,0,0,0,0,0,4,5,0
194515,7,346877,2,4,1,2,0,1,0,1,0,9,0.033333333,0,0,0,0,0,0,0,0,0,0,3,4,0
194549,371,85168,6,2,2,0,0,0,0,0,0,139,0.033333333,0,0,0,0,0,0,0,0,0,0,1,2,0
194554,14,457932,1,14,2,7,3,1,0,6,1,21,0.033333333,0,0,0,0,0,0,0,0,0,0,10,14,0
194568,25,260769,1,25,7,9,0,4,1,6,3,0,0.066666667,0,0,0,0,0,0,0,0,0,0,12,24,0
194578,20,457932,1,20,6,5,4,1,1,4,0,21,0.033333333,0,0,0,0,0,0,0,0,0,0,10,20,0
194595,3,457932,2,2,2,0,0,0,0,0,0,21,0.033333333,0,0,0,0,0,0,0,0,0,0,1,2,0
194596,7,261579,1,7,3,2,0,1,0,1,1,5,0.033333333,0,0,0,0,0,0,0,0,0,0,5,7,0
194603,1,502584,1,1,1,0,0,0,0,0,0,143,0.033333333,0,0,0,0,0,0,0,0,0,0,1,1,0
194619,15,85168,5,1,1,0,0,0,0,0,0,139,0.033333333,0,0,0,0,0,0,0,0,0,0,1,1,0
194625,13,85168,1,13,4,2,0,1,5,1,1,139,0.033333333,0,0,0,0,0,0,0,0,0,0,6,13,0
194626,4,346877,1,4,1,2,0,0,1,1,0,9,0.033333333,0,0,0,0,0,0,0,0,0,0,3,4,0
194631,396,261579,5,1,1,0,0,0,0,0,0,5,0.033333333,0,0,0,0,0,0,0,0,0,0,1,1,0
194633,27,85168,2,13,3,8,0,1,0,7,1,139,0.033333333,0,0,0,0,0,0,0,0,0,0,11,13,0
194638,11,261579,2,5,2,2,0,1,0,1,0,5,0.033333333,0,0,0,0,0,0,0,0,0,0,4,5,0
194642,35,260769,1,35,2,10,6,9,0,9,8,0,0.033333333,0,0,0,0,0,0,0,0,0,0,22,35,0
194651,1,457932,1,1,1,0,0,0,0,0,0,21,0.033333333,0,0,0,0,0,0,0,0,0,0,1,1,0
194657,137,247683,2,1,1,0,0,0,0,0,0,23,0.033333333,0,0,0,0,0,0,0,0,0,0,1,1,0
194663,300,250865,3,1,1,0,0,0,0,0,0,34,0.033333333,0,0,0,0,0,0,0,0,0,0,1,1,0
194674,79,85576,4,5,1,2,0,1,0,1,1,54,0.033333333,0,0,0,0,0,0,0,0,0,0,4,5,0
194686,1,250865,1,1,1,0,0,0,0,0,0,34,0.033333333,0,0,0,0,0,0,0,0,0,0,1,1,0
194698,3,110497,2,2,2,0,0,0,0,0,0,24,0.033333333,0,0,0,0,0,0,0,0,0,0,2,2,0
194719,12,85576,1,12,6,2,0,1,1,1,1,54,0.033333333,0,0,0,0,0,0,0,0,0,0,8,12,0
194725,2,502584,2,1,1,0,0,0,0,0,0,143,0.033333333,0,0,0,0,0,0,0,0,0,0,1,1,0
194726,35,250865,1,35,5,4,0,3,6,17,0,34,0.033333333,0,0,0,0,0,0,0,0,0,0,7,35,0
194727,198,250865,5,11,2,4,0,1,0,6,1,34,0.033333333,0,0,0,0,0,0,0,0,0,0,7,11,0
194729,10,346877,1,10,4,4,0,1,0,2,1,9,0.033333333,0,0,0,0,0,0,0,0,0,0,5,10,0
194730,198,247683,5,1,1,0,0,0,0,0,0,23,0.033333333,0,0,0,0,0,0,0,0,0,0,1,1,0
194748,9,46603,1,9,1,4,0,2,0,3,2,5,0.033333333,0,0,0,0,0,0,0,0,0,0,7,9,0
194752,11,260769,1,11,4,3,0,1,1,3,1,0,0.033333333,0,0,0,0,0,0,0,0,0,0,8,11,0
194774,165,261579,2,2,2,0,0,0,0,0,0,5,0.033333333,0,0,0,0,0,0,0,0,0,0,1,2,0
194786,120,457932,3,83,3,15,24,13,15,12,9,21,0.033333333,0,0,0,0,0,0,0,0,0,0,29,83,0
194788,1964,127749,5,11,2,6,0,3,0,5,0,102,0.033333333,0,0,0,0,0,0,0,0,0,0,4,11,0
194790,1199,110497,3,1,1,0,0,0,0,0,0,24,0.033333333,0,0,0,0,0,0,0,0,0,0,1,1,0
194792,59,250865,2,1,1,0,0,0,0,0,0,34,0.033333333,0,0,0,0,0,0,0,0,0,0,1,1,0
194801,32,250865,1,32,4,3,16,3,0,9,0,34,0.033333333,0,0,0,0,0,0,0,0,0,0,13,32,0
194808,61,250865,2,60,17,15,11,1,6,13,0,34,0.033333333,0,0,0,0,0,0,0,0,0,0,12,60,0
194813,3,85168,1,3,3,0,0,0,0,0,0,139,0.033333333,0,0,0,0,0,0,0,0,0,0,2,3,0
194815,40,140022,1,40,3,7,5,6,0,15,5,232,0.033333333,0,0,0,0,0,0,0,0,0,0,12,40,0
194822,14,346877,2,6,2,2,0,1,0,1,1,9,0.033333333,0,0,0,0,0,0,0,0,0,0,5,6,0
194825,1,399092,1,1,1,0,0,0,0,0,0,101,0.033333333,0,0,0,0,0,0,0,0,0,0,1,1,0
194833,16,457932,1,16,2,7,0,4,0,4,3,21,0.033333333,0,0,0,0,0,0,0,0,0,0,9,16,0
194845,1,457932,1,1,1,0,0,0,0,0,0,21,0.033333333,0,0,0,0,0,0,0,0,0,0,1,1,0
194852,1,346877,1,1,1,0,0,0,0,0,0,9,0.033333333,0,0,0,0,0,0,0,0,0,0,1,1,0
194862,8,346877,1,8,2,2,0,1,2,1,1,9,0.033333333,0,0,0,0,0,0,0,0,0,0,5,8,0
194866,1,457932,1,1,1,0,0,0,0,0,0,21,0.033333333,0,0,0,0,0,0,0,0,0,0,1,1,0
194867,5,399092,2,1,1,0,0,0,0,0,0,101,0.033333333,0,0,0,0,0,0,0,0,0,0,1,1,0
194873,175,140022,2,21,2,5,3,3,0,6,4,232,0.033333333,0,0,0,0,0,0,0,0,0,0,10,21,0
194889,4,250865,1,4,2,2,0,0,0,1,0,34,0.033333333,0,0,0,0,0,0,0,0,0,0,4,4,0
194892,7,46603,2,6,2,2,0,1,0,1,1,5,0.033333333,0,0,0,0,0,0,0,0,0,0,5,6,0
194918,56,140022,1,56,5,14,3,7,0,26,4,232,0.033333333,0,0,0,0,0,0,0,0,0,0,10,56,0
194922,237,457932,4,20,2,5,1,4,8,4,0,21,0.033333333,0,0,0,0,0,0,0,0,0,0,8,20,0
194923,39,261579,1,39,9,11,0,5,11,2,1,5,0.033333333,0,0,0,0,0,0,0,0,0,0,9,39,0
194924,237,250865,4,2,2,0,0,0,0,0,0,34,0.033333333,0,0,0,0,0,0,0,0,0,0,2,2,0
194930,4,85168,1,4,4,0,0,0,0,0,0,139,0.033333333,0,0,0,0,0,0,0,0,0,0,2,4,0
194932,287,346877,3,1,1,0,0,0,0,0,0,9,0.033333333,0,0,0,0,0,0,0,0,0,0,1,1,0
194933,381,457932,5,14,2,5,2,3,0,4,2,21,0.033333333,0,0,0,0,0,0,0,0,0,0,10,14,0
194934,1,261579,1,1,1,0,0,0,0,0,0,5,0.033333333,0,0,0,0,0,0,0,0,0,0,1,1,0
194951,63,399092,3,18,3,9,0,4,0,11,0,101,0.033333333,0,0,0,0,0,0,0,0,0,0,7,18,0
194962,2007,250865,9,18,6,6,0,1,1,7,0,34,0.033333333,0,0,0,0,0,0,0,0,0,0,8,18,0
194967,108,457932,5,34,2,11,5,9,0,8,7,21,0.1,0,0,0,0,0,0,0,0,0,0,20,14,7
194977,3,457932,2,1,1,0,0,0,0,0,0,21,0.033333333,0,0,0,0,0,0,0,0,0,0,1,1,0
194987,29,110497,3,6,1,3,0,1,0,2,1,24,0.033333333,0,0,0,0,0,0,0,0,0,0,4,6,0
194988,40,346877,1,40,13,10,0,7,2,10,4,9,0.033333333,0,0,0,0,0,0,0,0,0,0,11,40,0
194992,35,457932,1,35,8,10,4,6,3,5,2,21,0.033333333,0,0,0,0,0,0,0,0,0,0,11,35,0
195005,19,457932,1,19,3,6,3,4,0,5,3,21,0.033333333,0,0,0,0,0,0,0,0,0,0,12,19,0
195037,28,250865,2,27,2,9,0,1,0,14,0,34,0.033333333,0,0,0,0,0,0,0,0,0,0,8,27,0
195047,19,188602,1,19,2,7,0,6,0,6,4,96,0.033333333,0,0,0,0,0,0,0,0,0,0,13,19,0
195049,55,42723,4,36,6,4,0,3,3,15,2,6,0.033333333,0,0,0,0,0,0,0,0,0,0,8,36,0
195051,221,46603,17,15,2,5,0,4,0,4,4,5,0.033333333,0,0,0,0,0,0,0,0,0,0,7,15,0
195076,2034,457932,5,6,2,2,1,1,0,1,0,21,0.033333333,0,0,0,0,0,0,0,0,0,0,5,6,0
195081,5,260769,2,1,1,0,0,0,0,0,0,0,0.033333333,0,0,0,0,0,0,0,0,0,0,1,1,0
195095,17,46603,1,17,3,7,0,4,0,4,3,5,0.033333333,0,0,0,0,0,0,0,0,0,0,10,17,0
195098,8,247683,2,7,3,2,0,1,0,1,1,23,0.033333333,0,0,0,0,0,0,0,0,0,0,5,7,0
195108,16,42723,2,14,1,4,0,3,0,9,0,6,0.033333333,0,0,0,0,0,0,0,0,0,0,5,14,0
195118,5,399092,1,5,5,0,0,0,0,0,0,101,0.033333333,0,0,0,0,0,0,0,0,0,0,3,5,0
195137,1,502584,1,1,1,0,0,0,0,0,0,143,0.033333333,0,0,0,0,0,0,0,0,0,0,1,1,0
195147,26,247683,1,26,5,7,2,6,2,6,4,23,0.033333333,0,0,0,0,0,0,0,0,0,0,12,26,0
195151,97,250865,6,23,2,12,0,3,0,16,0,34,0.033333333,0,0,0,0,0,0,0,0,0,0,5,23,0
195158,10,346877,1,10,3,4,0,1,0,3,1,9,0.033333333,0,0,0,0,0,0,0,0,0,0,7,10,0
195163,1,188602,1,1,1,0,0,0,0,0,0,96,0.033333333,0,0,0,0,0,0,0,0,0,0,1,1,0
195164,7,502584,1,7,2,3,0,1,0,2,1,143,0.033333333,0,0,0,0,0,0,0,0,0,0,6,7,0
195175,245,85168,2,1,1,0,0,0,0,0,0,139,0.033333333,0,0,0,0,0,0,0,0,0,0,1,1,0
195179,9,346877,1,9,2,3,0,2,0,2,2,9,0.033333333,0,0,0,0,0,0,0,0,0,0,7,9,0
195199,291,140022,4,24,4,8,0,5,1,6,2,232,0.066666667,0,0,0,0,0,0,0,0,0,0,7,12,0
195209,20,457932,1,20,3,5,4,4,0,4,3,21,0.033333333,0,0,0,0,0,0,0,0,0,0,10,20,0
195221,26,457932,2,16,2,4,4,3,0,3,2,21,0.033333333,0,0,0,0,0,0,0,0,0,0,9,16,0
195223,12,127749,1,12,3,5,0,2,0,2,2,102,0.033333333,0,0,0,0,0,0,0,0,0,0,8,12,0
195227,12,127749,1,12,8,2,0,1,0,2,1,102,0.033333333,0,0,0,0,0,0,0,0,0,0,6,12,0
195241,6,399092,1,6,3,3,0,0,0,2,0,101,0.033333333,0,0,0,0,0,0,0,0,0,0,3,6,0
195249,3,502584,1,3,3,0,0,0,0,0,0,143,0.066666667,0,0,0,0,0,0,0,0,0,0,2,1,2
195250,134,42723,2,5,3,2,0,0,0,1,0,6,0.033333333,0,0,0,0,0,0,0,0,0,0,5,5,0
195253,29,127749,1,29,3,11,0,9,0,8,6,102,0.033333333,0,0,0,0,0,0,0,0,0,0,14,29,0
195254,418,247683,3,7,2,2,0,1,1,1,1,23,0.033333333,0,0,0,0,0,0,0,0,0,0,5,7,0
195255,18,346877,1,18,5,5,5,1,0,5,0,9,0.033333333,0,0,0,0,0,0,0,0,0,0,10,18,0
195279,40,502584,2,34,2,5,7,3,0,14,2,143,0.033333333,0,0,0,0,0,0,0,0,0,0,9,34,0
195288,4,399092,1,4,4,0,0,0,0,0,0,101,0.033333333,0,0,0,0,0,0,0,0,0,0,2,4,0
195324,1,399092,1,1,1,0,0,0,0,0,0,101,0.033333333,0,0,0,0,0,0,0,0,0,0,1,1,0
195326,8,86829,1,8,3,3,0,1,0,3,1,63,0.033333333,0,0,0,0,0,0,0,0,0,0,8,8,0
195331,138,260769,2,1,1,0,0,0,0,0,0,0,0.033333333,0,0,0,0,0,0,0,0,0,0,1,1,0
195339,23,261579,3,6,2,2,0,1,0,1,1,5,0.033333333,0,0,0,0,0,0,0,0,0,0,5,6,0
195350,49,260769,2,48,11,16,2,11,0,8,4,0,0.033333333,0,0,0,0,0,0,0,0,0,0,13,48,0
195353,23,110497,3,1,1,0,0,0,0,0,0,24,0.033333333,0,0,0,0,0,0,0,0,0,0,1,1,0
195359,58,346877,2,41,2,13,11,6,0,16,4,9,0.033333333,0,0,0,0,0,0,0,0,0,0,14,41,0
195368,9,346877,1,9,2,3,0,2,0,2,2,9,0.033333333,0,0,0,0,0,0,0,0,0,0,7,9,0
195379,7,260769,3,3,1,2,0,0,0,1,0,0,0.033333333,0,0,0,0,0,0,0,0,0,0,3,3,0
195388,90,247683,6,12,4,4,0,2,0,3,2,23,0.033333333,0,0,0,0,0,0,0,0,0,0,7,12,0
195395,7,250865,3,3,1,2,0,0,0,1,0,34,0.033333333,0,0,0,0,0,0,0,0,0,0,3,3,0
195397,1,127749,1,1,1,0,0,0,0,0,0,102,0.033333333,0,0,0,0,0,0,0,0,0,0,1,1,0
195398,6,260769,1,6,2,2,0,1,0,1,1,0,0.033333333,0,0,0,0,0,0,0,0,0,0,5,6,0
195402,250,261579,7,1,1,0,0,0,0,0,0,5,0.033333333,0,0,0,0,0,0,0,0,0,0,1,1,0
195410,15,250865,1,15,3,6,0,4,0,3,2,34,0.033333333,0,0,0,0,0,0,0,0,0,0,7,15,0
195421,36,457932,3,6,1,2,2,0,0,2,0,21,0.033333333,0,0,0,0,0,0,0,0,0,0,4,6,0
195425,14,346877,1,14,12,0,0,0,1,0,0,9,0.033333333,0,0,0,0,0,0,0,0,0,0,6,14,0
195436,20,260769,4,1,1,0,0,0,0,0,0,0,0.033333333,0,0,0,0,0,0,0,0,0,0,1,1,0
195442,65,457932,7,21,5,8,1,0,5,8,1,21,0.033333333,0,0,0,0,0,0,0,0,0,0,14,21,0
195453,25,127749,4,12,2,4,0,3,0,3,3,102,0.033333333,0,0,0,0,0,0,0,0,0,0,9,12,0
195457,19,457932,1,19,1,5,6,4,0,4,3,21,0.033333333,0,0,0,0,0,0,0,0,0,0,8,19,0
195458,2,127749,1,2,2,0,0,0,0,0,0,102,0.033333333,0,0,0,0,0,0,0,0,0,0,2,2,0
195475,28,86829,5,2,2,0,0,0,0,0,0,63,0.033333333,0,0,0,0,0,0,0,0,0,0,2,2,0
195489,6,399092,2,1,1,0,0,0,0,0,0,101,0.033333333,0,0,0,0,0,0,0,0,0,0,1,1,0
195491,160,457932,2,20,7,4,0,3,0,3,2,21,0.033333333,0,0,0,0,0,0,0,0,0,0,11,20,0
195497,65,127749,7,2,2,0,0,0,0,0,0,102,0.033333333,0,0,0,0,0,0,0,0,0,0,2,2,0
195515,84,188602,7,12,4,3,0,2,0,3,2,96,0.033333333,0,0,0,0,0,0,0,0,0,0,7,12,0
195520,6,261579,1,6,5,0,0,0,0,0,0,5,0.033333333,0,0,0,0,0,0,0,0,0,0,5,6,0
195522,964,110497,4,1,1,0,0,0,0,0,0,24,0.033333333,0,0,0,0,0,0,0,0,0,0,1,1,0
195536,17,250865,2,1,1,0,0,0,0,0,0,34,0.033333333,0,0,0,0,0,0,0,0,0,0,1,1,0
195554,47,457932,1,47,9,9,11,8,1,10,6,21,0.033333333,0,0,0,0,0,0,0,0,0,0,19,47,0
195562,141,85168,1,141,1,23,43,14,0,54,7,139,0.033333333,0,0,0,0,0,0,0,0,0,0,37,141,0
195573,5,878119,1,5,5,0,0,0,0,0,0,20,0.033333333,0,0,0,0,0,0,0,0,0,0,4,5,0
195576,24,43183,3,11,5,2,0,2,0,2,2,24,0.033333333,0,0,11,0,0,0,0,0,0,0,8,11,0
195602,1,21216,1,1,1,0,0,0,0,0,0,19,0.033333333,0,0,0,0,0,0,0,0,0,0,1,1,0
195610,1,878119,1,1,1,0,0,0,0,0,0,20,0.033333333,0,0,0,0,0,0,0,0,0,0,1,1,0
195613,35,878119,2,5,5,0,0,0,0,0,0,20,0.033333333,0,0,0,0,0,0,0,0,0,0,2,5,0
195615,7,21560,1,7,1,4,0,1,0,3,1,9,0.033333333,0,7,0,0,0,0,0,0,0,0,5,7,0
195616,78,148500,1,78,8,22,3,12,17,23,5,29,0.033333333,0,0,0,0,0,0,0,0,0,0,17,78,0
195624,11,878119,1,11,3,6,0,1,0,3,1,20,0.033333333,0,0,0,0,0,0,0,0,0,0,7,11,0
195631,1,21216,1,1,1,0,0,0,0,0,0,19,0.033333333,0,0,0,0,0,0,0,0,0,0,1,1,0
195634,1,43183,1,1,1,0,0,0,0,0,0,24,0.033333333,0,0,0,1,0,0,0,0,0,0,1,1,0
195645,17,878119,1,17,8,4,0,1,2,2,1,20,0.033333333,0,0,0,0,0,0,0,0,0,0,11,17,0
195649,1,21216,1,1,1,0,0,0,0,0,0,19,0.033333333,0,0,0,0,0,0,0,0,0,0,1,1,0
195662,400,21216,3,1,1,0,0,0,0,0,0,19,0.033333333,0,0,0,0,0,0,0,0,0,0,1,1,0
195667,2,43183,2,1,1,0,0,0,0,0,0,24,0.033333333,0,0,0,1,0,0,0,0,0,0,1,1,0
195671,61,43183,2,16,2,4,0,3,0,5,5,24,0.033333333,0,0,0,16,0,0,0,0,0,0,9,16,0
195688,2,21216,1,2,2,0,0,0,0,0,0,19,0.033333333,0,0,0,0,0,0,0,0,0,0,2,2,0
195692,1,21216,1,1,1,0,0,0,0,0,0,19,0.033333333,0,0,0,0,0,0,0,0,0,0,1,1,0
195704,150,878119,3,127,1,44,0,42,0,52,31,20,0.033333333,0,0,0,0,0,0,0,0,0,0,53,127,0
195706,285,34988,7,1,1,0,0,0,0,0,0,108,0.033333333,0,0,0,0,0,1,0,0,0,0,1,1,0
195708,19,878119,1,19,6,5,0,3,1,5,0,20,0.033333333,0,0,0,0,0,0,0,0,0,0,8,19,0
195726,42,21560,2,12,2,4,0,3,0,3,3,9,0.033333333,0,12,0,0,0,0,0,0,0,0,7,12,0
195737,2,21216,1,2,2,0,0,0,0,0,0,19,0.033333333,0,0,0,0,0,0,0,0,0,0,2,2,0
195742,1,21216,1,1,1,0,0,0,0,0,0,19,0.033333333,0,0,0,0,0,0,0,0,0,0,1,1,0
195745,11,878119,1,11,3,4,0,3,0,3,1,20,0.033333333,0,0,0,0,0,0,0,0,0,0,7,11,0
195755,6,878119,1,6,2,3,0,1,0,2,0,20,0.033333333,0,0,0,0,0,0,0,0,0,0,5,6,0
195757,95,21216,3,1,1,0,0,0,0,0,0,19,0.033333333,0,0,0,0,0,0,0,0,0,0,1,1,0
195763,20,21560,3,1,1,0,0,0,0,0,0,9,0.033333333,0,1,0,0,0,0,0,0,0,0,1,1,0
195774,329,21216,3,4,4,0,0,0,0,0,0,19,0.033333333,0,0,0,0,0,0,0,0,0,0,2,4,0
195780,20,148500,1,20,6,4,3,0,1,5,0,29,0.033333333,0,0,0,0,0,0,0,0,0,0,9,20,0
195786,1,21216,1,1,1,0,0,0,0,0,0,19,0.033333333,0,0,0,0,0,0,0,0,0,0,1,1,0
195790,1,43183,1,1,1,0,0,0,0,0,0,24,0.033333333,0,0,0,1,0,0,0,0,0,0,1,1,0
195793,1822,878119,8,1,1,0,0,0,0,0,0,20,0.033333333,0,0,1,0,0,0,0,0,0,0,1,1,0
195794,7,43183,1,7,2,3,0,1,0,2,1,24,0.033333333,0,0,0,7,0,0,0,0,0,0,5,7,0
195804,9,24979,1,9,3,4,0,1,0,3,1,25,0.033333333,0,0,0,0,0,0,0,0,0,0,6,9,0
195809,37,502584,1,37,7,9,6,5,0,5,2,143,0.033333333,0,0,0,0,0,0,0,0,0,0,12,37,0
195817,15,502584,1,15,3,2,4,1,1,3,1,143,0.033333333,0,0,0,0,0,0,0,0,0,0,6,15,0
195820,7,261579,1,7,3,2,0,1,0,1,1,5,0.033333333,0,0,0,0,0,0,0,0,0,0,5,7,0
195822,29,502584,1,29,13,6,0,3,1,4,2,143,0.033333333,0,0,0,0,0,0,0,0,0,0,11,29,0
195827,57,502584,3,9,5,2,0,1,0,1,1,143,0.033333333,0,0,0,0,0,0,0,0,0,0,6,9,0
195834,870,502584,5,1,1,0,0,0,0,0,0,143,0.033333333,0,0,0,0,0,0,0,0,0,0,1,1,0
195837,1,502584,1,1,1,0,0,0,0,0,0,143,0.033333333,0,0,0,0,0,0,0,0,0,0,1,1,0
195845,822,24979,7,1,1,0,0,0,0,0,0,25,0.033333333,0,0,0,0,0,0,0,0,0,0,1,1,0
195850,7,502584,1,7,3,0,0,0,0,0,0,143,0.033333333,0,0,0,0,0,0,0,0,0,0,4,7,0
195851,230,399092,7,2,2,0,0,0,0,0,0,101,0.033333333,0,0,0,0,0,0,0,0,0,0,1,2,0
195854,7,502584,2,5,1,2,0,1,0,1,1,143,0.033333333,0,0,0,0,0,0,0,0,0,0,4,5,0
195858,1,502584,1,1,1,0,0,0,0,0,0,143,0.033333333,0,0,0,0,0,0,0,0,0,0,1,1,0
195867,17,502584,1,17,5,4,0,3,0,3,3,143,0.033333333,0,0,0,0,0,0,0,0,0,0,9,17,0
195869,71,502584,1,71,5,17,12,5,9,28,2,143,0.033333333,0,0,0,0,0,0,0,0,0,0,9,71,0
195875,46,399092,10,5,5,0,0,0,0,0,0,101,0.033333333,0,0,0,0,0,0,0,0,0,0,2,5,0
195876,46,502584,10,4,4,0,0,0,0,0,0,143,0.033333333,0,0,0,0,0,0,0,0,0,0,2,4,0
195889,10,502584,1,10,6,2,0,1,0,1,1,143,0.033333333,0,0,0,0,0,0,0,0,0,0,6,10,0
195899,96,502584,7,24,4,20,0,0,0,19,0,143,0.033333333,0,0,0,0,0,0,0,0,0,0,5,24,0
195903,20,502584,2,17,1,6,0,5,0,5,5,143,0.033333333,0,0,0,0,0,0,0,0,0,0,6,17,0
195915,7,261579,3,5,1,2,0,1,0,1,1,5,0.033333333,0,0,0,0,0,0,0,0,0,0,4,5,0
195921,39,502584,2,25,4,12,0,6,0,8,3,143,0.066666667,0,0,0,0,0,0,0,0,0,0,9,6,0
195930,1,502584,1,1,1,0,0,0,0,0,0,143,0.033333333,0,0,0,0,0,0,0,0,0,0,1,1,0
195932,17,502584,1,17,8,4,0,2,2,1,1,143,0.033333333,0,0,0,0,0,0,0,0,0,0,8,17,0
195955,222,24979,7,9,2,3,0,2,0,2,2,25,0.033333333,0,0,0,0,0,0,0,0,0,0,7,9,0
195958,1,261579,1,1,1,0,0,0,0,0,0,5,0.033333333,0,0,0,0,0,0,0,0,0,0,1,1,0
195980,59,502584,2,1,1,0,0,0,0,0,0,143,0.033333333,0,0,0,0,0,0,0,0,0,0,1,1,0
195984,3,261579,2,1,1,0,0,0,0,0,0,5,0.033333333,0,0,0,0,0,0,0,0,0,0,1,1,0
195987,10,502584,1,10,4,3,0,1,1,2,1,143,0.033333333,0,0,0,0,0,0,0,0,0,0,5,10,0
195992,5,399092,1,5,5,0,0,0,0,0,0,101,0.033333333,0,0,0,0,0,0,0,0,0,0,2,5,0
196004,4,502584,1,4,4,0,0,0,0,0,0,143,0.033333333,0,0,0,0,0,0,0,0,0,0,3,4,0
196005,1,502584,1,1,1,0,0,0,0,0,0,143,0.033333333,0,0,0,0,0,0,0,0,0,0,1,1,0
196013,45,502584,3,6,3,3,0,0,0,3,0,143,0.033333333,0,0,0,0,0,0,0,0,0,0,5,6,0
196022,2,502584,1,2,2,0,0,0,0,0,0,143,0.033333333,0,0,0,0,0,0,0,0,0,0,2,2,0
196023,27,502584,1,27,8,5,0,3,0,9,3,143,0.033333333,0,0,0,0,0,0,0,0,0,0,8,27,0
196025,7,261579,1,7,3,3,0,0,0,3,0,5,0.033333333,0,0,0,0,0,0,0,0,0,0,5,7,0
196032,1,261579,1,1,1,0,0,0,0,0,0,5,0.033333333,0,0,0,0,0,0,0,0,0,0,1,1,0
196047,20,399092,1,20,4,5,0,0,0,11,0,101,0.033333333,0,0,0,0,0,0,0,0,0,0,6,20,0
196059,6,502584,1,6,2,4,0,0,0,2,0,143,0.033333333,0,0,0,0,0,0,0,0,0,0,4,6,0
196068,9,502584,1,9,2,2,0,1,4,1,0,143,0.033333333,0,0,0,0,0,0,0,0,0,0,4,9,0
196073,4,502584,1,4,4,0,0,0,0,0,0,143,0.033333333,0,0,0,0,0,0,0,0,0,0,1,4,0
196089,1,399092,1,1,1,0,0,0,0,0,0,101,0.033333333,0,0,0,0,0,0,0,0,0,0,1,1,0
196093,4,502584,1,4,4,0,0,0,0,0,0,143,0.033333333,0,0,0,0,0,0,0,0,0,0,2,4,0
196095,6,502584,1,6,2,2,0,1,0,1,1,143,0.033333333,0,0,0,0,0,0,0,0,0,0,5,6,0
196096,1,502584,1,1,1,0,0,0,0,0,0,143,0.033333333,0,0,0,0,0,0,0,0,0,0,1,1,0
196101,37,261579,1,37,15,13,0,6,0,12,0,5,0.033333333,0,0,0,0,0,0,0,0,0,0,11,37,0
196110,12,502584,1,12,8,1,0,1,0,3,0,143,0.066666667,0,0,0,0,0,0,0,0,0,0,5,9,0
196114,1,399092,1,1,1,0,0,0,0,0,0,101,0.033333333,0,0,0,0,0,0,0,0,0,0,1,1,0
196118,18,261579,1,18,2,6,0,5,0,5,5,5,0.033333333,0,0,0,0,0,0,0,0,0,0,13,18,0
196120,16,261579,1,16,3,7,0,3,0,6,3,5,0.033333333,0,0,0,0,0,0,0,0,0,0,9,16,0
196121,11,502584,1,11,3,2,0,1,1,3,1,143,0.033333333,0,0,0,0,0,0,0,0,0,0,6,11,0
196142,16,261579,1,16,5,6,0,3,0,2,2,5,0.033333333,0,0,0,0,0,0,0,0,0,0,10,16,0
196154,1,261579,1,1,1,0,0,0,0,0,0,5,0.033333333,0,0,0,0,0,0,0,0,0,0,1,1,0
196166,29,261579,2,15,3,4,0,3,0,4,3,5,0.033333333,0,0,0,0,0,0,0,0,0,0,8,15,0
196179,454,502584,7,1,1,0,0,0,0,0,0,143,0.033333333,0,0,0,0,0,0,0,0,0,0,1,1,0
196182,133,502584,2,28,3,4,5,4,3,8,4,143,0.033333333,0,0,0,0,0,0,0,0,0,0,12,28,0
196188,1,261579,1,1,1,0,0,0,0,0,0,5,0.033333333,0,0,0,0,0,0,0,0,0,0,1,1,0
196198,22,399092,1,22,4,8,0,7,0,7,3,101,0.033333333,0,0,0,0,0,0,0,0,0,0,13,22,0
196199,44,502584,1,44,15,12,0,6,1,11,4,143,0.033333333,0,0,0,0,0,0,0,0,0,0,8,44,0
196203,3161,502584,9,9,2,2,0,1,0,3,1,143,0.033333333,0,0,0,0,0,0,0,0,0,0,5,9,0
196215,3,261579,1,3,3,0,0,0,0,0,0,5,0.033333333,0,0,0,0,0,0,0,0,0,0,2,3,0
196224,2,502584,2,1,1,0,0,0,0,0,0,143,0.033333333,0,0,0,0,0,0,0,0,0,0,1,1,0
196234,1,502584,1,1,1,0,0,0,0,0,0,143,0.033333333,0,0,0,0,0,0,0,0,0,0,1,1,0
196238,54,260769,3,15,4,4,0,3,2,3,2,0,0.033333333,0,0,0,0,0,0,0,0,0,0,9,15,0
196248,14,878119,2,2,2,0,0,0,0,0,0,20,0.033333333,0,0,0,0,0,0,0,0,0,0,2,2,0
196251,32,110497,1,32,6,6,0,4,7,7,2,24,0.033333333,0,0,32,0,0,0,0,0,0,0,11,32,0
196266,5,250865,2,3,3,0,0,0,0,0,0,34,0.033333333,0,0,0,0,0,0,0,0,0,0,2,3,0
196272,6,346877,1,6,2,2,0,1,0,1,1,9,0.033333333,0,0,0,6,0,0,0,0,0,0,5,6,0
196274,35,260769,5,2,2,0,0,0,0,0,0,0,0.033333333,0,0,0,0,0,0,0,0,0,0,2,2,0
196276,16,878119,1,16,6,4,0,3,2,3,0,20,0.033333333,0,0,0,0,0,0,0,0,0,0,9,16,0
196292,79,85576,2,1,1,0,0,0,0,0,0,54,0.033333333,0,0,0,1,0,0,0,0,0,0,1,1,0
196309,392,334927,2,1,1,0,0,0,0,0,0,7,0.033333333,0,0,0,0,0,0,0,0,0,0,1,1,0
196310,92,250865,2,6,2,2,0,1,0,1,1,34,0.033333333,0,0,0,0,0,0,0,0,0,0,5,6,0
196329,29,457932,8,13,2,9,0,1,0,4,1,21,0.033333333,0,0,0,0,0,0,0,0,0,0,8,13,0
196337,29,250865,8,1,1,0,0,0,0,0,0,34,0.033333333,0,0,0,0,0,0,0,0,0,0,1,1,0
196390,43,188602,5,1,1,0,0,0,0,0,0,96,0.033333333,0,0,0,1,0,0,0,0,0,0,1,1,0
196394,6,334927,1,6,2,2,0,1,0,1,1,7,0.033333333,0,0,0,0,0,0,0,0,0,0,5,6,0
196399,5,110497,3,1,1,0,0,0,0,0,0,24,0.033333333,0,0,0,1,0,0,0,0,0,0,1,1,0
196403,6,878119,1,6,2,1,0,1,1,1,1,20,0.033333333,0,0,0,0,0,0,0,0,0,0,5,6,0
196406,1,878119,1,1,1,0,0,0,0,0,0,20,0.033333333,0,0,0,0,0,0,0,0,0,0,1,1,0
196410,13,878119,1,13,5,5,0,1,0,2,1,20,0.033333333,0,0,0,0,0,0,0,0,0,0,9,13,0
196472,75,250865,2,2,2,0,0,0,0,0,0,34,0.033333333,0,0,0,0,0,0,0,0,0,0,2,2,0
196476,34,878119,1,34,8,13,0,7,4,8,1,20,0.033333333,0,0,0,0,0,0,0,0,0,0,15,34,0
196505,8,188602,2,6,3,1,0,1,0,1,1,96,0.033333333,0,0,0,6,0,0,0,0,0,0,5,6,0
196524,272,399092,7,32,2,7,0,6,0,22,1,101,0.033333333,0,0,0,0,0,0,0,0,0,32,10,32,0
196562,7,260769,1,7,2,2,0,1,1,1,1,0,0.033333333,0,0,0,0,0,0,0,0,0,0,5,7,0
196576,18,334927,1,18,5,4,0,3,1,5,2,7,0.033333333,0,0,0,0,0,0,0,0,0,0,9,18,0
196581,8,878119,1,8,3,2,0,0,0,5,0,20,0.033333333,0,0,0,0,0,0,0,0,0,0,5,8,0
196583,11,346877,4,1,1,0,0,0,0,0,0,9,0.033333333,0,0,0,1,0,0,0,0,0,0,1,1,0
196584,9,878119,4,1,1,0,0,0,0,0,0,20,0.033333333,0,0,0,0,0,0,0,0,0,0,1,1,0
196622,55,127749,5,10,2,4,0,2,0,3,2,102,0.033333333,0,0,0,0,0,0,0,0,0,0,8,10,0
196636,388,457932,2,108,9,39,7,27,0,34,24,21,0.033333333,0,0,0,0,0,0,0,0,0,0,21,108,0
196642,67,260769,3,11,4,4,0,2,0,1,1,0,0.033333333,0,0,0,0,0,0,0,0,0,0,7,11,0
196651,22,85576,3,1,1,0,0,0,0,0,0,54,0.033333333,0,0,0,1,0,0,0,0,0,0,1,1,0
196653,1,457932,1,1,1,0,0,0,0,0,0,21,0.033333333,0,0,0,0,0,0,0,0,0,0,1,1,0
196663,14,34988,4,1,1,0,0,0,0,0,0,108,0.033333333,0,0,0,0,0,0,0,0,0,0,1,1,0
196665,2,127749,2,1,1,0,0,0,0,0,0,102,0.033333333,0,0,0,0,0,0,0,0,0,0,1,1,0
196674,100,346877,4,7,3,2,0,1,0,1,1,9,0.033333333,0,0,0,7,0,0,0,0,0,0,6,7,0
196675,2,250865,1,2,2,0,0,0,0,0,0,34,0.033333333,0,0,0,0,0,0,0,0,0,0,2,2,0
196716,11,878119,2,10,5,2,0,1,2,1,0,20,0.033333333,0,0,0,0,0,0,0,0,0,0,4,10,0
196736,31,878119,2,1,1,0,0,0,0,0,0,20,0.033333333,0,0,0,0,0,0,0,0,0,0,1,1,0
196747,29,43183,3,1,1,0,0,0,0,0,0,24,0.033333333,0,0,0,0,0,0,0,0,0,0,1,1,0
196749,127,34988,4,20,9,4,0,3,1,2,2,108,0.033333333,0,0,0,0,0,0,0,0,0,0,10,20,0
196753,25,878119,1,25,6,16,0,1,2,15,0,20,0.033333333,0,0,0,0,0,0,0,0,0,0,8,25,0
196757,50,878119,1,50,17,11,1,5,13,10,0,20,0.066666667,0,0,0,0,0,0,0,0,0,0,13,17,33
196758,164,46603,2,1,1,0,0,0,0,0,0,5,0.033333333,0,0,0,0,0,0,0,0,0,0,1,1,0
196768,28,878119,2,1,1,0,0,0,0,0,0,20,0.033333333,0,0,0,0,0,0,0,0,0,0,1,1,0
196772,9,399092,7,1,1,0,0,0,0,0,0,101,0.033333333,0,0,0,0,0,0,0,0,0,1,1,1,0
196783,119,260769,2,52,1,11,36,1,0,11,0,0,0.033333333,0,0,0,0,0,0,0,0,0,0,21,52,0
196790,3,86829,2,1,1,0,0,0,0,0,0,63,0.033333333,0,0,0,1,0,0,0,0,0,0,1,1,0
196792,14,260769,2,1,1,0,0,0,0,0,0,0,0.033333333,0,0,0,0,0,0,0,0,0,0,1,1,0
196793,1,21560,1,1,1,0,0,0,0,0,0,9,0.033333333,0,0,0,0,0,0,0,0,0,0,1,1,0
196800,3,85168,2,2,2,0,0,0,0,0,0,139,0.033333333,0,0,0,2,0,0,0,0,0,0,2,2,0
196816,5,457932,2,1,1,0,0,0,0,0,0,21,0.033333333,0,0,0,0,0,0,0,0,0,0,1,1,0
196820,1,399092,1,1,1,0,0,0,0,0,0,101,0.033333333,0,0,0,0,0,0,0,0,0,1,1,1,0
196828,18,346877,2,5,1,2,0,1,0,1,1,9,0.033333333,0,0,0,5,0,0,0,0,0,0,4,5,0
196829,1,250865,1,1,1,0,0,0,0,0,0,34,0.033333333,0,0,0,0,0,0,0,0,0,0,1,1,0
196838,40,399092,4,7,3,3,0,1,0,2,0,101,0.033333333,0,0,0,0,0,0,0,0,0,7,5,7,0
196849,5,399092,5,1,1,0,0,0,0,0,0,101,0.033333333,0,0,0,0,0,0,0,0,0,1,1,1,0
196850,1061,34988,6,1,1,0,0,0,0,0,0,108,0.033333333,0,0,0,0,0,0,0,0,0,0,1,1,0
196857,3,85576,1,3,3,0,0,0,0,0,0,54,0.033333333,0,0,0,3,0,0,0,0,0,0,2,3,0
196859,19,878119,1,19,2,7,0,6,0,6,4,20,0.033333333,0,0,0,0,0,0,0,0,0,0,9,19,0
196865,9,43183,1,9,4,2,0,0,2,1,0,24,0.033333333,0,0,0,0,0,0,0,0,0,0,5,9,0
196872,46,127749,3,23,4,15,0,2,0,8,2,102,0.033333333,0,0,0,0,0,0,0,0,0,0,9,23,0
196900,1,346877,1,1,1,0,0,0,0,0,0,9,0.033333333,0,0,0,1,0,0,0,0,0,0,1,1,0
196901,88,334927,2,1,1,0,0,0,0,0,0,7,0.033333333,0,0,0,0,0,0,0,0,0,0,1,1,0
196906,8,260769,2,7,3,2,0,1,0,1,1,0,0.033333333,0,0,0,0,0,0,0,0,0,0,6,7,0
196918,7,43183,5,1,1,0,0,0,0,0,0,24,0.033333333,0,0,0,0,0,0,0,0,0,0,1,1,0
196929,6,334927,1,6,2,2,0,1,0,1,1,7,0.033333333,0,0,0,0,0,0,0,0,0,0,5,6,0
196949,8,250865,2,1,1,0,0,0,0,0,0,34,0.033333333,0,0,0,0,0,0,0,0,0,0,1,1,0
196959,7,334927,1,7,5,2,0,0,0,1,0,7,0.033333333,0,0,0,0,0,0,0,0,0,0,6,7,0
196960,2,399092,1,2,2,0,0,0,0,0,0,101,0.033333333,0,0,0,0,0,0,0,0,0,2,2,2,0
196969,64,85576,5,1,1,0,0,0,0,0,0,54,0.033333333,0,0,0,1,0,0,0,0,0,0,1,1,0
196972,117,110497,3,6,2,2,0,1,0,1,1,24,0.033333333,0,0,0,6,0,0,0,0,0,0,5,6,0
196980,11,247683,4,1,1,0,0,0,0,0,0,23,0.033333333,0,0,0,1,0,0,0,0,0,0,1,1,0
197000,1,399092,1,1,1,0,0,0,0,0,0,101,0.033333333,0,0,0,0,0,0,0,0,0,1,1,1,0
197005,3,399092,1,3,3,0,0,0,0,0,0,101,0.033333333,0,0,0,0,0,0,0,0,0,3,1,3,0
197010,42,140022,1,42,6,15,0,10,0,14,5,232,0.033333333,0,0,0,0,0,0,0,0,0,0,11,42,0
197016,8,46603,2,2,2,0,0,0,0,0,0,5,0.033333333,0,0,0,0,0,0,0,0,0,0,2,2,0
197022,8,878119,1,8,2,3,0,2,0,2,1,20,0.033333333,0,0,0,0,0,0,0,0,0,0,6,8,0
197025,17,399092,2,1,1,0,0,0,0,0,0,101,0.033333333,0,0,0,0,0,0,0,0,0,1,1,1,0
197034,6,89830,2,1,1,0,0,0,0,0,0,108,0.033333333,0,0,0,0,0,0,0,0,0,0,1,1,0
197044,4,907118,1,4,1,3,0,0,0,2,0,19,0.033333333,0,0,0,0,0,0,0,0,0,0,3,4,0
197060,69,155579,8,9,3,2,0,1,0,1,1,17,0.033333333,9,0,0,0,0,0,0,0,0,0,5,9,0
197062,78,907118,1,78,8,30,0,24,0,19,15,19,0.066666667,0,0,0,0,0,0,0,0,0,0,30,46,32
197070,1,89830,1,1,1,0,0,0,0,0,0,108,0.033333333,0,0,0,0,0,0,0,0,0,0,1,1,0
197087,2,89830,1,2,2,0,0,0,0,0,0,108,0.033333333,0,0,0,0,0,0,0,0,0,0,2,2,0
197103,31,89830,1,31,6,5,0,2,1,16,3,108,0.033333333,0,0,0,0,0,0,0,0,0,0,10,31,0
197104,14,907118,1,14,2,5,0,4,0,4,3,19,0.033333333,0,0,0,0,0,0,0,0,0,0,8,14,0
197108,16,907118,1,16,7,3,0,2,2,2,1,19,0.033333333,0,0,0,0,0,0,0,0,0,0,8,16,0
197109,16,91935,2,6,2,2,0,1,0,1,1,26,0.033333333,0,0,0,0,0,0,0,0,0,0,5,6,0
197132,54,907118,2,1,1,0,0,0,0,0,0,19,0.033333333,0,0,0,0,0,0,0,0,0,0,1,1,0
197136,263,91935,4,1,1,0,0,0,0,0,0,26,0.033333333,0,0,0,0,0,0,0,0,0,0,1,1,0
197167,1,907118,1,1,1,0,0,0,0,0,0,19,0.033333333,0,0,0,0,0,0,0,0,0,0,1,1,0
197174,45,907118,1,45,4,18,3,12,0,14,6,19,0.066666667,0,0,0,0,0,0,0,0,0,0,17,15,30
197187,13,907118,1,13,1,6,0,4,0,5,2,19,0.033333333,0,0,0,0,0,0,0,0,0,0,9,13,0
197188,2,907118,1,2,2,0,0,0,0,0,0,19,0.033333333,0,0,0,0,0,0,0,0,0,0,1,2,0
197193,20,907118,1,20,5,7,0,5,0,5,1,19,0.033333333,0,0,0,0,0,0,0,0,0,0,11,20,0
197201,20,907118,1,20,7,7,0,4,2,2,0,19,0.033333333,0,0,0,0,0,0,0,0,0,0,7,20,0
197207,12,91935,2,8,2,3,0,2,0,2,1,26,0.033333333,0,0,0,0,0,0,0,0,0,0,6,8,0
197231,2,907118,1,2,2,0,0,0,0,0,0,19,0.033333333,0,0,0,0,0,0,0,0,0,0,2,2,0
197233,3,907118,2,1,1,0,0,0,0,0,0,19,0.033333333,0,0,0,0,0,0,0,0,0,0,1,1,0
197236,16,907118,1,16,10,4,0,1,0,1,0,19,0.033333333,0,0,0,0,0,0,0,0,0,0,9,16,0
197245,7,907118,1,7,1,3,0,2,0,2,0,19,0.033333333,0,0,0,0,0,0,0,0,0,0,4,7,0
197246,25,907118,1,25,7,10,0,5,0,5,0,19,0.033333333,0,0,0,0,0,0,0,0,0,0,10,25,0
197249,5,907118,1,5,2,2,0,1,0,1,0,19,0.033333333,0,0,0,0,0,0,0,0,0,0,4,5,0
197253,20,89830,2,1,1,0,0,0,0,0,0,108,0.033333333,0,0,1,0,0,0,0,0,0,0,1,1,0
197261,83,907118,1,83,14,47,3,15,0,31,0,19,0.033333333,0,0,0,0,0,0,0,0,0,0,11,83,0
197268,8,155579,1,8,3,2,0,1,0,2,1,17,0.033333333,0,8,0,0,0,0,0,0,0,0,4,8,0
197271,21,907118,1,21,3,8,0,6,0,5,4,19,0.033333333,0,0,0,0,0,0,0,0,0,0,13,21,0
197280,81,89830,4,3,3,0,0,0,0,0,0,108,0.033333333,0,0,3,0,0,0,0,0,0,0,2,3,0
197302,14,907118,1,14,9,2,0,1,1,1,0,19,0.033333333,0,0,0,0,0,0,0,0,0,0,8,14,0
197305,34,907118,1,34,12,11,0,5,2,8,3,19,0.033333333,0,0,0,0,0,0,0,0,0,0,15,34,0
197309,52,907118,3,3,2,0,0,0,0,0,0,19,0.033333333,0,0,0,0,0,0,0,0,0,0,3,3,0
197319,27,907118,1,27,19,6,0,0,1,3,0,19,0.033333333,0,0,0,0,0,0,0,0,0,0,8,27,0
197321,165,907118,2,4,3,0,0,0,1,0,0,19,0.033333333,0,0,0,0,0,0,0,0,0,0,3,4,0
197334,9,907118,1,9,6,2,0,1,0,1,0,19,0.033333333,0,0,0,0,0,0,0,0,0,0,4,9,0
197335,5,907118,1,5,2,2,0,1,0,1,0,19,0.033333333,0,0,0,0,0,0,0,0,0,0,4,5,0
197351,5,155579,1,5,1,2,0,1,0,1,1,17,0.033333333,0,5,0,0,0,0,0,0,0,0,4,5,0
197365,6,907118,1,6,3,2,0,1,0,1,0,19,0.033333333,0,0,0,0,0,0,0,0,0,0,4,6,0
197366,33,907118,2,22,7,7,0,6,1,6,0,19,0.033333333,0,0,0,0,0,0,0,0,0,0,10,22,0
197376,17,89830,2,7,3,2,0,1,0,1,1,108,0.033333333,0,0,7,0,0,0,0,0,0,0,5,7,0
197390,4,907118,1,4,4,0,0,0,0,0,0,19,0.033333333,0,0,0,0,0,0,0,0,0,0,2,4,0
197392,14,907118,1,14,9,2,0,1,1,1,0,19,0.033333333,0,0,0,0,0,0,0,0,0,0,7,14,0
197394,24,907118,1,24,11,8,0,1,1,4,0,19,0.033333333,0,0,0,0,0,0,0,0,0,0,9,24,0
197415,1,907118,1,1,1,0,0,0,0,0,0,19,0.033333333,0,0,0,0,0,0,0,0,0,0,1,1,0
197417,1,89830,1,1,1,0,0,0,0,0,0,108,0.033333333,0,0,1,0,0,0,0,0,0,0,1,1,0
197422,2,89830,1,2,2,0,0,0,0,0,0,108,0.033333333,0,0,2,0,0,0,0,0,0,0,2,2,0
197434,82,907118,1,82,10,52,0,20,0,38,0,19,0.033333333,0,0,0,0,0,0,0,0,0,0,15,82,0
197443,6,907118,1,6,1,3,0,2,0,2,0,19,0.033333333,0,0,0,0,0,0,0,0,0,0,4,6,0
197447,24,907118,1,24,6,9,0,7,0,8,0,19,0.033333333,0,0,0,0,0,0,0,0,0,0,10,24,0
197448,21,907118,1,21,20,0,0,0,1,0,0,19,0.033333333,0,0,0,0,0,0,0,0,0,0,4,21,0
197469,6,155579,1,6,1,2,0,1,0,2,1,17,0.033333333,0,6,0,0,0,0,0,0,0,0,4,6,0
197471,11,907118,1,11,1,7,0,3,0,6,0,19,0.033333333,0,0,0,0,0,0,0,0,0,0,6,11,0
197483,74,907118,1,74,7,28,2,20,0,37,7,19,0.066666667,0,0,0,0,0,0,0,0,0,0,23,66,0
197487,1,89830,1,1,1,0,0,0,0,0,0,108,0.033333333,0,0,1,0,0,0,0,0,0,0,1,1,0
197492,28,907118,1,28,24,2,0,1,1,1,0,19,0.033333333,0,0,0,0,0,0,0,0,0,0,7,28,0
197493,3,907118,1,3,3,0,0,0,0,0,0,19,0.033333333,0,0,0,0,0,0,0,0,0,0,2,3,0
197518,2,907118,1,2,2,0,0,0,0,0,0,19,0.033333333,0,0,0,0,0,0,0,0,0,0,2,2,0
197525,3,907118,2,2,2,0,0,0,0,0,0,19,0.033333333,0,0,0,0,0,0,0,0,0,0,2,2,0
197531,5,89830,1,5,1,3,0,1,0,2,0,108,0.033333333,0,0,0,5,0,0,0,0,0,0,3,5,0
197534,2,155579,1,2,2,0,0,0,0,0,0,17,0.033333333,0,2,0,0,0,0,0,0,0,0,1,2,0
197536,36,907118,1,36,23,6,0,4,0,4,1,19,0.033333333,0,0,0,0,0,0,0,0,0,0,10,36,0
197554,4,110497,1,4,2,2,0,0,0,1,0,24,0.033333333,0,0,0,0,0,0,0,0,0,0,4,4,0
197557,1,457932,1,1,1,0,0,0,0,0,0,21,0.033333333,0,0,0,0,0,0,0,0,0,0,1,1,0
197560,3,188602,1,3,3,0,0,0,0,0,0,96,0.033333333,0,0,0,0,0,0,0,0,0,0,1,3,0
197561,634,127749,5,1,1,0,0,0,0,0,0,102,0.033333333,0,0,0,0,0,0,0,0,0,0,1,1,0
197575,248,24979,5,42,7,5,5,2,20,4,1,25,0.066666667,0,0,0,0,0,0,0,0,0,0,13,1,41
197583,132,399092,3,2,2,0,0,0,0,0,0,101,0.033333333,0,0,0,0,0,0,0,0,0,0,1,2,0
197585,43,346877,1,43,3,8,18,0,4,14,0,9,0.033333333,0,0,0,0,0,0,0,0,0,0,11,43,0
197588,131,457932,4,103,8,27,19,22,6,23,13,21,0.033333333,0,0,0,0,0,0,0,0,0,0,31,103,0
197611,8,399092,1,8,2,4,0,2,0,1,0,101,0.033333333,0,0,0,0,0,0,0,0,0,0,4,8,0
197621,28,399092,1,28,2,9,0,8,0,8,7,101,0.033333333,0,0,0,0,0,0,0,0,0,0,13,28,0
197623,8,260769,2,6,2,2,0,1,0,1,1,0,0.033333333,0,0,0,0,0,0,0,0,0,0,5,6,0
197638,5,110497,1,5,1,2,0,1,0,1,1,24,0.033333333,0,0,0,0,0,0,0,0,0,0,4,5,0
197651,2,247683,2,1,1,0,0,0,0,0,0,23,0.033333333,0,0,0,0,0,0,0,0,0,0,1,1,0
197667,6,110497,1,6,2,2,0,1,0,1,1,24,0.033333333,0,0,0,0,0,0,0,0,0,0,5,6,0
197683,6,140022,6,1,1,0,0,0,0,0,0,232,0.033333333,0,0,0,0,0,0,0,0,0,0,1,1,0
197684,6,85576,6,1,1,0,0,0,0,0,0,54,0.033333333,0,0,0,0,0,0,0,0,0,0,1,1,0
197688,36,502584,6,1,1,0,0,0,0,0,0,143,0.033333333,0,0,0,0,0,0,0,0,0,0,1,1,0
197689,6,250865,1,6,2,2,0,1,0,1,1,34,0.033333333,0,0,0,0,0,0,0,0,0,0,5,6,0
197732,16,346877,2,8,3,3,0,1,0,2,1,9,0.033333333,0,0,0,0,0,0,0,0,0,0,4,8,0
197737,36,346877,3,4,2,2,0,0,0,1,0,9,0.033333333,0,0,0,0,0,0,0,0,0,0,4,4,0
197741,9,502584,1,9,2,3,0,2,0,2,2,143,0.033333333,0,0,0,0,0,0,0,0,0,0,7,9,0
197766,302,247683,2,44,5,27,0,7,3,14,2,23,0.066666667,0,0,0,0,0,0,0,0,0,0,12,29,15
197771,1,457932,1,1,1,0,0,0,0,0,0,21,0.033333333,0,0,0,0,0,0,0,0,0,0,1,1,0
197779,23,260769,2,17,4,6,0,4,0,3,3,0,0.033333333,0,0,0,0,0,0,0,0,0,0,6,17,0
197795,91,260769,1,91,10,32,0,16,2,37,11,0,0.033333333,0,0,0,0,0,0,0,0,0,0,14,91,0
197813,12,502584,1,12,2,5,0,3,0,2,2,143,0.033333333,0,0,0,0,0,0,0,0,0,0,6,12,0
197815,8,260769,1,8,4,2,0,1,0,1,1,0,0.033333333,0,0,0,0,0,0,0,0,0,0,5,8,0
197816,33,260769,2,21,9,4,0,3,0,4,3,0,0.033333333,0,0,0,0,0,0,0,0,0,0,10,21,0
197826,238,250865,4,5,1,2,0,1,0,1,1,34,0.033333333,0,0,0,0,0,0,0,0,0,0,4,5,0
197827,19,85168,2,1,1,0,0,0,0,0,0,139,0.033333333,0,0,0,0,0,0,0,0,0,0,1,1,0
197831,10,46603,2,1,1,0,0,0,0,0,0,5,0.033333333,0,0,0,0,0,0,0,0,0,0,1,1,0
197837,754,250865,3,1,1,0,0,0,0,0,0,34,0.033333333,0,0,0,0,0,0,0,0,0,0,1,1,0
197838,6,260769,1,6,2,2,0,1,0,1,1,0,0.033333333,0,0,0,0,0,0,0,0,0,0,5,6,0
197847,297,250865,4,14,1,5,0,4,0,4,4,34,0.033333333,0,0,0,0,0,0,0,0,0,0,4,14,0
197849,122,457932,1,122,21,69,15,1,7,51,1,21,0.033333333,0,0,0,0,0,0,0,0,0,0,26,122,0
197869,36,260769,2,35,4,11,1,8,0,14,3,0,0.033333333,0,0,0,0,0,0,0,0,0,0,11,35,0
197871,170,140022,5,14,1,6,0,4,0,3,3,232,0.033333333,0,0,0,0,0,0,0,0,0,0,7,14,0
197875,34,457932,1,34,4,13,14,0,0,12,0,21,0.033333333,0,0,0,0,0,0,0,0,0,0,20,34,0
197878,7,260769,1,7,2,3,0,1,0,2,1,0,0.033333333,0,0,0,0,0,0,0,0,0,0,6,7,0
197879,14,260769,1,14,2,5,0,4,0,4,3,0,0.033333333,0,0,0,0,0,0,0,0,0,0,10,14,0
197882,82,457932,2,53,3,16,13,11,0,15,10,21,0.033333333,0,0,0,0,0,0,0,0,0,0,19,53,0
197888,47,250865,2,46,12,21,0,10,1,10,2,34,0.033333333,0,0,0,0,0,0,0,0,0,0,9,46,0
197893,63,260769,1,63,11,36,0,2,1,39,1,0,0.033333333,0,0,0,0,0,0,0,0,0,0,11,63,0
197895,170,260769,3,57,4,15,15,9,0,14,6,0,0.033333333,0,0,0,0,0,0,0,0,0,0,16,57,0
197899,6,260769,1,6,2,2,0,1,0,1,1,0,0.033333333,0,0,0,0,0,0,0,0,0,0,5,6,0
197901,15,85168,1,15,4,5,0,3,0,3,3,139,0.033333333,0,0,0,0,0,0,0,0,0,0,10,15,0
197918,5,110497,1,5,4,0,0,0,1,0,0,24,0.033333333,0,0,0,0,0,0,0,0,0,0,4,5,0
197926,54,188602,5,5,1,2,0,1,0,1,1,96,0.033333333,0,0,0,0,0,0,0,0,0,0,4,5,0
197928,1,127749,1,1,1,0,0,0,0,0,0,102,0.033333333,0,0,0,0,0,0,0,0,0,0,1,1,0
197938,37,260769,4,10,1,4,0,3,0,3,2,0,0.033333333,0,0,0,0,0,0,0,0,0,0,6,10,0
197949,27,457932,2,1,1,0,0,0,0,0,0,21,0.033333333,0,0,0,0,0,0,0,0,0,0,1,1,0
197953,41,457932,2,21,8,2,5,1,2,1,0,21,0.033333333,0,0,0,0,0,0,0,0,0,0,9,21,0
197956,1,250865,1,1,1,0,0,0,0,0,0,34,0.033333333,0,0,0,0,0,0,0,0,0,0,1,1,0
197958,41,250865,2,20,2,8,0,6,0,7,2,34,0.033333333,0,0,0,0,0,0,0,0,0,0,7,20,0
197966,1,110497,1,1,1,0,0,0,0,0,0,24,0.033333333,0,0,0,0,0,0,0,0,0,0,1,1,0
197976,3,110497,1,3,3,0,0,0,0,0,0,24,0.033333333,0,0,0,0,0,0,0,0,0,0,2,3,0
197989,208,399092,7,41,3,6,18,1,0,9,1,101,0.033333333,0,0,0,0,0,0,0,0,0,0,10,41,0
197990,4,127749,1,4,4,0,0,0,0,0,0,102,0.033333333,0,0,0,0,0,0,0,0,0,0,2,4,0
197999,289,127749,5,2,2,0,0,0,0,0,0,102,0.033333333,0,0,0,0,0,0,0,0,0,0,2,2,0
198002,10,127749,2,9,4,2,0,1,1,1,1,102,0.033333333,0,0,0,0,0,0,0,0,0,0,5,9,0
198011,171,250865,2,16,1,2,0,1,0,8,1,34,0.033333333,0,0,0,0,0,0,0,0,0,0,4,16,0
198015,74,85576,1,74,8,12,30,7,1,15,4,54,0.033333333,0,0,0,0,0,0,0,0,0,0,11,74,0
198020,303,127749,8,7,2,3,0,1,0,2,1,102,0.033333333,0,0,0,0,0,0,0,0,0,0,5,7,0
198025,2,261579,1,2,2,0,0,0,0,0,0,5,0.033333333,0,0,0,0,0,0,0,0,0,0,2,2,0
198027,303,457932,8,11,2,4,2,2,0,3,1,21,0.033333333,0,0,0,0,0,0,0,0,0,0,7,11,0
198038,17,457932,1,17,2,5,3,3,1,4,2,21,0.033333333,0,0,0,0,0,0,0,0,0,0,10,17,0
198042,16,457932,1,16,2,6,2,3,0,6,2,21,0.033333333,0,0,0,0,0,0,0,0,0,0,10,16,0
198049,1,457932,1,1,1,0,0,0,0,0,0,21,0.033333333,0,0,0,0,0,0,0,0,0,0,1,1,0
198052,54,502584,5,6,2,2,0,1,0,1,1,143,0.033333333,0,0,0,0,0,0,0,0,0,0,5,6,0
198054,14,250865,1,14,1,6,0,4,0,3,3,34,0.033333333,0,0,0,0,0,0,0,0,0,0,7,14,0
198061,40,260769,2,8,2,3,0,1,1,2,1,0,0.033333333,0,0,0,0,0,0,0,0,0,0,5,8,0
198088,4,110497,1,4,2,2,0,0,0,1,0,24,0.033333333,0,0,0,0,0,0,0,0,0,0,4,4,0
198094,94,85576,2,1,1,0,0,0,0,0,0,54,0.033333333,0,0,0,0,0,0,0,0,0,0,1,1,0
198099,143,260769,4,8,1,3,0,2,0,2,2,0,0.033333333,0,0,0,0,0,0,0,0,0,0,6,8,0
198101,172,110497,2,15,1,3,0,2,7,2,2,24,0.033333333,0,0,0,0,0,0,0,0,0,0,6,15,0
198108,888,127749,6,264,15,71,64,30,41,58,21,102,0.033333333,0,0,0,0,0,0,0,0,0,0,46,264,0
198111,2,46603,2,1,1,0,0,0,0,0,0,5,0.033333333,0,0,0,0,0,0,0,0,0,0,1,1,0
198130,56,457932,3,3,2,0,0,0,1,0,0,21,0.033333333,0,0,0,0,0,0,0,0,0,0,3,3,0
198134,1,261579,1,1,1,0,0,0,0,0,0,5,0.033333333,0,0,0,0,0,0,0,0,0,0,1,1,0
198136,10,399092,1,10,3,4,0,2,0,3,1,101,0.033333333,0,0,0,0,0,0,0,0,0,0,6,10,0
198146,532,250865,4,1,1,0,0,0,0,0,0,34,0.033333333,0,0,0,0,0,0,0,0,0,0,1,1,0
198152,4,188602,1,4,4,0,0,0,0,0,0,96,0.033333333,0,0,0,0,0,0,0,0,0,0,2,4,0
198160,883,127749,4,20,5,7,0,5,0,3,3,102,0.033333333,0,0,0,0,0,0,0,0,0,0,8,20,0
198167,98,250865,2,79,4,15,4,1,48,19,0,34,0.033333333,0,0,0,0,0,0,0,0,0,0,11,79,0
198173,42,24979,3,8,1,3,0,2,0,2,2,25,0.033333333,0,0,0,0,0,0,0,0,0,0,6,8,0
198175,16,457932,1,16,4,6,0,4,0,3,2,21,0.033333333,0,0,0,0,0,0,0,0,0,0,10,16,0
198188,1,346877,1,1,1,0,0,0,0,0,0,9,0.033333333,0,0,0,0,0,0,0,0,0,0,1,1,0
198193,9,127749,1,9,5,2,0,1,0,1,1,102,0.033333333,0,0,0,0,0,0,0,0,0,0,5,9,0
198195,35,457932,1,35,7,5,8,3,8,2,0,21,0.033333333,0,0,0,0,0,0,0,0,0,0,11,35,0
198196,8,399092,2,1,1,0,0,0,0,0,0,101,0.033333333,0,0,0,0,0,0,0,0,0,0,1,1,0
198199,25,250865,5,1,1,0,0,0,0,0,0,34,0.033333333,0,0,0,0,0,0,0,0,0,0,1,1,0
198205,699,260769,10,18,3,7,0,2,0,7,5,0,0.033333333,0,0,0,0,0,0,0,0,0,0,8,18,0
198210,25,250865,2,1,1,0,0,0,0,0,0,34,0.033333333,0,0,0,0,0,0,0,0,0,0,1,1,0
198213,50,260769,3,6,3,1,0,1,0,1,1,0,0.033333333,0,0,0,0,0,0,0,0,0,0,6,6,0
198230,25,110497,2,16,3,6,0,4,0,3,3,24,0.033333333,0,0,0,0,0,0,0,0,0,0,8,16,0
198246,10,261579,2,8,5,0,0,0,3,0,0,5,0.033333333,0,0,0,0,0,0,0,0,0,0,6,8,0
198247,71,110497,3,31,4,15,0,8,0,8,4,24,0.033333333,0,0,0,0,0,0,0,0,0,0,14,31,0
198257,32,127749,4,1,1,0,0,0,0,0,0,102,0.033333333,0,0,0,0,0,0,0,0,0,0,1,1,0
198263,27,457932,1,27,5,5,6,3,0,8,2,21,0.033333333,0,0,0,0,0,0,0,0,0,0,10,27,0
198270,187,261579,4,9,2,3,0,2,0,2,2,5,0.033333333,0,0,0,0,0,0,0,0,0,0,7,9,0
198272,485,261579,3,1,1,0,0,0,0,0,0,5,0.033333333,0,0,0,0,0,0,0,0,0,0,1,1,0
198273,8,346877,2,6,2,2,0,1,0,1,1,9,0.033333333,0,0,0,0,0,0,0,0,0,0,5,6,0
198285,1,457932,1,1,1,0,0,0,0,0,0,21,0.033333333,0,0,0,0,0,0,0,0,0,0,1,1,0
198289,82,457932,2,51,8,15,5,12,0,11,7,21,0.033333333,0,0,0,0,0,0,0,0,0,0,19,51,0
198303,6,85168,1,6,2,2,0,1,0,1,1,139,0.033333333,0,0,0,0,0,0,0,0,0,0,5,6,0
198304,28,457932,2,7,1,3,0,2,0,2,1,21,0.033333333,0,0,0,0,0,0,0,0,0,0,5,7,0
198307,71,140022,3,9,2,3,0,2,0,2,2,232,0.033333333,0,0,0,0,0,0,0,0,0,0,7,9,0
198310,18,127749,3,12,1,4,0,3,0,4,3,102,0.033333333,0,0,0,0,0,0,0,0,0,0,8,12,0
198327,682,247683,6,1,1,0,0,0,0,0,0,23,0.033333333,0,0,0,0,0,0,0,0,0,0,1,1,0
198342,449,346877,8,1,1,0,0,0,0,0,0,9,0.033333333,0,0,0,0,0,0,0,0,0,0,1,1,0
198343,23,346877,1,23,2,6,0,4,3,11,2,9,0.033333333,0,0,0,0,0,0,0,0,0,0,8,23,0
198344,2,127749,2,1,1,0,0,0,0,0,0,102,0.033333333,0,0,0,0,0,0,0,0,0,0,1,1,0
198348,22,140022,3,5,1,2,0,1,0,1,1,232,0.033333333,0,0,0,0,0,0,0,0,0,0,4,5,0
198354,7,399092,1,7,4,2,0,1,0,1,0,101,0.033333333,0,0,0,0,0,0,0,0,0,0,5,7,0
198356,86,399092,2,1,1,0,0,0,0,0,0,101,0.033333333,0,0,0,0,0,0,0,0,0,0,1,1,0
198364,281,110497,5,31,3,9,4,6,0,13,3,24,0.033333333,0,0,0,0,0,0,0,0,0,0,15,31,0
198391,32,457932,2,30,6,3,5,0,4,6,0,21,0.033333333,0,0,0,0,0,0,0,0,0,0,9,30,0
198395,6,502584,1,6,3,1,0,1,0,1,1,143,0.033333333,0,0,0,0,0,0,0,0,0,0,6,6,0
198419,2082,27035,15,1,1,0,0,0,0,0,0,60,0.033333333,0,0,0,0,0,0,0,0,0,0,1,1,0
198424,68,457932,1,68,7,31,11,10,0,30,8,21,0.033333333,0,0,0,0,0,0,0,0,0,0,27,68,0
198428,148,260769,3,4,2,2,0,0,0,1,0,0,0.033333333,0,0,0,0,0,0,0,0,0,0,3,4,0
198446,595,346877,7,4,1,3,0,0,0,2,0,9,0.033333333,0,0,0,0,0,0,0,0,0,0,4,4,0
198449,451,346877,9,4,2,2,0,0,0,1,0,9,0.033333333,0,0,0,0,0,0,0,0,0,0,4,4,0
198462,111,140022,1,111,7,27,28,11,5,44,2,232,0.033333333,0,0,0,0,0,0,0,0,0,0,20,111,0
198463,148,457932,4,1,1,0,0,0,0,0,0,21,0.033333333,0,0,0,0,0,0,0,0,0,0,1,1,0
198470,322,457932,3,1,1,0,0,0,0,0,0,21,0.033333333,0,0,0,0,0,0,0,0,0,0,1,1,0
198476,36,502584,1,36,6,11,0,8,1,9,5,143,0.033333333,0,0,0,0,0,0,0,0,0,0,13,36,0
198479,1,127749,1,1,1,0,0,0,0,0,0,102,0.033333333,0,0,0,0,0,0,0,0,0,0,1,1,0
198482,22,250865,5,2,2,0,0,0,0,0,0,34,0.033333333,0,0,0,0,0,0,0,0,0,0,2,2,0
198485,65,110497,3,50,10,10,9,9,0,15,3,24,0.033333333,0,0,0,0,0,0,0,0,0,0,16,50,0
198486,11,346877,1,11,1,4,0,3,0,3,3,9,0.033333333,0,0,0,0,0,0,0,0,0,0,4,11,0
198500,20,85576,2,7,2,3,0,1,0,2,1,54,0.033333333,0,0,0,0,0,0,0,0,0,0,4,7,0
198504,1190,457932,7,15,1,5,0,4,2,4,3,21,0.033333333,0,0,0,0,0,0,0,0,0,0,9,15,0
198506,71,127749,3,25,8,7,0,5,1,4,3,102,0.033333333,0,0,0,0,0,0,0,0,0,0,14,25,0
198507,132,457932,4,2,2,0,0,0,0,0,0,21,0.033333333,0,0,0,0,0,0,0,0,0,0,1,2,0
198510,213,140022,8,1,1,0,0,0,0,0,0,232,0.033333333,0,0,0,0,0,0,0,0,0,0,1,1,0
198529,22,85576,2,10,2,3,0,2,0,3,2,54,0.033333333,0,0,0,0,0,0,0,0,0,0,7,10,0
198534,40,457932,2,39,6,11,5,8,2,6,5,21,0.033333333,0,0,0,0,0,0,0,0,0,0,20,39,0
198537,27,188602,3,1,1,0,0,0,0,0,0,96,0.033333333,0,0,0,0,0,0,0,0,0,0,1,1,0
198542,9,110497,2,6,2,2,0,1,0,1,1,24,0.033333333,0,0,0,0,0,0,0,0,0,0,5,6,0
198547,4,346877,2,2,2,0,0,0,0,0,0,9,0.033333333,0,0,0,0,0,0,0,0,0,0,2,2,0
198557,26,260769,3,24,5,8,0,5,0,6,4,0,0.033333333,0,0,0,0,0,0,0,0,0,0,12,24,0
198566,46,127749,2,26,1,9,0,8,0,8,8,102,0.033333333,0,0,0,0,0,0,0,0,0,0,18,26,0
198581,130,346877,3,2,2,0,0,0,0,0,0,9,0.033333333,0,0,0,0,0,0,0,0,0,0,2,2,0
198584,1,127749,1,1,1,0,0,0,0,0,0,102,0.033333333,0,0,0,0,0,0,0,0,0,0,1,1,0
198588,83,110497,2,9,2,3,0,2,0,2,2,24,0.033333333,0,0,0,0,0,0,0,0,0,0,7,9,0
198591,10,140022,1,10,1,2,0,1,0,4,1,232,0.033333333,0,0,0,0,0,0,0,0,0,0,4,10,0
198603,13,346877,1,13,7,3,0,1,0,2,1,9,0.033333333,0,0,0,0,0,0,0,0,0,0,8,13,0
198625,46,140022,7,1,1,0,0,0,0,0,0,232,0.033333333,0,0,0,0,0,0,0,0,0,0,1,1,0
198626,46,110497,7,2,2,0,0,0,0,0,0,24,0.033333333,0,0,0,0,0,0,0,0,0,0,1,2,0
198636,92,457932,4,25,5,5,9,2,0,7,1,21,0.033333333,0,0,0,0,0,0,0,0,0,0,13,25,0
198650,367,247683,5,1,1,0,0,0,0,0,0,23,0.033333333,0,0,0,0,0,0,0,0,0,0,1,1,0
198655,63,247683,5,1,1,0,0,0,0,0,0,23,0.033333333,0,0,0,0,0,0,0,0,0,0,1,1,0
198676,7,127749,1,7,5,0,0,0,1,0,0,102,0.033333333,0,0,0,0,0,0,0,0,0,0,5,7,0
198698,23,457932,1,23,7,6,5,0,1,4,0,21,0.033333333,0,0,0,0,0,0,0,0,0,0,12,23,0
198702,5,399092,1,5,4,0,0,0,1,0,0,101,0.033333333,0,0,0,0,0,0,0,0,0,0,4,5,0
198705,8,46603,3,1,1,0,0,0,0,0,0,5,0.033333333,0,0,0,0,0,0,0,0,0,0,1,1,0
198709,8,85168,3,2,2,0,0,0,0,0,0,139,0.033333333,0,0,0,0,0,0,0,0,0,0,2,2,0
198716,1,260769,1,1,1,0,0,0,0,0,0,0,0.033333333,0,0,0,0,0,0,0,0,0,0,1,1,0
198734,104,346877,3,5,1,4,0,0,0,3,0,9,0.033333333,0,0,0,0,0,0,0,0,0,0,5,5,0
198736,7,250865,1,7,3,2,0,1,0,1,1,34,0.033333333,0,0,0,0,0,0,0,0,0,0,5,7,0
198746,157,260769,4,17,2,6,0,5,0,5,4,0,0.033333333,0,0,0,0,0,0,0,0,0,0,8,17,0
198762,33,250865,1,33,3,9,0,7,0,15,3,34,0.033333333,0,0,0,0,0,0,0,0,0,0,10,33,0
198764,14,457932,1,14,7,3,0,2,2,2,0,21,0.033333333,0,0,0,0,0,0,0,0,0,0,4,14,0
198782,14,399092,1,14,1,5,0,4,0,5,2,101,0.033333333,0,0,0,0,0,0,0,0,0,0,8,14,0
198790,17,457932,2,9,1,2,5,0,0,1,0,21,0.033333333,0,0,0,0,0,0,0,0,0,0,4,9,0
198792,13,127749,2,1,1,0,0,0,0,0,0,102,0.033333333,0,0,0,0,0,0,0,0,0,0,1,1,0
198808,35,250865,2,2,2,0,0,0,0,0,0,34,0.033333333,0,0,0,0,0,0,0,0,0,0,2,2,0
198820,71,346877,3,1,1,0,0,0,0,0,0,9,0.033333333,0,0,0,0,0,0,0,0,0,0,1,1,0
198821,379,457932,3,31,2,10,2,9,0,9,8,21,0.033333333,0,0,0,0,0,0,0,0,0,0,17,31,0
198838,157,250865,4,5,1,2,0,1,0,1,1,34,0.033333333,0,0,0,0,0,0,0,0,0,0,4,5,0
198854,74,457932,2,59,8,15,4,12,10,12,7,21,0.033333333,0,0,0,0,0,0,0,0,0,0,18,59,0
198856,21,457932,1,21,3,10,4,1,1,7,1,21,0.033333333,0,0,0,0,0,0,0,0,0,0,9,21,0
198866,81,127749,3,1,1,0,0,0,0,0,0,102,0.033333333,0,0,0,0,0,0,0,0,0,0,1,1,0
198870,54,346877,2,53,6,13,9,11,1,15,6,9,0.033333333,0,0,0,0,0,0,0,0,0,0,17,53,0
198873,1,260769,1,1,1,0,0,0,0,0,0,0,0.033333333,0,0,0,0,0,0,0,0,0,0,1,1,0
198877,353,250865,2,1,1,0,0,0,0,0,0,34,0.033333333,0,0,0,0,0,0,0,0,0,0,1,1,0
198885,65,457932,4,16,2,4,4,3,0,3,2,21,0.033333333,0,0,0,0,0,0,0,0,0,0,9,16,0
198891,278,188602,2,10,1,5,0,3,0,5,0,96,0.033333333,0,0,0,0,0,0,0,0,0,0,6,10,0
198892,404,261579,3,2,2,0,0,0,0,0,0,5,0.033333333,0,0,0,0,0,0,0,0,0,0,1,2,0
198920,13,110497,2,6,2,2,0,1,0,1,1,24,0.033333333,0,0,0,0,0,0,0,0,0,0,5,6,0
198921,110,457932,2,12,2,4,2,3,0,3,1,21,0.033333333,0,0,0,0,0,0,0,0,0,0,7,12,0
198928,52,260769,2,8,2,2,0,1,0,2,1,0,0.033333333,0,0,0,0,0,0,0,0,0,0,5,8,0
198935,7,502584,1,7,2,2,0,1,1,1,1,143,0.033333333,0,0,0,0,0,0,0,0,0,0,5,7,0
198936,17,85168,2,9,2,3,0,2,0,2,2,139,0.033333333,0,0,0,0,0,0,0,0,0,0,7,9,0
198941,17,457932,2,8,2,3,0,2,0,2,1,21,0.033333333,0,0,0,0,0,0,0,0,0,0,6,8,0
198943,22,261579,5,2,2,0,0,0,0,0,0,5,0.033333333,0,0,0,0,0,0,0,0,0,0,1,2,0
198945,3,110497,3,1,1,0,0,0,0,0,0,24,0.033333333,0,0,0,0,0,0,0,0,0,0,1,1,0
198953,5,247683,1,5,1,2,0,1,0,1,1,23,0.033333333,0,0,0,0,0,0,0,0,0,0,4,5,0
198955,68,346877,2,9,2,3,0,2,0,2,2,9,0.033333333,0,0,0,0,0,0,0,0,0,0,7,9,0
198959,22,457932,1,22,6,5,1,4,3,3,2,21,0.033333333,0,0,0,0,0,0,0,0,0,0,12,22,0
198986,413,457932,3,15,6,2,4,1,1,1,0,21,0.033333333,0,0,0,0,0,0,0,0,0,0,7,15,0
198991,43,85576,4,1,1,0,0,0,0,0,0,54,0.033333333,0,0,0,0,0,0,0,0,0,0,1,1,0
198993,43,127749,4,1,1,0,0,0,0,0,0,102,0.033333333,0,0,0,0,0,0,0,0,0,0,1,1,0
199002,1,42723,1,1,1,0,0,0,0,0,0,6,0.033333333,0,0,0,0,0,0,0,0,0,0,1,1,0
199012,2,110497,1,2,2,0,0,0,0,0,0,24,0.033333333,0,0,0,0,0,0,0,0,0,0,1,2,0
199013,444,110497,8,1,1,0,0,0,0,0,0,24,0.033333333,0,0,0,0,0,0,0,0,0,0,1,1,0
199016,35,85576,2,27,10,4,0,1,1,9,0,54,0.033333333,0,0,0,0,0,0,0,0,0,0,8,27,0
199044,557,85576,9,13,4,3,0,2,1,2,2,54,0.033333333,0,0,0,0,0,0,0,0,0,0,6,13,0
199046,32,346877,1,32,2,9,4,8,0,14,3,9,0.033333333,0,0,0,0,0,0,0,0,0,0,13,32,0
199049,5,85576,2,1,1,0,0,0,0,0,0,54,0.033333333,0,0,0,0,0,0,0,0,0,0,1,1,0
199057,5,85576,1,5,1,0,0,0,4,0,0,54,0.033333333,0,0,0,0,0,0,0,0,0,0,2,5,0
199074,7,399092,1,7,7,0,0,0,0,0,0,101,0.033333333,0,0,0,0,0,0,0,0,0,0,2,7,0
199085,13,907118,1,13,4,5,0,3,0,2,0,19,0.033333333,0,0,0,0,0,0,0,0,0,0,7,13,0
199103,39,907118,1,39,7,16,0,11,0,7,5,19,0.033333333,0,0,0,0,0,0,0,0,0,0,14,39,0
199111,8,155579,1,8,5,1,0,1,0,1,0,17,0.033333333,0,0,0,0,0,0,0,0,0,0,5,8,0
199119,10,907118,1,10,4,2,0,1,2,2,0,19,0.033333333,0,0,0,0,0,0,0,0,0,0,5,10,0
199120,13,907118,1,13,1,5,0,4,0,4,3,19,0.033333333,0,0,0,0,0,0,0,0,0,0,9,13,0
199122,59,907118,1,59,7,23,3,17,0,16,8,19,0.033333333,0,0,0,0,0,0,0,0,0,0,19,59,0
199123,1,91935,1,1,1,0,0,0,0,0,0,26,0.033333333,0,1,0,0,0,0,0,0,0,0,1,1,0
199124,27,907118,1,27,9,8,0,5,0,9,1,19,0.033333333,0,0,0,0,0,0,0,0,0,0,9,27,0
199129,970,89830,13,1,1,0,0,0,0,0,0,108,0.033333333,0,0,0,0,0,0,0,0,0,0,1,1,0
199172,3,907118,1,3,2,0,0,0,1,0,0,19,0.033333333,0,0,0,0,0,0,0,0,0,0,3,3,0
199173,7,89830,1,7,2,2,0,1,1,1,1,108,0.033333333,0,0,0,0,0,0,0,0,0,0,5,7,0
199180,15,907118,1,15,6,4,0,3,0,3,1,19,0.033333333,0,0,0,0,0,0,0,0,0,0,8,15,0
199190,2,907118,1,2,2,0,0,0,0,0,0,19,0.033333333,0,0,0,0,0,0,0,0,0,0,2,2,0
199194,2,907118,1,2,2,0,0,0,0,0,0,19,0.033333333,0,0,0,0,0,0,0,0,0,0,1,2,0
199203,4,21216,1,4,2,2,0,0,0,1,0,19,0.033333333,0,4,0,0,0,0,0,0,0,0,4,4,0
199204,9,21216,2,1,1,0,0,0,0,0,0,19,0.033333333,0,1,0,0,0,0,0,0,0,0,1,1,0
199216,931,21216,15,10,4,2,0,1,2,1,1,19,0.033333333,0,10,0,0,0,0,0,0,0,0,5,10,0
199232,21,155579,2,20,6,7,0,4,1,2,2,17,0.033333333,0,0,0,0,0,0,0,0,0,0,8,20,0
199244,3,155579,1,3,3,0,0,0,0,0,0,17,0.033333333,0,0,0,0,0,0,0,0,0,0,3,3,0
199277,14,91935,2,13,2,5,0,4,0,4,2,26,0.033333333,0,0,0,0,0,0,0,0,0,0,6,13,0
199281,5,89830,1,5,2,3,0,0,0,2,0,108,0.033333333,0,0,0,0,0,0,0,0,0,0,3,5,0
199287,10,89830,1,10,5,2,0,1,0,1,1,108,0.033333333,0,0,0,0,0,0,0,0,0,0,7,10,0
199294,35,155579,3,22,1,5,2,4,1,8,5,17,0.033333333,0,0,0,0,0,0,0,0,0,0,9,22,0
199299,148,89830,1,148,7,30,32,12,1,75,15,108,0.066666667,0,0,0,0,0,0,0,0,0,0,29,110,38
199302,4,155579,1,4,4,0,0,0,0,0,0,17,0.033333333,0,0,0,0,0,0,0,0,0,0,2,4,0
199303,6,91935,1,6,2,2,0,1,0,1,1,26,0.033333333,0,0,0,0,0,0,0,0,0,0,4,6,0
199310,1,89830,1,1,1,0,0,0,0,0,0,108,0.033333333,0,0,0,0,0,0,0,0,0,0,1,1,0
199317,14,89830,2,1,1,0,0,0,0,0,0,108,0.033333333,0,0,0,0,0,0,0,0,0,0,1,1,0
199333,5,89830,1,5,1,2,0,1,0,1,1,108,0.033333333,0,0,0,0,5,0,0,0,0,0,4,5,0
199334,43,91935,2,9,2,3,0,2,0,2,2,26,0.033333333,0,0,9,0,0,0,0,0,0,0,7,9,0
199339,41,907118,2,13,4,5,0,4,0,4,0,19,0.033333333,0,0,0,0,0,0,0,0,0,0,6,13,0
199345,25,907118,1,25,4,9,0,6,1,8,2,19,0.033333333,0,0,0,0,0,0,0,0,0,0,11,25,0
199364,1,91935,1,1,1,0,0,0,0,0,0,26,0.033333333,0,0,1,0,0,0,0,0,0,0,1,1,0
199368,1,907118,1,1,1,0,0,0,0,0,0,19,0.033333333,0,0,0,0,0,0,0,0,0,0,1,1,0
199371,50,91935,2,1,1,0,0,0,0,0,0,26,0.033333333,0,0,1,0,0,0,0,0,0,0,1,1,0
199387,12,907118,1,12,6,2,0,1,1,1,0,19,0.033333333,0,0,0,0,0,0,0,0,0,0,5,12,0
199395,19,907118,1,19,6,7,0,4,1,3,1,19,0.033333333,0,0,0,0,0,0,0,0,0,0,11,19,0
199396,1,155579,1,1,1,0,0,0,0,0,0,17,0.033333333,0,0,0,0,0,0,0,0,0,0,1,1,0
199401,16,907118,1,16,10,3,0,1,1,2,0,19,0.033333333,0,0,0,0,0,0,0,0,0,0,8,16,0
199428,5,907118,1,5,2,2,0,1,0,1,0,19,0.033333333,0,0,0,0,0,0,0,0,0,0,4,5,0
199441,5,907118,2,1,1,0,0,0,0,0,0,19,0.033333333,0,0,0,0,0,0,0,0,0,0,1,1,0
199443,16,907118,1,16,4,4,0,3,3,3,1,19,0.033333333,0,0,0,0,0,0,0,0,0,0,9,16,0
199457,6,907118,1,6,1,4,0,1,0,3,0,19,0.033333333,0,0,0,0,0,0,0,0,0,0,4,6,0
199472,502,91935,8,22,2,7,0,5,0,9,5,26,0.033333333,0,0,22,0,0,0,0,0,0,0,7,22,0
199480,1,89830,1,1,1,0,0,0,0,0,0,108,0.033333333,0,0,0,0,1,0,0,0,0,0,1,1,0
199485,26,907118,1,26,5,6,0,4,8,6,3,19,0.033333333,0,0,0,0,0,0,0,0,0,0,12,26,0
199491,96,652701,3,30,7,13,0,6,0,0,0,3,0.033333333,0,0,0,0,0,0,0,0,0,0,8,30,0
199508,1572,221833,5,1,1,0,0,0,0,0,0,58,0.033333333,0,0,0,0,0,0,0,0,0,0,1,1,0
199513,189,148039,4,1,1,0,0,0,0,0,0,18,0.033333333,0,0,0,0,0,0,0,0,0,0,1,1,0
199514,2,652701,1,2,2,0,0,0,0,0,0,3,0.033333333,0,0,0,0,0,0,0,0,0,0,1,2,0
199516,1135,156596,8,13,3,4,0,3,0,5,1,224,0.033333333,0,0,13,0,0,0,0,0,0,0,6,13,0
199540,19,221833,2,14,4,7,0,2,0,4,0,58,0.033333333,0,0,0,0,0,0,0,0,0,0,9,14,0
199562,27,41550,2,25,4,11,0,8,1,6,1,21,0.033333333,0,0,0,0,0,0,0,0,0,0,10,25,0
199573,289,38356,4,1,1,0,0,0,0,0,0,65,0.033333333,0,0,0,0,0,0,0,1,0,0,1,1,0
199580,2,652701,1,2,2,0,0,0,0,0,0,3,0.033333333,0,0,0,0,0,0,0,0,0,0,2,2,0
199591,3,41550,2,1,1,0,0,0,0,0,0,21,0.033333333,0,0,0,0,0,0,0,0,0,0,1,1,0
199593,47,652701,2,29,11,3,9,0,2,0,0,3,0.033333333,0,0,0,0,0,0,0,0,0,0,8,29,0
199595,6,208752,1,6,2,2,0,1,0,1,1,24,0.033333333,0,0,0,0,0,0,0,0,0,6,5,6,0
199604,9,652701,2,3,2,1,0,0,0,0,0,3,0.033333333,0,0,0,0,0,0,0,0,0,0,3,3,0
199609,12,652701,1,12,6,1,0,0,4,0,0,3,0.033333333,0,0,0,0,0,0,0,0,0,0,6,12,0
199612,6,38356,1,6,2,2,0,1,0,1,1,65,0.033333333,0,0,0,0,0,0,0,6,0,0,5,6,0
199626,95,41550,2,1,1,0,0,0,0,0,0,21,0.033333333,0,0,0,0,0,0,0,0,0,0,1,1,0
199627,8,156596,2,3,3,0,0,0,0,0,0,224,0.033333333,0,0,3,0,0,0,0,0,0,0,2,3,0
199631,1088,38356,12,1,1,0,0,0,0,0,0,65,0.033333333,0,0,0,0,0,0,0,1,0,0,1,1,0
199640,829,156596,9,1,1,0,0,0,0,0,0,224,0.033333333,0,0,1,0,0,0,0,0,0,0,1,1,0
199643,4,652701,2,3,2,1,0,0,0,0,0,3,0.033333333,0,0,0,0,0,0,0,0,0,0,3,3,0
199647,2,652701,1,2,2,0,0,0,0,0,0,3,0.033333333,0,0,0,0,0,0,0,0,0,0,2,2,0
199650,22,652701,2,21,10,4,1,2,0,0,0,3,0.033333333,0,0,0,0,0,0,0,0,0,0,10,21,0
199658,3,652701,1,3,2,0,0,0,1,0,0,3,0.033333333,0,0,0,0,0,0,0,0,0,0,3,3,0
199660,35,148039,3,11,4,5,0,1,0,2,1,18,0.033333333,0,0,0,0,0,0,0,0,0,0,7,11,0
199669,17,221833,2,7,3,2,0,1,0,1,1,58,0.033333333,0,0,0,0,0,0,0,0,0,0,5,7,0
199673,17,652701,2,10,2,3,0,2,0,0,0,3,0.033333333,0,0,0,0,0,0,0,0,0,0,5,10,0
199688,20,652701,2,19,4,8,0,5,0,0,0,3,0.033333333,0,0,0,0,0,0,0,0,0,0,6,19,0
199689,46,652701,2,6,2,2,0,1,0,0,0,3,0.033333333,0,0,0,0,0,0,0,0,0,0,5,6,0
199692,9,652701,1,9,3,2,0,1,2,0,0,3,0.033333333,0,0,0,0,0,0,0,0,0,0,5,9,0
199700,46,156596,2,40,2,17,0,9,0,21,7,224,0.033333333,0,0,0,40,0,0,0,0,0,0,16,40,0
199704,3,38356,3,1,1,0,0,0,0,0,0,65,0.033333333,0,0,0,0,0,0,0,1,0,0,1,1,0
199715,2,221833,2,1,1,0,0,0,0,0,0,58,0.033333333,0,0,0,0,0,0,0,0,0,0,1,1,0
199716,2,41550,2,1,1,0,0,0,0,0,0,21,0.033333333,0,0,0,0,0,0,0,0,0,0,1,1,0
199724,15,652701,1,15,2,3,2,2,3,0,0,3,0.033333333,0,0,0,0,0,0,0,0,0,0,6,15,0
199746,1,652701,1,1,1,0,0,0,0,0,0,3,0.033333333,0,0,0,0,0,0,0,0,0,0,1,1,0
199765,5,38356,1,5,5,0,0,0,0,0,0,65,0.033333333,0,0,0,0,0,0,0,5,0,0,3,5,0
199776,15,652701,1,15,6,2,0,1,0,0,0,3,0.033333333,0,0,0,0,0,0,0,0,0,0,8,15,0
199780,7,148039,1,7,2,3,0,1,0,2,1,18,0.033333333,0,0,0,0,0,0,0,0,0,0,6,7,0
199781,3,148039,1,3,3,0,0,0,0,0,0,18,0.033333333,0,0,0,0,0,0,0,0,0,0,3,3,0
199787,77,221833,10,7,4,1,0,1,0,1,1,58,0.033333333,0,0,0,0,0,0,0,0,0,0,7,7,0
199798,11,652701,1,11,2,2,0,1,1,0,0,3,0.033333333,0,0,0,0,0,0,0,0,0,0,5,11,0
199811,6,156596,1,6,2,2,0,1,0,1,1,224,0.033333333,0,0,0,6,0,0,0,0,0,0,5,6,0
199813,9,652701,1,9,2,3,0,2,0,0,0,3,0.033333333,0,0,0,0,0,0,0,0,0,0,5,9,0
199828,3,652701,2,1,1,0,0,0,0,0,0,3,0.033333333,0,0,0,0,0,0,0,0,0,0,1,1,0
199829,171,652701,3,1,1,0,0,0,0,0,0,3,0.033333333,0,0,0,0,0,0,0,0,0,0,1,1,0
199832,1,208752,1,1,1,0,0,0,0,0,0,24,0.033333333,0,0,0,0,0,0,0,0,0,1,1,1,0
199847,2,652701,1,2,2,0,0,0,0,0,0,3,0.033333333,0,0,0,0,0,0,0,0,0,0,2,2,0
199851,37,652701,1,37,9,4,10,2,0,0,0,3,0.033333333,0,0,0,0,0,0,0,0,0,0,10,37,0
199852,23,156596,1,23,2,5,0,4,0,13,3,224,0.033333333,0,0,0,23,0,0,0,0,0,0,10,23,0
199858,1,156596,1,1,1,0,0,0,0,0,0,224,0.033333333,0,0,0,1,0,0,0,0,0,0,1,1,0
199867,12,156596,1,12,2,5,0,3,0,2,2,224,0.033333333,0,0,0,12,0,0,0,0,0,0,8,12,0
199879,59,652701,1,59,7,8,22,5,4,0,0,3,0.033333333,0,0,0,0,0,0,0,0,0,0,10,59,0
199888,21,148039,2,6,2,2,0,1,0,1,1,18,0.033333333,0,0,0,0,0,0,0,0,0,0,5,6,0
199897,120,652701,2,21,5,5,0,1,2,0,0,3,0.033333333,0,0,0,0,0,0,0,0,0,0,7,21,0
199899,8,652701,1,8,4,2,0,1,0,0,0,3,0.033333333,0,0,0,0,0,0,0,0,0,0,5,8,0
199934,61,156596,2,5,2,2,0,1,0,1,0,224,0.033333333,0,0,0,5,0,0,0,0,0,0,4,5,0
199942,18,148039,2,1,1,0,0,0,0,0,0,18,0.033333333,0,0,0,0,0,0,0,0,0,0,1,1,0
199944,517,148039,2,1,1,0,0,0,0,0,0,18,0.033333333,0,0,0,0,0,0,0,0,0,0,1,1,0
199959,1,652701,1,1,1,0,0,0,0,0,0,3,0.033333333,0,0,0,0,0,0,0,0,0,0,1,1,0
199963,455,652701,2,55,10,9,14,6,2,0,0,3,0.033333333,0,0,0,0,0,0,0,0,0,0,10,55,0
199975,18,652701,1,18,11,2,0,1,0,0,0,3,0.033333333,0,0,0,0,0,0,0,0,0,0,5,18,0
199979,10,41550,1,10,3,4,0,3,0,3,0,21,0.033333333,0,0,0,0,0,0,0,0,0,0,5,10,0
200012,1,652701,1,1,1,0,0,0,0,0,0,3,0.033333333,0,0,0,0,0,0,0,0,0,0,1,1,0
200014,151,652701,2,1,1,0,0,0,0,0,0,3,0.033333333,0,0,0,0,0,0,0,0,0,0,1,1,0
200024,1,652701,1,1,1,0,0,0,0,0,0,3,0.033333333,0,0,0,0,0,0,0,0,0,0,1,1,0
200031,272,652701,2,1,1,0,0,0,0,0,0,3,0.033333333,0,0,0,0,0,0,0,0,0,0,1,1,0
200032,7,652701,1,7,4,2,0,0,0,0,0,3,0.033333333,0,0,0,0,0,0,0,0,0,0,5,7,0
200035,23,652701,1,23,6,7,0,3,1,0,0,3,0.033333333,0,0,0,0,0,0,0,0,0,0,8,23,0
200050,44,652701,2,36,8,12,2,5,1,0,0,3,0.033333333,0,0,0,0,0,0,0,0,0,0,8,36,0
200057,29,652701,2,6,1,3,0,1,0,0,0,3,0.033333333,0,0,0,0,0,0,0,0,0,0,4,6,0
200059,37,652701,2,12,1,2,2,1,0,0,0,3,0.033333333,0,0,0,0,0,0,0,0,0,0,5,12,0
200068,2,38356,2,1,1,0,0,0,0,0,0,65,0.033333333,0,0,0,0,0,0,0,0,1,0,1,1,0
200089,1,652701,1,1,1,0,0,0,0,0,0,3,0.033333333,0,0,0,0,0,0,0,0,0,0,1,1,0
200090,13,652701,1,13,3,5,0,3,0,0,0,3,0.033333333,0,0,0,0,0,0,0,0,0,0,10,13,0
200093,3,652701,1,3,3,0,0,0,0,0,0,3,0.033333333,0,0,0,0,0,0,0,0,0,0,1,3,0
200104,1,38356,1,1,1,0,0,0,0,0,0,65,0.033333333,0,0,0,0,0,0,0,0,1,0,1,1,0
200122,49,652701,1,49,10,11,6,0,4,0,0,3,0.033333333,0,0,0,0,0,0,0,0,0,0,12,49,0
200124,2,652701,1,2,2,0,0,0,0,0,0,3,0.033333333,0,0,0,0,0,0,0,0,0,0,2,2,0
200131,8,221833,1,8,4,2,0,1,0,1,1,58,0.033333333,0,0,0,0,0,0,0,0,0,0,6,8,0
200132,6,38356,1,6,2,2,0,1,0,1,1,65,0.033333333,0,0,0,0,0,0,0,0,6,0,5,6,0
200138,21,156596,1,21,2,3,3,2,0,9,2,224,0.033333333,0,0,0,0,21,0,0,0,0,0,9,21,0
200148,1,652701,1,1,1,0,0,0,0,0,0,3,0.033333333,0,0,0,0,0,0,0,0,0,0,1,1,0
200149,110,148039,3,1,1,0,0,0,0,0,0,18,0.033333333,0,0,0,0,0,0,0,0,0,0,1,1,0
200151,39,652701,2,30,1,10,0,2,0,0,0,3,0.033333333,0,0,0,0,0,0,0,0,0,0,7,30,0
200165,2,74042,1,2,2,0,0,0,0,0,0,27,0.033333333,0,0,0,0,0,0,0,0,0,0,2,2,0
200182,11,74042,2,1,1,0,0,0,0,0,0,27,0.033333333,0,0,0,0,0,0,0,0,0,0,1,1,0
200213,13,652701,1,13,3,3,0,2,0,0,0,3,0.033333333,0,0,0,0,0,0,0,0,0,0,6,13,0
200215,12,41550,2,5,5,0,0,0,0,0,0,21,0.033333333,0,0,0,0,0,0,0,0,0,0,2,5,0
200216,12,195289,2,7,2,2,0,1,1,1,1,105,0.033333333,0,0,0,0,0,0,0,0,7,0,5,7,0
200219,11,652701,1,11,7,2,0,1,0,0,0,3,0.033333333,0,0,0,0,0,0,0,0,0,0,7,11,0
200223,40,652701,1,40,6,5,13,3,2,0,0,3,0.033333333,0,0,0,0,0,0,0,0,0,0,9,40,0
200224,7,652701,1,7,3,2,0,1,0,0,0,3,0.033333333,0,0,0,0,0,0,0,0,0,0,5,7,0
200227,30,221833,2,16,2,6,0,5,0,6,2,58,0.033333333,0,0,0,0,0,0,0,0,0,0,10,16,0
200229,16,652701,1,16,4,6,0,4,0,0,0,3,0.033333333,0,0,0,0,0,0,0,0,0,0,6,16,0
200235,1,652701,1,1,1,0,0,0,0,0,0,3,0.033333333,0,0,0,0,0,0,0,0,0,0,1,1,0
200253,3,195289,1,3,3,0,0,0,0,0,0,105,0.033333333,0,0,0,0,0,0,0,0,0,3,2,3,0
200259,1,208752,1,1,1,0,0,0,0,0,0,24,0.033333333,0,0,0,0,0,0,0,0,1,0,1,1,0
200263,34,221833,1,34,3,15,0,9,0,12,5,58,0.033333333,0,0,0,0,0,0,0,0,0,0,12,34,0
200274,8,148039,1,8,1,3,0,2,0,2,2,18,0.033333333,0,0,0,0,0,0,0,0,0,0,6,8,0
200279,4,148039,1,4,1,2,0,1,0,1,0,18,0.033333333,0,0,0,0,0,0,0,0,0,0,3,4,0
200294,5,41550,2,3,3,0,0,0,0,0,0,21,0.033333333,0,0,0,0,0,0,0,0,0,0,3,3,0
200298,351,652701,3,1,1,0,0,0,0,0,0,3,0.033333333,0,0,0,0,0,0,0,0,0,0,1,1,0
200299,332,652701,3,11,3,3,0,2,0,0,0,3,0.033333333,0,0,0,0,0,0,0,0,0,0,5,11,0
200301,7,652701,1,7,3,2,0,1,0,0,0,3,0.033333333,0,0,0,0,0,0,0,0,0,0,6,7,0
200303,25,652701,1,25,3,3,11,2,0,0,0,3,0.033333333,0,0,0,0,0,0,0,0,0,0,7,25,0
200306,1,652701,1,1,1,0,0,0,0,0,0,3,0.033333333,0,0,0,0,0,0,0,0,0,0,1,1,0
200308,24,652701,1,24,4,2,15,1,0,0,0,3,0.033333333,0,0,0,0,0,0,0,0,0,0,7,24,0
200322,14,156596,1,14,4,5,0,3,0,2,2,224,0.033333333,0,0,0,0,0,0,0,0,0,0,8,14,0
200324,5,652701,1,5,4,0,0,0,0,0,0,3,0.033333333,0,0,0,0,0,0,0,0,0,0,5,5,0
200331,36,652701,1,36,6,5,10,3,5,0,0,3,0.033333333,0,0,0,0,0,0,0,0,0,0,8,36,0
200342,2,156596,1,2,2,0,0,0,0,0,0,224,0.033333333,0,0,0,0,0,0,0,0,0,0,1,2,0
200356,3,652701,1,3,3,0,0,0,0,0,0,3,0.033333333,0,0,0,0,0,0,0,0,0,0,3,3,0
200382,21,208752,1,21,3,6,0,5,2,5,5,24,0.033333333,0,0,0,0,0,0,0,0,21,0,9,21,0
200392,2,652701,1,2,2,0,0,0,0,0,0,3,0.033333333,0,0,0,0,0,0,0,0,0,0,2,2,0
200394,31,652701,1,31,9,4,3,2,9,0,0,3,0.033333333,0,0,0,0,0,0,0,0,0,0,10,31,0
200418,19,652701,1,19,5,5,0,1,0,0,0,3,0.033333333,0,0,0,0,0,0,0,0,0,0,7,19,0
200419,82,652701,2,67,19,12,0,5,16,0,0,3,0.033333333,0,0,0,0,0,0,0,0,0,0,9,67,0
200452,1,41550,1,1,1,0,0,0,0,0,0,21,0.033333333,0,0,0,0,0,0,0,0,0,0,1,1,0
200475,2,221833,2,1,1,0,0,0,0,0,0,58,0.033333333,0,0,0,0,0,0,0,0,0,0,1,1,0
200476,75,652701,2,74,17,13,1,8,10,0,0,3,0.033333333,0,0,0,0,0,0,0,0,0,0,10,74,0
200482,8,652701,1,8,4,2,0,1,0,0,0,3,0.033333333,0,0,0,0,0,0,0,0,0,0,5,8,0
200483,8,38356,1,8,2,2,0,1,0,2,2,65,0.033333333,0,0,0,0,0,0,8,0,0,0,6,8,0
200484,48,652701,1,48,6,9,18,6,0,0,0,3,0.033333333,0,0,0,0,0,0,0,0,0,0,8,48,0
200497,7,195289,1,7,3,2,0,1,0,1,1,105,0.033333333,0,0,0,0,0,0,0,0,0,7,5,7,0
200503,9,652701,1,9,2,3,0,2,0,0,0,3,0.033333333,0,0,0,0,0,0,0,0,0,0,5,9,0
200507,84,148039,5,61,11,17,6,12,5,15,1,18,0.033333333,0,0,0,0,0,0,0,0,0,0,17,61,0
200509,5,652701,1,5,2,3,0,0,0,0,0,3,0.033333333,0,0,0,0,0,0,0,0,0,0,4,5,0
200535,13,652701,2,8,5,3,0,0,0,0,0,3,0.033333333,0,0,0,0,0,0,0,0,0,0,6,8,0
200562,1696,41550,11,1,1,0,0,0,0,0,0,21,0.033333333,0,0,0,0,0,0,0,0,0,0,1,1,0
200566,3,652701,1,3,3,0,0,0,0,0,0,3,0.033333333,0,0,0,0,0,0,0,0,0,0,2,3,0
200572,33,652701,1,33,9,5,2,1,2,0,0,3,0.033333333,0,0,0,0,0,0,0,0,0,0,9,33,0
200575,21,195289,1,21,10,4,0,3,0,3,3,105,0.033333333,0,0,0,0,0,0,0,0,0,21,9,21,0
200601,160,38356,3,8,1,2,0,1,0,3,2,65,0.033333333,0,0,0,0,0,0,8,0,0,0,5,8,0
200610,22,652701,1,22,6,5,4,3,0,0,0,3,0.033333333,0,0,0,0,0,0,0,0,0,0,7,22,0
200617,5,652701,1,5,2,2,0,0,0,0,0,3,0.033333333,0,0,0,0,0,0,0,0,0,0,5,5,0
200622,284,221833,3,44,5,8,0,7,0,24,6,58,0.033333333,0,0,0,0,0,0,0,0,0,0,19,44,0
200631,41,221833,5,6,2,2,0,1,0,1,1,58,0.033333333,0,0,0,0,0,0,0,0,0,0,5,6,0
200639,2,195289,2,1,1,0,0,0,0,0,0,105,0.033333333,0,0,0,0,0,0,0,0,0,1,1,1,0
200644,37,652701,1,37,5,20,0,9,0,0,0,3,0.033333333,0,0,0,0,0,0,0,0,0,0,8,37,0
200646,6,41550,2,1,1,0,0,0,0,0,0,21,0.033333333,0,0,0,0,0,0,0,0,0,0,1,1,0
200649,27,148039,2,1,1,0,0,0,0,0,0,18,0.033333333,0,0,0,0,0,0,0,0,0,0,1,1,0
200654,27,652701,2,26,7,8,0,5,1,0,0,3,0.033333333,0,0,0,0,0,0,0,0,0,0,8,26,0
200659,68,208752,2,1,1,0,0,0,0,0,0,24,0.033333333,0,0,0,0,0,0,0,0,1,0,1,1,0
200673,42,652701,1,42,12,7,4,4,1,0,0,3,0.033333333,0,0,0,0,0,0,0,0,0,0,10,42,0
200692,2,195289,1,2,2,0,0,0,0,0,0,105,0.033333333,0,0,0,0,0,0,0,0,0,2,1,2,0
200693,30,156596,3,5,2,1,0,1,0,1,1,224,0.033333333,0,0,5,0,0,0,0,0,0,0,5,5,0
200699,15,156596,1,15,4,5,0,3,2,3,0,224,0.033333333,0,0,15,0,0,0,0,0,0,0,6,15,0
200713,9,652701,1,9,2,4,0,2,0,0,0,3,0.033333333,0,0,0,0,0,0,0,0,0,0,6,9,0
200716,24,652701,1,24,5,8,0,5,0,0,0,3,0.033333333,0,0,0,0,0,0,0,0,0,0,7,24,0
200717,9,148039,1,9,2,3,0,2,0,2,2,18,0.033333333,0,0,0,0,0,0,0,0,0,0,7,9,0
200720,34,195289,3,1,1,0,0,0,0,0,0,105,0.033333333,0,0,0,0,0,0,0,0,0,1,1,1,0
200731,9,195289,1,9,2,4,0,2,0,3,1,105,0.033333333,0,0,0,0,0,0,0,0,0,9,7,9,0
200747,39,652701,1,39,7,8,8,5,2,0,0,3,0.033333333,0,0,0,0,0,0,0,0,0,0,9,39,0
200748,27,652701,1,27,8,3,1,2,3,0,0,3,0.033333333,0,0,0,0,0,0,0,0,0,0,9,27,0
200750,8,652701,1,8,1,2,0,0,0,0,0,3,0.033333333,0,0,0,0,0,0,0,0,0,0,4,8,0
200753,1195,195289,11,1,1,0,0,0,0,0,0,105,0.033333333,0,0,0,0,0,0,0,0,0,1,1,1,0
200755,1,41550,1,1,1,0,0,0,0,0,0,21,0.033333333,0,0,0,0,0,0,0,0,0,0,1,1,0
200759,655,38356,11,3,3,0,0,0,0,0,0,65,0.033333333,0,0,0,0,0,0,3,0,0,0,1,3,0
200762,270,652701,3,5,1,3,0,1,0,0,0,3,0.033333333,0,0,0,0,0,0,0,0,0,0,3,5,0
200772,54,652701,2,9,5,2,0,1,1,0,0,3,0.033333333,0,0,0,0,0,0,0,0,0,0,5,9,0
200775,13,148039,1,13,2,5,0,2,0,4,4,18,0.066666667,0,0,0,0,0,0,0,0,0,0,9,4,9
200777,2,21216,2,1,1,0,0,0,0,0,0,19,0.033333333,0,0,0,0,0,0,0,0,0,0,1,1,0
200778,1,21560,1,1,1,0,0,0,0,0,0,9,0.033333333,0,0,0,0,0,0,0,1,0,0,1,1,0
200781,9,148500,1,9,1,7,0,1,0,6,0,29,0.033333333,0,0,0,0,9,0,0,0,0,0,8,9,0
200790,1,21560,1,1,1,0,0,0,0,0,0,9,0.033333333,0,0,0,0,0,0,0,1,0,0,1,1,0
200791,1,148500,1,1,1,0,0,0,0,0,0,29,0.033333333,0,0,0,0,1,0,0,0,0,0,1,1,0
200796,47,21216,2,2,2,0,0,0,0,0,0,19,0.033333333,0,0,0,0,0,0,0,0,0,0,2,2,0
200810,2,21216,1,2,2,0,0,0,0,0,0,19,0.033333333,0,0,0,0,0,0,0,0,0,0,2,2,0
200828,4,21216,2,2,2,0,0,0,0,0,0,19,0.033333333,0,0,0,0,0,0,0,0,0,0,2,2,0
200830,8,41550,1,8,2,4,0,2,0,3,0,21,0.033333333,0,0,0,0,0,0,0,8,0,0,6,8,0
200848,1,41550,1,1,1,0,0,0,0,0,0,21,0.033333333,0,0,0,0,0,0,0,1,0,0,1,1,0
200849,2,41550,1,2,2,0,0,0,0,0,0,21,0.033333333,0,0,0,0,0,0,0,2,0,0,2,2,0
200859,2,41550,1,2,2,0,0,0,0,0,0,21,0.033333333,0,0,0,0,0,0,0,2,0,0,2,2,0
200883,5,41550,1,5,2,2,0,1,0,1,0,21,0.033333333,0,0,0,0,0,0,0,0,5,0,4,5,0
200887,7,21216,1,7,2,3,0,1,0,2,1,19,0.033333333,0,0,0,0,0,0,0,0,0,0,5,7,0
200889,1,21216,1,1,1,0,0,0,0,0,0,19,0.033333333,0,0,0,0,0,0,0,0,0,0,1,1,0
200905,1,21216,1,1,1,0,0,0,0,0,0,19,0.033333333,0,0,0,0,0,0,0,0,0,0,1,1,0